# Migration is number of nodes that have changed color.

Round		Edge-Cut		Swaps		Migrations		Skipped
0		8941		4272		3155
1		8241		8107		3246
2		7535		11549		3337
3		7141		14641		3318
4		6801		17628		3304
5		6487		20414		3338
6		6147		23031		3408
7		5877		25494		3389
8		5625		27779		3407
9		5327		29959		3371
10		5108		31994		3399
11		4900		33957		3397
12		4761		35723		3374
13		4593		37524		3432
14		4515		39241		3413
15		4410		40987		3397
16		4280		42647		3404
17		4107		44163		3415
18		4019		45700		3390
19		3945		47169		3419
20		3825		48552		3394
21		3706		49886		3400
22		3702		51249		3429
23		3651		52568		3441
24		3571		53879		3434
25		3475		55107		3412
26		3417		56300		3425
27		3328		57468		3434
28		3325		58635		3431
29		3231		59791		3435
30		3141		60832		3423
31		3127		61908		3434
32		3100		62965		3439
33		3054		64092		3428
34		3044		65096		3420
35		2937		66125		3465
36		2886		67113		3448
37		2867		68067		3477
38		2874		69042		3434
39		2871		70064		3445
40		2838		71096		3436
41		2812		72117		3436
42		2770		73174		3440
43		2677		74147		3477
44		2676		75102		3447
45		2646		76060		3453
46		2671		76972		3439
47		2636		77934		3460
48		2578		78842		3467
49		2527		79734		3483
50		2495		80580		3464
51		2501		81422		3445
52		2470		82311		3459
53		2486		83211		3463
54		2500		84061		3470
55		2471		84935		3458
56		2411		85778		3471
57		2444		86600		3463
58		2443		87511		3457
59		2434		88299		3439
60		2408		89155		3453
61		2398		89983		3452
62		2363		90845		3457
63		2331		91642		3473
64		2346		92551		3474
65		2268		93484		3485
66		2257		94278		3459
67		2190		95014		3463
68		2181		95761		3456
69		2226		96534		3466
70		2198		97372		3459
71		2190		98139		3450
72		2188		98971		3455
73		2177		99712		3464
74		2209		100521		3451
75		2183		101370		3459
76		2203		102208		3450
77		2187		102989		3424
78		2146		103736		3433
79		2159		104519		3466
80		2128		105228		3455
81		2126		105911		3446
82		2161		106686		3457
83		2149		107434		3459
84		2129		108131		3486
85		2112		108861		3479
86		2127		109620		3456
87		2129		110448		3450
88		2097		111173		3477
89		2065		111910		3459
90		2065		112652		3476
91		2035		113408		3452
92		2051		114173		3460
93		2040		114858		3459
94		2040		115616		3462
95		1971		116301		3474
96		1982		116984		3451
97		1968		117684		3466
98		1935		118389		3474
99		1903		119059		3462
100		1912		119780		3469
101		1851		120378		3462
102		1840		121058		3468
103		1867		121761		3439
104		1847		122376		3451
105		1879		123008		3439
106		1847		123629		3443
107		1818		124239		3472
108		1829		124840		3461
109		1848		125459		3455
110		1846		126098		3466
111		1825		126775		3453
112		1844		127442		3458
113		1821		128060		3450
114		1835		128702		3463
115		1856		129407		3453
116		1875		130029		3466
117		1899		130743		3453
118		1876		131458		3474
119		1854		132185		3469
120		1879		132839		3491
121		1871		133531		3467
122		1848		134187		3489
123		1901		134869		3488
124		1865		135495		3481
125		1882		136116		3476
126		1833		136770		3459
127		1846		137493		3485
128		1847		138160		3492
129		1833		138810		3487
130		1840		139471		3493
131		1854		140120		3503
132		1830		140708		3484
133		1807		141341		3479
134		1796		141971		3497
135		1803		142652		3494
136		1849		143361		3492
137		1804		144013		3496
138		1855		144667		3511
139		1850		145394		3491
140		1841		146066		3500
141		1786		146756		3475
142		1757		147387		3480
143		1807		148030		3495
144		1791		148686		3507
145		1799		149292		3518
146		1810		149935		3482
147		1815		150610		3494
148		1795		151249		3521
149		1806		151911		3507
150		1807		152563		3500
151		1813		153184		3514
152		1787		153880		3489
153		1760		154487		3503
154		1750		155148		3488
155		1772		155812		3483
156		1750		156414		3500
157		1776		157017		3487
158		1762		157613		3498
159		1790		158310		3479
160		1773		159109		3516
161		1733		159854		3499
162		1663		160502		3517
163		1645		161042		3509
164		1677		161606		3502
165		1686		162183		3496
166		1678		162797		3501
167		1684		163434		3497
168		1671		164021		3486
169		1633		164601		3486
170		1634		165181		3505
171		1609		165762		3503
172		1611		166330		3516
173		1579		166815		3498
174		1585		167371		3502
175		1579		167912		3514
176		1578		168411		3518
177		1563		168889		3488
178		1586		169401		3491
179		1615		169922		3483
180		1604		170414		3493
181		1581		170918		3483
182		1613		171521		3494
183		1643		172101		3497
184		1611		172647		3508
185		1613		173195		3508
186		1607		173678		3500
187		1607		174208		3507
188		1643		174765		3510
189		1614		175368		3513
190		1649		175979		3499
191		1672		176669		3513
192		1636		177305		3503
193		1617		177931		3494
194		1663		178542		3485
195		1643		179150		3507
196		1660		179770		3494
197		1614		180347		3483
198		1592		180911		3513
199		1622		181535		3509
200		1583		182112		3512
201		1646		182704		3503
202		1617		183253		3507
203		1599		183885		3506
204		1606		184521		3507
205		1632		185133		3502
206		1560		185687		3509
207		1560		186201		3489
208		1586		186721		3505
209		1577		187261		3510
210		1575		187790		3518
211		1588		188342		3507
212		1579		188841		3503
213		1578		189414		3495
214		1560		190006		3494
215		1568		190576		3487
216		1581		191187		3509
217		1554		191793		3495
218		1567		192465		3495
219		1579		193104		3493
220		1567		193704		3497
221		1559		194227		3527
222		1554		194778		3501
223		1542		195291		3507
224		1564		195892		3500
225		1533		196425		3499
226		1541		197035		3489
227		1539		197604		3482
228		1571		198172		3481
229		1601		198763		3482
230		1594		199332		3484
231		1591		199871		3486
232		1629		200479		3521
233		1631		201073		3504
234		1627		201652		3491
235		1633		202234		3510
236		1682		202924		3501
237		1671		203546		3488
238		1688		204197		3491
239		1682		204878		3480
240		1726		205517		3480
241		1695		206126		3496
242		1664		206798		3486
243		1702		207468		3474
244		1680		208195		3488
245		1627		208873		3508
246		1608		209518		3502
247		1599		210133		3478
248		1592		210727		3501
249		1560		211283		3501
250		1537		211866		3484
251		1543		212465		3496
252		1523		213049		3494
253		1542		213595		3502
254		1501		214211		3487
255		1500		214719		3489
256		1476		215343		3494
257		1514		215927		3498
258		1549		216473		3479
259		1551		217002		3485
260		1539		217589		3500
261		1564		218187		3490
262		1561		218927		3487
263		1584		219526		3506
264		1583		220129		3490
265		1556		220688		3502
266		1517		221280		3486
267		1536		221836		3503
268		1527		222445		3480
269		1548		223079		3504
270		1562		223656		3487
271		1546		224239		3498
272		1536		224756		3481
273		1553		225333		3493
274		1570		225899		3506
275		1535		226518		3505
276		1551		227113		3506
277		1556		227779		3497
278		1569		228398		3521
279		1544		229006		3525
280		1553		229647		3517
281		1531		230301		3519
282		1496		230888		3518
283		1516		231490		3521
284		1534		232071		3521
285		1533		232655		3509
286		1509		233207		3499
287		1487		233790		3486
288		1489		234382		3500
289		1461		234976		3506
290		1504		235594		3506
291		1453		236124		3524
292		1447		236694		3500
293		1427		237209		3505
294		1437		237815		3500
295		1430		238386		3526
296		1437		238963		3524
297		1432		239416		3525
298		1425		239984		3529
299		1407		240523		3527
300		1386		241041		3506
301		1390		241544		3504
302		1392		242048		3519
303		1383		242584		3516
304		1373		243059		3516
305		1378		243499		3493
306		1410		244072		3514
307		1416		244567		3529
308		1391		245071		3512
309		1406		245569		3518
310		1424		246109		3526
311		1412		246638		3527
312		1393		247198		3497
313		1457		247718		3510
314		1403		248213		3522
315		1414		248854		3503
316		1404		249335		3518
317		1395		249880		3504
318		1421		250405		3520
319		1380		250966		3532
320		1339		251457		3506
321		1357		252009		3530
322		1388		252558		3525
323		1369		253055		3510
324		1412		253606		3518
325		1399		254167		3532
326		1376		254671		3552
327		1379		255157		3525
328		1382		255650		3525
329		1351		256102		3523
330		1345		256627		3517
331		1334		257055		3511
332		1331		257496		3516
333		1324		257940		3521
334		1340		258417		3515
335		1363		258945		3515
336		1342		259437		3508
337		1363		259955		3516
338		1354		260550		3508
339		1322		261077		3509
340		1334		261603		3503
341		1341		262090		3521
342		1353		262592		3517
343		1383		263087		3518
344		1375		263579		3509
345		1360		264070		3492
346		1347		264605		3507
347		1316		265082		3494
348		1319		265541		3499
349		1316		266000		3480
350		1327		266495		3477
351		1331		267038		3503
352		1335		267549		3513
353		1346		268066		3501
354		1338		268550		3509
355		1333		269072		3505
356		1303		269566		3497
357		1314		270141		3486
358		1310		270615		3497
359		1304		271135		3482
360		1352		271703		3513
361		1358		272203		3510
362		1365		272724		3496
363		1337		273215		3491
364		1346		273761		3498
365		1335		274252		3497
366		1337		274762		3499
367		1329		275305		3493
368		1365		275810		3484
369		1343		276311		3483
370		1345		276865		3498
371		1345		277381		3501
372		1328		277886		3503
373		1360		278367		3505
374		1350		278870		3508
375		1363		279367		3514
376		1346		279912		3498
377		1346		280466		3499
378		1342		280982		3501
379		1319		281506		3509
380		1350		282036		3514
381		1347		282481		3514
382		1369		283000		3498
383		1405		283546		3511
384		1399		284163		3515
385		1428		284827		3523
386		1409		285465		3507
387		1408		286039		3513
388		1398		286657		3502
389		1346		287287		3526
390		1337		287797		3503
391		1342		288328		3500
392		1351		288788		3493
393		1379		289376		3504
394		1355		289905		3516
395		1320		290413		3521
396		1332		290864		3517
397		1331		291322		3507
398		1357		291872		3532
399		1349		292417		3531
400		1346		292973		3520
401		1371		293611		3516
402		1368		294163		3514
403		1314		294716		3531
404		1329		295240		3513
405		1305		295734		3512
406		1286		296204		3509
407		1309		296688		3526
408		1296		297201		3547
409		1298		297708		3519
410		1300		298168		3542
411		1316		298646		3513
412		1305		299093		3533
413		1288		299548		3514
414		1286		300027		3503
415		1310		300490		3513
416		1318		300977		3522
417		1350		301554		3543
418		1341		302117		3515
419		1327		302606		3508
420		1302		303120		3492
421		1302		303672		3514
422		1299		304178		3521
423		1321		304718		3517
424		1294		305212		3520
425		1293		305717		3516
426		1313		306225		3512
427		1312		306683		3506
428		1348		307223		3520
429		1369		307767		3517
430		1356		308288		3531
431		1346		308920		3529
432		1323		309466		3514
433		1364		309963		3523
434		1357		310564		3541
435		1341		311131		3520
436		1287		311692		3522
437		1313		312240		3513
438		1301		312761		3512
439		1291		313350		3510
440		1296		313855		3509
441		1272		314375		3521
442		1240		314882		3503
443		1233		315435		3518
444		1208		315872		3513
445		1235		316309		3517
446		1239		316786		3522
447		1232		317257		3504
448		1231		317716		3514
449		1215		318257		3519
450		1185		318727		3507
451		1180		319141		3520
452		1195		319527		3518
453		1204		319953		3520
454		1205		320403		3527
455		1195		320817		3525
456		1195		321262		3525
457		1189		321644		3523
458		1202		322064		3533
459		1204		322493		3538
460		1189		322959		3538
461		1217		323479		3529
462		1203		323974		3519
463		1231		324456		3504
464		1262		324944		3509
465		1268		325455		3520
466		1284		325963		3522
467		1275		326530		3501
468		1273		327029		3500
469		1253		327560		3504
470		1233		328015		3518
471		1233		328454		3507
472		1246		328918		3508
473		1253		329428		3500
474		1225		329888		3512
475		1200		330336		3505
476		1179		330788		3512
477		1159		331197		3514
478		1159		331656		3508
479		1147		332066		3520
480		1159		332534		3508
481		1154		332928		3515
482		1154		333298		3512
483		1157		333708		3508
484		1156		334165		3517
485		1160		334591		3522
486		1183		335032		3523
487		1167		335500		3525
488		1201		335956		3510
489		1195		336465		3524
490		1205		336937		3522
491		1203		337397		3525
492		1175		337891		3515
493		1170		338357		3515
494		1178		338849		3522
495		1179		339383		3518
496		1171		339869		3522
497		1170		340330		3514
498		1179		340829		3516
499		1191		341389		3518
500		1176		341897		3522
501		1147		342389		3505
502		1136		342824		3520
503		1125		343317		3527
504		1180		343815		3513
505		1166		344272		3504
506		1201		344808		3513
507		1171		345334		3510
508		1174		345784		3504
509		1155		346242		3502
510		1115		346703		3511
511		1148		347150		3514
512		1143		347651		3508
513		1160		348084		3506
514		1153		348554		3518
515		1168		349044		3504
516		1199		349597		3497
517		1151		350132		3517
518		1174		350636		3510
519		1153		351089		3496
520		1159		351568		3496
521		1158		352027		3520
522		1095		352419		3534
523		1130		352853		3531
524		1112		353323		3522
525		1103		353782		3505
526		1105		354239		3514
527		1129		354722		3522
528		1113		355191		3523
529		1082		355635		3522
530		1094		356089		3518
531		1090		356584		3537
532		1085		357009		3529
533		1064		357425		3535
534		1071		357805		3524
535		1084		358253		3523
536		1050		358664		3542
537		1038		359067		3539
538		1074		359551		3534
539		1080		359997		3536
540		1073		360411		3527
541		1127		360875		3528
542		1095		361352		3524
543		1100		361809		3521
544		1101		362238		3527
545		1099		362656		3515
546		1088		363071		3527
547		1143		363574		3513
548		1155		364146		3536
549		1138		364625		3517
550		1109		365084		3525
551		1163		365572		3529
552		1172		366183		3518
553		1140		366643		3510
554		1150		367193		3499
555		1158		367647		3512
556		1157		368103		3513
557		1155		368572		3505
558		1130		369084		3522
559		1158		369545		3520
560		1147		370007		3517
561		1153		370495		3500
562		1156		371039		3522
563		1152		371584		3523
564		1124		372098		3513
565		1149		372596		3491
566		1154		373161		3507
567		1109		373736		3506
568		1082		374157		3514
569		1103		374645		3523
570		1121		375116		3528
571		1109		375645		3514
572		1099		376104		3523
573		1102		376582		3514
574		1110		377055		3502
575		1093		377571		3501
576		1114		378056		3520
577		1094		378500		3528
578		1107		378922		3509
579		1140		379388		3501
580		1164		379901		3520
581		1133		380452		3497
582		1130		380949		3522
583		1091		381374		3511
584		1102		381801		3525
585		1115		382249		3523
586		1088		382676		3514
587		1082		383099		3516
588		1070		383488		3512
589		1057		383888		3515
590		1047		384246		3522
591		1046		384593		3509
592		1050		384982		3514
593		1017		385391		3515
594		1067		385796		3513
595		1032		386163		3515
596		1008		386595		3526
597		999		387004		3524
598		1002		387366		3521
599		1027		387725		3522
600		1029		388097		3528
601		1049		388460		3534
602		1032		388854		3533
603		1061		389245		3529
604		1073		389702		3524
605		1076		390171		3524
606		1091		390570		3533
607		1080		390989		3535
608		1055		391434		3527
609		1059		391834		3527
610		1033		392244		3518
611		1048		392667		3524
612		1036		393083		3537
613		1061		393527		3535
614		1056		393943		3547
615		1069		394394		3528
616		1054		394805		3537
617		1068		395228		3525
618		1056		395657		3544
619		1093		396014		3518
620		1102		396527		3540
621		1091		396953		3528
622		1098		397406		3530
623		1105		397899		3535
624		1085		398320		3525
625		1105		398743		3541
626		1068		399196		3536
627		1070		399673		3533
628		1071		400127		3540
629		1069		400544		3543
630		1053		400965		3544
631		1044		401370		3542
632		1045		401758		3548
633		1028		402129		3568
634		1019		402540		3551
635		1018		402924		3542
636		1028		403318		3547
637		1033		403710		3535
638		1034		404118		3539
639		1046		404498		3535
640		1058		404876		3529
641		1048		405245		3541
642		1035		405655		3517
643		1043		406044		3534
644		1050		406466		3520
645		1045		406879		3526
646		1040		407342		3538
647		1054		407827		3526
648		1049		408276		3532
649		1074		408759		3536
650		1059		409218		3519
651		1057		409612		3534
652		1054		410089		3529
653		1091		410594		3517
654		1077		411042		3515
655		1087		411536		3532
656		1105		411993		3524
657		1131		412434		3528
658		1105		412925		3530
659		1131		413421		3527
660		1127		413891		3526
661		1136		414367		3519
662		1102		414912		3528
663		1081		415354		3523
664		1113		415802		3535
665		1098		416286		3529
666		1106		416758		3535
667		1119		417269		3522
668		1102		417734		3530
669		1112		418215		3547
670		1129		418713		3530
671		1129		419219		3514
672		1085		419706		3529
673		1081		420131		3523
674		1084		420615		3539
675		1124		421147		3542
676		1120		421621		3544
677		1097		422076		3541
678		1058		422633		3525
679		1053		423069		3524
680		1056		423504		3527
681		1029		423912		3524
682		1043		424265		3538
683		1051		424696		3535
684		1054		425147		3550
685		1064		425590		3547
686		1072		426041		3532
687		1068		426448		3522
688		1074		426937		3538
689		1072		427440		3535
690		1045		427833		3525
691		1042		428323		3554
692		1026		428737		3547
693		1020		429115		3543
694		1073		429518		3529
695		1068		429967		3544
696		1064		430406		3558
697		1058		430808		3538
698		1044		431207		3546
699		1067		431622		3543
700		1088		432058		3537
701		1102		432504		3524
702		1127		432960		3523
703		1079		433378		3534
704		1071		433780		3553
705		1055		434215		3544
706		1065		434643		3532
707		1041		435053		3534
708		1045		435372		3526
709		1041		435792		3533
710		1058		436210		3543
711		1053		436631		3527
712		1046		437002		3528
713		1000		437348		3545
714		1004		437741		3530
715		1020		438132		3520
716		1012		438491		3526
717		988		438832		3533
718		1038		439230		3537
719		1053		439670		3542
720		1077		440126		3533
721		1081		440521		3545
722		1069		440907		3549
723		1072		441268		3545
724		1061		441670		3538
725		1084		442089		3543
726		1091		442614		3534
727		1112		443144		3545
728		1098		443605		3550
729		1100		444018		3553
730		1095		444477		3537
731		1077		444942		3535
732		1069		445376		3533
733		1067		445770		3525
734		1028		446222		3524
735		1043		446646		3535
736		1069		447013		3528
737		1078		447449		3530
738		1070		447901		3538
739		1040		448355		3533
740		1052		448787		3526
741		1049		449231		3539
742		1057		449648		3526
743		1047		450108		3553
744		1071		450581		3546
745		1073		451054		3538
746		1058		451489		3535
747		1064		451909		3548
748		1090		452420		3531
749		1087		452877		3542
750		1079		453351		3546
751		1078		453772		3550
752		1085		454215		3526
753		1092		454654		3540
754		1081		455099		3530
755		1085		455495		3539
756		1082		456009		3539
757		1093		456521		3548
758		1078		456944		3539
759		1102		457365		3540
760		1078		457780		3531
761		1087		458201		3538
762		1087		458675		3553
763		1085		459047		3535
764		1057		459427		3539
765		1093		459920		3538
766		1071		460368		3539
767		1074		460818		3531
768		1065		461206		3542
769		1078		461582		3545
770		1058		462011		3562
771		1061		462409		3545
772		1058		462799		3551
773		1054		463167		3550
774		1056		463542		3557
775		1058		463995		3553
776		1055		464401		3545
777		1050		464819		3543
778		1040		465219		3543
779		1076		465645		3546
780		1093		466105		3536
781		1079		466543		3530
782		1121		466991		3526
783		1101		467436		3528
784		1080		467897		3528
785		1072		468352		3543
786		1092		468897		3545
787		1076		469393		3538
788		1076		469849		3535
789		1083		470268		3540
790		1048		470722		3516
791		1070		471141		3539
792		1092		471569		3523
793		1107		472046		3530
794		1102		472523		3528
795		1091		473020		3538
796		1082		473446		3528
797		1081		473945		3518
798		1092		474402		3516
799		1077		474892		3513
800		1109		475419		3522
801		1132		475866		3524
802		1141		476374		3520
803		1133		476925		3528
804		1119		477385		3533
805		1102		477892		3524
806		1085		478381		3521
807		1091		478824		3532
808		1104		479354		3523
809		1087		479788		3513
810		1052		480222		3539
811		1074		480632		3534
812		1076		481037		3540
813		1081		481488		3519
814		1111		482007		3523
815		1132		482517		3522
816		1157		483089		3531
817		1167		483617		3541
818		1161		484155		3530
819		1126		484739		3526
820		1110		485223		3538
821		1097		485720		3533
822		1093		486173		3542
823		1066		486647		3516
824		1061		487057		3527
825		1080		487529		3529
826		1097		488021		3532
827		1081		488442		3540
828		1083		488929		3519
829		1104		489458		3534
830		1093		489939		3516
831		1083		490418		3520
832		1074		490849		3524
833		1084		491291		3526
834		1118		491767		3501
835		1105		492217		3506
836		1105		492698		3521
837		1142		493192		3514
838		1177		493734		3536
839		1143		494190		3523
840		1140		494666		3527
841		1151		495161		3535
842		1164		495676		3522
843		1133		496193		3535
844		1154		496693		3537
845		1129		497118		3535
846		1121		497605		3531
847		1135		498123		3532
848		1121		498602		3540
849		1110		499117		3534
850		1115		499538		3536
851		1127		500035		3528
852		1140		500547		3520
853		1109		501064		3535
854		1136		501537		3521
855		1132		502055		3535
856		1104		502532		3536
857		1120		503063		3537
858		1088		503592		3530
859		1102		504024		3513
860		1113		504507		3514
861		1128		505073		3543
862		1164		505601		3533
863		1167		506120		3519
864		1156		506645		3547
865		1156		507119		3525
866		1124		507684		3521
867		1105		508084		3523
868		1101		508544		3530
869		1097		508993		3529
870		1111		509374		3516
871		1108		509859		3539
872		1133		510325		3544
873		1117		510774		3548
874		1103		511315		3537
875		1106		511781		3536
876		1072		512214		3535
877		1096		512591		3534
878		1082		513052		3522
879		1071		513507		3534
880		1075		513897		3531
881		1058		514345		3535
882		1047		514763		3544
883		1066		515125		3526
884		1038		515505		3543
885		1037		515892		3538
886		1032		516313		3531
887		1055		516735		3552
888		1080		517158		3536
889		1085		517633		3558
890		1043		518085		3556
891		1048		518468		3535
892		1087		518893		3541
893		1069		519339		3536
894		1055		519792		3524
895		1041		520208		3535
896		1014		520658		3529
897		1040		521108		3535
898		1055		521562		3542
899		1049		522060		3532
900		1032		522448		3526
901		1030		522847		3543
902		1040		523280		3522
903		1053		523702		3520
904		1015		524109		3531
905		1031		524488		3547
906		1007		524920		3542
907		1020		525295		3546
908		1035		525710		3545
909		1061		526172		3545
910		1049		526672		3536
911		1031		527143		3535
912		1018		527590		3528
913		1069		528034		3556
914		1035		528481		3529
915		1035		528957		3531
916		1010		529417		3529
917		1030		529829		3548
918		1044		530331		3537
919		1031		530785		3545
920		1017		531186		3528
921		1031		531624		3534
922		1034		532000		3541
923		1066		532457		3535
924		1048		532852		3535
925		1072		533312		3533
926		1086		533783		3539
927		1073		534241		3543
928		1076		534741		3533
929		1067		535222		3521
930		1053		535725		3530
931		1042		536193		3538
932		1071		536630		3537
933		1036		537046		3536
934		1031		537474		3528
935		1023		537886		3535
936		1018		538304		3519
937		1005		538691		3533
938		1020		539117		3527
939		1040		539483		3517
940		1021		539917		3538
941		1030		540368		3536
942		1053		540839		3547
943		1044		541335		3539
944		1048		541819		3539
945		1039		542233		3548
946		1030		542650		3552
947		1038		543062		3541
948		1024		543536		3544
949		1031		543990		3544
950		999		544460		3555
951		999		544865		3551
952		987		545316		3556
953		998		545730		3534
954		987		546158		3548
955		981		546548		3528
956		1010		546965		3541
957		1016		547408		3527
958		1055		547854		3539
959		1039		548343		3533
960		1038		548779		3541
961		1034		549252		3544
962		1029		549708		3531
963		1038		550183		3549
964		1012		550594		3541
965		1007		550990		3546
966		1038		551466		3554
967		1021		551881		3547
968		1006		552258		3552
969		997		552627		3540
970		996		553006		3533
971		994		553342		3526
972		1030		553751		3545
973		1071		554284		3538
974		1078		554833		3547
975		1108		555335		3554
976		1098		555842		3548
977		1071		556319		3544
978		1108		556794		3520
979		1099		557301		3530
980		1070		557800		3540
981		1070		558308		3537
982		1097		558839		3528
983		1062		559287		3540
984		1038		559664		3549
985		1052		560028		3533
986		1034		560429		3538
987		1026		560883		3531
988		1020		561254		3547
989		1023		561698		3543
990		1019		562058		3538
991		1046		562481		3545
992		1061		562870		3531
993		1062		563305		3541
994		1047		563743		3536
995		1050		564133		3529
996		1037		564607		3539
997		1040		565053		3529
998		1051		565488		3540
999		1054		565985		3526
