# Migration is number of nodes that have changed color.

Round		Edge-Cut		Swaps		Migrations		Skipped
0		8861		4243		3176
1		7948		7989		3271
2		7427		11270		3276
3		6982		14333		3349
4		6685		17172		3355
5		6286		19789		3363
6		5946		22344		3390
7		5652		24694		3377
8		5380		26839		3400
9		5129		28845		3389
10		4901		30862		3417
11		4771		32681		3404
12		4615		34456		3420
13		4400		36209		3425
14		4287		37800		3378
15		4163		39331		3401
16		4087		40898		3410
17		3977		42313		3405
18		3932		43740		3448
19		3859		45142		3416
20		3790		46589		3385
21		3651		47927		3389
22		3665		49261		3425
23		3577		50559		3419
24		3483		51772		3432
25		3412		52996		3433
26		3390		54252		3411
27		3358		55398		3421
28		3356		56608		3413
29		3333		57822		3401
30		3221		58976		3403
31		3204		60118		3418
32		3200		61292		3402
33		3188		62424		3444
34		3107		63506		3446
35		3013		64537		3437
36		2962		65537		3463
37		2976		66495		3433
38		2937		67515		3445
39		2902		68562		3439
40		2890		69586		3431
41		2833		70667		3433
42		2780		71690		3469
43		2752		72707		3454
44		2736		73672		3430
45		2722		74665		3412
46		2677		75618		3455
47		2636		76543		3437
48		2600		77493		3432
49		2578		78405		3428
50		2604		79381		3429
51		2566		80337		3456
52		2617		81381		3441
53		2622		82361		3434
54		2615		83370		3428
55		2598		84301		3407
56		2596		85224		3445
57		2584		86208		3456
58		2585		87127		3474
59		2582		88025		3458
60		2536		88889		3469
61		2500		89787		3461
62		2441		90664		3456
63		2429		91511		3434
64		2417		92351		3462
65		2443		93209		3450
66		2355		94073		3457
67		2363		94906		3451
68		2383		95823		3474
69		2351		96685		3463
70		2311		97488		3477
71		2273		98246		3491
72		2294		98999		3481
73		2286		99769		3478
74		2331		100589		3469
75		2285		101404		3459
76		2318		102226		3465
77		2304		103044		3476
78		2306		103894		3459
79		2236		104658		3471
80		2261		105430		3462
81		2232		106196		3457
82		2226		106986		3455
83		2167		107772		3461
84		2159		108494		3455
85		2194		109239		3477
86		2194		110053		3471
87		2180		110791		3473
88		2130		111585		3458
89		2092		112307		3484
90		2113		113002		3473
91		2076		113755		3494
92		2046		114493		3511
93		2022		115128		3499
94		1980		115748		3504
95		2056		116409		3474
96		1995		117144		3486
97		2002		117805		3471
98		1958		118436		3483
99		1947		119024		3486
100		1956		119651		3485
101		1947		120310		3489
102		1989		120963		3486
103		1967		121646		3475
104		1992		122360		3479
105		1975		123132		3482
106		2025		123884		3515
107		2030		124693		3490
108		2009		125504		3496
109		2015		126227		3502
110		2019		126972		3485
111		2037		127726		3489
112		1979		128462		3498
113		1991		129222		3526
114		1974		129907		3499
115		1939		130595		3506
116		1925		131271		3491
117		1910		131938		3477
118		1874		132598		3500
119		1875		133251		3487
120		1903		133936		3496
121		1939		134666		3499
122		1951		135345		3497
123		1916		136045		3498
124		1880		136775		3499
125		1860		137450		3506
126		1825		138091		3502
127		1802		138725		3494
128		1827		139420		3490
129		1834		140100		3482
130		1793		140688		3493
131		1842		141367		3477
132		1813		142062		3491
133		1772		142674		3515
134		1807		143260		3511
135		1776		143898		3505
136		1777		144467		3505
137		1748		145061		3499
138		1746		145678		3522
139		1776		146251		3521
140		1761		146831		3519
141		1759		147444		3499
142		1758		148062		3501
143		1752		148680		3514
144		1747		149245		3508
145		1733		149808		3504
146		1758		150405		3506
147		1787		151075		3496
148		1728		151674		3494
149		1774		152266		3489
150		1770		152897		3501
151		1758		153461		3506
152		1769		154040		3525
153		1795		154650		3499
154		1830		155288		3497
155		1835		156013		3498
156		1848		156744		3482
157		1786		157346		3486
158		1821		157906		3501
159		1780		158574		3496
160		1756		159222		3502
161		1786		159835		3503
162		1767		160442		3502
163		1775		161057		3493
164		1764		161718		3502
165		1769		162304		3493
166		1780		162969		3487
167		1821		163692		3510
168		1825		164426		3506
169		1841		165059		3495
170		1789		165732		3496
171		1845		166450		3496
172		1837		167150		3492
173		1817		167886		3502
174		1848		168559		3492
175		1867		169339		3500
176		1858		170051		3509
177		1864		170738		3496
178		1854		171422		3518
179		1819		172090		3517
180		1817		172763		3500
181		1864		173572		3516
182		1859		174231		3530
183		1847		174884		3526
184		1831		175581		3513
185		1826		176327		3521
186		1842		177040		3523
187		1818		177736		3539
188		1786		178366		3528
189		1765		178996		3516
190		1770		179677		3532
191		1808		180360		3513
192		1788		181119		3479
193		1837		181824		3503
194		1859		182549		3498
195		1867		183244		3489
196		1872		183984		3512
197		1803		184702		3504
198		1827		185392		3529
199		1823		186159		3511
200		1840		186834		3514
201		1836		187519		3514
202		1861		188225		3532
203		1841		188904		3495
204		1879		189650		3510
205		1820		190330		3519
206		1817		190999		3518
207		1821		191683		3505
208		1837		192500		3512
209		1829		193253		3503
210		1848		193955		3502
211		1836		194693		3500
212		1826		195381		3509
213		1801		196014		3507
214		1852		196735		3524
215		1865		197463		3519
216		1860		198189		3505
217		1848		198876		3506
218		1886		199617		3488
219		1855		200221		3508
220		1877		200884		3493
221		1870		201602		3478
222		1845		202287		3505
223		1824		202956		3500
224		1793		203636		3503
225		1826		204400		3498
226		1849		205139		3497
227		1874		205896		3506
228		1862		206630		3497
229		1861		207457		3513
230		1828		208181		3510
231		1839		208898		3525
232		1847		209673		3504
233		1830		210347		3507
234		1851		211075		3511
235		1837		211804		3500
236		1864		212517		3484
237		1832		213283		3506
238		1864		213963		3487
239		1863		214732		3510
240		1861		215499		3505
241		1848		216178		3506
242		1839		216933		3504
243		1837		217715		3519
244		1825		218409		3516
245		1788		219138		3524
246		1737		219846		3528
247		1709		220426		3510
248		1731		221145		3514
249		1729		221743		3530
250		1726		222340		3519
251		1719		222930		3531
252		1715		223673		3531
253		1705		224322		3516
254		1692		224962		3519
255		1705		225612		3521
256		1712		226251		3527
257		1695		226827		3528
258		1682		227398		3529
259		1723		228057		3518
260		1698		228739		3517
261		1689		229385		3503
262		1687		229989		3511
263		1707		230620		3519
264		1663		231314		3506
265		1643		231975		3525
266		1657		232623		3518
267		1644		233269		3523
268		1677		233865		3518
269		1662		234471		3514
270		1662		235079		3512
271		1716		235719		3527
272		1661		236350		3529
273		1647		236957		3522
274		1688		237561		3509
275		1690		238290		3531
276		1685		238944		3531
277		1671		239592		3522
278		1664		240220		3513
279		1669		240898		3517
280		1683		241589		3508
281		1662		242293		3510
282		1665		242917		3510
283		1700		243659		3501
284		1676		244400		3521
285		1673		245057		3533
286		1715		245732		3518
287		1702		246397		3532
288		1692		247033		3538
289		1693		247666		3544
290		1672		248316		3534
291		1680		248956		3525
292		1642		249532		3527
293		1639		250176		3524
294		1661		250775		3500
295		1664		251464		3516
296		1633		252077		3543
297		1675		252785		3519
298		1685		253453		3510
299		1666		254110		3521
300		1652		254777		3517
301		1672		255411		3526
302		1647		256062		3515
303		1587		256648		3517
304		1580		257180		3518
305		1595		257744		3490
306		1588		258310		3493
307		1635		258936		3502
308		1657		259606		3508
309		1649		260381		3510
310		1645		261060		3520
311		1613		261759		3507
312		1583		262260		3517
313		1596		262847		3512
314		1596		263431		3504
315		1583		264082		3522
316		1594		264627		3522
317		1571		265162		3498
318		1585		265743		3514
319		1596		266324		3502
320		1620		266950		3516
321		1622		267533		3516
322		1608		268134		3513
323		1618		268782		3511
324		1624		269459		3516
325		1649		270159		3520
326		1659		270822		3511
327		1663		271490		3508
328		1649		272153		3501
329		1639		272823		3505
330		1678		273435		3502
331		1648		274110		3489
332		1656		274747		3497
333		1660		275380		3495
334		1658		275990		3500
335		1661		276664		3478
336		1680		277312		3487
337		1609		277929		3502
338		1614		278604		3487
339		1621		279202		3507
340		1620		279856		3509
341		1619		280467		3495
342		1680		281138		3497
343		1667		281898		3516
344		1615		282522		3504
345		1625		283186		3482
346		1637		283794		3482
347		1652		284439		3512
348		1617		285052		3483
349		1636		285779		3512
350		1631		286390		3497
351		1618		287003		3511
352		1615		287634		3536
353		1646		288287		3505
354		1608		288933		3488
355		1634		289600		3497
356		1569		290239		3510
357		1597		290858		3513
358		1545		291423		3513
359		1543		292003		3508
360		1524		292548		3533
361		1526		293166		3521
362		1527		293749		3515
363		1512		294319		3506
364		1496		294878		3514
365		1480		295421		3496
366		1473		295880		3498
367		1492		296441		3509
368		1472		297017		3510
369		1490		297580		3510
370		1491		298165		3496
371		1512		298803		3511
372		1502		299445		3521
373		1532		300030		3501
374		1496		300600		3506
375		1469		301149		3528
376		1490		301685		3499
377		1463		302328		3507
378		1483		302916		3495
379		1497		303531		3527
380		1515		304129		3526
381		1489		304754		3532
382		1505		305305		3534
383		1498		305911		3521
384		1451		306485		3533
385		1437		307070		3518
386		1486		307599		3524
387		1498		308156		3528
388		1522		308780		3534
389		1532		309419		3527
390		1500		310056		3526
391		1481		310634		3518
392		1497		311244		3528
393		1482		311860		3524
394		1450		312426		3510
395		1443		312973		3508
396		1453		313565		3512
397		1446		314120		3486
398		1473		314706		3506
399		1500		315354		3499
400		1477		315938		3510
401		1492		316511		3509
402		1485		317094		3497
403		1472		317658		3516
404		1495		318204		3533
405		1525		318784		3525
406		1495		319391		3511
407		1481		320031		3517
408		1453		320554		3520
409		1423		321093		3529
410		1440		321611		3518
411		1452		322141		3530
412		1454		322692		3546
413		1442		323262		3541
414		1456		323854		3556
415		1400		324382		3538
416		1380		324949		3532
417		1350		325437		3527
418		1371		325924		3546
419		1345		326418		3549
420		1351		326888		3522
421		1336		327394		3539
422		1317		327842		3525
423		1309		328280		3535
424		1315		328806		3543
425		1346		329274		3553
426		1316		329751		3558
427		1323		330191		3535
428		1333		330693		3538
429		1299		331168		3540
430		1315		331653		3541
431		1305		332123		3542
432		1323		332629		3532
433		1343		333102		3523
434		1307		333602		3539
435		1299		334056		3537
436		1325		334519		3518
437		1335		335006		3534
438		1299		335525		3541
439		1272		335980		3524
440		1248		336418		3535
441		1272		336821		3535
442		1279		337327		3546
443		1279		337793		3554
444		1274		338234		3549
445		1292		338714		3550
446		1309		339267		3560
447		1294		339727		3558
448		1285		340240		3553
449		1255		340704		3563
450		1262		341207		3553
451		1304		341699		3541
452		1289		342194		3564
453		1302		342787		3550
454		1301		343226		3552
455		1310		343795		3541
456		1300		344336		3523
457		1297		344870		3538
458		1296		345391		3555
459		1326		345868		3550
460		1347		346386		3528
461		1363		346943		3544
462		1327		347448		3547
463		1331		348040		3541
464		1312		348529		3550
465		1331		348950		3556
466		1352		349476		3541
467		1358		350034		3554
468		1379		350600		3555
469		1341		351239		3538
470		1363		351767		3535
471		1320		352252		3542
472		1343		352760		3540
473		1356		353269		3553
474		1324		353787		3558
475		1348		354290		3562
476		1333		354802		3561
477		1348		355318		3541
478		1392		355871		3571
479		1375		356394		3537
480		1386		356943		3544
481		1400		357490		3547
482		1388		358107		3538
483		1349		358626		3540
484		1343		359183		3554
485		1330		359682		3552
486		1328		360158		3559
487		1317		360665		3566
488		1320		361183		3557
489		1295		361703		3539
490		1285		362211		3548
491		1289		362677		3544
492		1274		363115		3534
493		1258		363505		3529
494		1270		363954		3543
495		1291		364424		3544
496		1322		364896		3549
497		1309		365395		3565
498		1284		365882		3555
499		1298		366385		3541
500		1282		366860		3553
501		1275		367338		3538
502		1270		367789		3549
503		1267		368304		3560
504		1315		368835		3554
505		1304		369413		3571
506		1292		369944		3549
507		1317		370497		3563
508		1314		371041		3555
509		1314		371591		3552
510		1298		372075		3560
511		1336		372556		3547
512		1366		373188		3547
513		1345		373758		3554
514		1291		374311		3551
515		1294		374862		3551
516		1302		375460		3559
517		1303		375971		3541
518		1249		376494		3524
519		1254		377021		3536
520		1287		377522		3543
521		1242		377996		3556
522		1216		378382		3548
523		1226		378847		3535
524		1217		379361		3548
525		1256		379890		3579
526		1252		380336		3561
527		1260		380789		3559
528		1255		381270		3569
529		1278		381771		3541
530		1276		382254		3561
531		1268		382778		3555
532		1262		383279		3550
533		1303		383825		3556
534		1284		384378		3537
535		1281		384894		3534
536		1266		385348		3534
537		1285		385865		3540
538		1270		386381		3542
539		1255		386927		3553
540		1245		387494		3552
541		1253		387949		3545
542		1247		388445		3551
543		1257		388981		3553
544		1257		389500		3557
545		1216		389961		3548
546		1214		390486		3543
547		1192		391018		3542
548		1212		391451		3549
549		1183		391898		3539
550		1197		392365		3547
551		1194		392811		3551
552		1208		393243		3544
553		1222		393726		3554
554		1221		394181		3556
555		1183		394643		3557
556		1162		395095		3553
557		1157		395531		3567
558		1123		395954		3562
559		1155		396345		3548
560		1167		396811		3550
561		1167		397291		3550
562		1188		397743		3546
563		1204		398219		3550
564		1200		398666		3551
565		1215		399275		3549
566		1207		399752		3562
567		1191		400231		3558
568		1199		400708		3525
569		1197		401203		3545
570		1214		401713		3542
571		1213		402159		3547
572		1200		402615		3538
573		1205		403123		3548
574		1193		403550		3545
575		1213		404003		3543
576		1215		404476		3541
577		1252		404994		3537
578		1274		405521		3543
579		1258		406019		3543
580		1254		406557		3548
581		1231		406999		3554
582		1241		407457		3558
583		1239		407938		3555
584		1235		408460		3553
585		1209		408958		3544
586		1200		409380		3556
587		1234		409858		3549
588		1198		410335		3546
589		1215		410763		3532
590		1252		411198		3534
591		1259		411670		3556
592		1220		412122		3548
593		1222		412561		3562
594		1251		413083		3550
595		1293		413673		3553
596		1262		414222		3550
597		1230		414713		3542
598		1208		415234		3539
599		1178		415637		3546
600		1206		416081		3562
601		1233		416573		3569
602		1238		417100		3566
603		1188		417589		3554
604		1192		418014		3563
605		1175		418498		3569
606		1152		418925		3544
607		1149		419350		3534
608		1187		419797		3550
609		1125		420256		3557
610		1153		420722		3547
611		1181		421207		3568
612		1202		421696		3571
613		1148		422134		3565
614		1176		422552		3538
615		1202		423056		3544
616		1188		423626		3548
617		1183		424166		3537
618		1182		424633		3547
619		1174		425124		3551
620		1209		425625		3560
621		1213		426117		3561
622		1204		426615		3564
623		1220		427146		3554
624		1270		427731		3565
625		1184		428219		3552
626		1169		428679		3540
627		1193		429095		3540
628		1184		429526		3540
629		1214		429989		3548
630		1201		430486		3549
631		1216		430942		3546
632		1217		431422		3547
633		1223		431916		3541
634		1209		432316		3545
635		1202		432806		3529
636		1219		433241		3542
637		1241		433747		3534
638		1222		434191		3534
639		1245		434653		3536
640		1254		435100		3527
641		1218		435627		3514
642		1255		436161		3527
643		1213		436663		3543
644		1249		437171		3540
645		1205		437717		3528
646		1219		438165		3534
647		1220		438675		3538
648		1235		439238		3540
649		1230		439745		3542
650		1219		440273		3552
651		1208		440758		3561
652		1205		441243		3558
653		1221		441694		3548
654		1220		442166		3549
655		1233		442625		3546
656		1224		443188		3560
657		1197		443695		3532
658		1196		444165		3559
659		1208		444593		3541
660		1210		445089		3519
661		1211		445575		3523
662		1218		446102		3534
663		1227		446604		3535
664		1241		447071		3555
665		1212		447583		3544
666		1245		448094		3549
667		1236		448587		3543
668		1234		449113		3538
669		1234		449617		3541
670		1213		450081		3544
671		1207		450548		3550
672		1202		450955		3544
673		1227		451475		3559
674		1264		452013		3541
675		1226		452583		3538
676		1209		453056		3542
677		1204		453500		3556
678		1223		453998		3543
679		1212		454490		3540
680		1212		454914		3530
681		1194		455417		3530
682		1190		455902		3538
683		1200		456391		3540
684		1198		456878		3542
685		1199		457368		3533
686		1178		457841		3548
687		1166		458274		3536
688		1160		458760		3538
689		1173		459200		3546
690		1169		459698		3541
691		1184		460148		3541
692		1183		460602		3545
693		1165		461121		3548
694		1158		461611		3548
695		1146		462078		3542
696		1164		462576		3568
697		1112		463006		3553
698		1140		463467		3531
699		1134		463918		3544
700		1153		464423		3534
701		1131		464988		3549
702		1107		465383		3530
703		1112		465888		3542
704		1119		466323		3543
705		1112		466752		3550
706		1120		467183		3555
707		1135		467609		3558
708		1133		468070		3559
709		1150		468549		3558
710		1140		468992		3548
711		1134		469438		3551
712		1173		469897		3554
713		1136		470371		3554
714		1133		470798		3552
715		1127		471198		3556
716		1148		471586		3553
717		1135		472077		3545
718		1165		472548		3549
719		1183		473036		3554
720		1162		473529		3543
721		1171		474012		3536
722		1199		474468		3538
723		1181		475001		3525
724		1165		475592		3535
725		1159		476061		3522
726		1187		476560		3548
727		1201		477097		3563
728		1197		477618		3576
729		1178		478103		3552
730		1154		478686		3562
731		1177		479129		3544
732		1180		479586		3555
733		1165		479972		3558
734		1139		480394		3537
735		1179		480900		3540
736		1155		481369		3541
737		1148		481777		3569
738		1153		482221		3560
739		1150		482724		3550
740		1173		483207		3568
741		1168		483630		3555
742		1170		484126		3547
743		1186		484590		3542
744		1205		485081		3562
745		1196		485621		3568
746		1196		486100		3556
747		1178		486586		3554
748		1211		487090		3555
749		1187		487570		3565
750		1198		488117		3557
751		1196		488606		3549
752		1198		489080		3555
753		1179		489650		3554
754		1205		490095		3549
755		1202		490707		3570
756		1208		491277		3551
757		1176		491714		3550
758		1164		492189		3577
759		1167		492652		3560
760		1153		493092		3559
761		1175		493638		3570
762		1138		494073		3567
763		1153		494605		3574
764		1122		495014		3551
765		1140		495508		3572
766		1134		496033		3564
767		1127		496509		3564
768		1102		496962		3564
769		1078		497405		3559
770		1054		497776		3562
771		1049		498146		3544
772		1031		498541		3547
773		1036		498908		3528
774		1056		499302		3537
775		1065		499721		3533
776		1031		500110		3548
777		1042		500498		3548
778		1045		500912		3552
779		1062		501407		3546
780		1068		501839		3559
781		1029		502323		3548
782		1033		502670		3559
783		1013		502983		3550
784		1021		503349		3555
785		1035		503760		3561
786		1049		504173		3555
787		1060		504633		3547
788		1063		505140		3557
789		1063		505579		3542
790		1050		505996		3556
791		1073		506432		3541
792		1087		506847		3536
793		1081		507237		3551
794		1099		507661		3544
795		1086		508064		3539
796		1070		508489		3552
797		1103		508915		3556
798		1097		509351		3550
799		1067		509774		3541
800		1072		510166		3555
801		1089		510619		3547
802		1121		511112		3550
803		1136		511587		3563
804		1130		512057		3560
805		1129		512514		3552
806		1123		512973		3552
807		1103		513411		3554
808		1141		513896		3547
809		1145		514408		3550
810		1115		514919		3536
811		1121		515441		3531
812		1131		515902		3529
813		1152		516423		3528
814		1138		516916		3544
815		1161		517382		3541
816		1163		517871		3533
817		1128		518318		3534
818		1118		518812		3539
819		1100		519206		3539
820		1097		519620		3532
821		1113		520041		3551
822		1120		520488		3540
823		1162		520908		3539
824		1172		521410		3527
825		1174		521959		3537
826		1170		522474		3544
827		1166		522953		3548
828		1171		523412		3536
829		1174		523907		3540
830		1160		524409		3531
831		1175		524902		3540
832		1167		525406		3549
833		1119		525855		3537
834		1154		526294		3534
835		1146		526772		3541
836		1143		527248		3531
837		1144		527743		3540
838		1101		528159		3545
839		1110		528597		3523
840		1120		529048		3530
841		1099		529490		3540
842		1121		529934		3537
843		1137		530428		3544
844		1138		530888		3545
845		1170		531413		3546
846		1197		531925		3534
847		1190		532393		3537
848		1177		532808		3541
849		1184		533288		3552
850		1161		533750		3534
851		1149		534202		3538
852		1151		534618		3535
853		1149		535075		3538
854		1135		535554		3537
855		1168		535994		3527
856		1163		536425		3538
857		1219		536916		3553
858		1235		537445		3543
859		1177		537938		3534
860		1188		538428		3547
861		1207		538991		3545
862		1196		539453		3558
863		1184		539902		3548
864		1187		540422		3549
865		1177		540966		3541
866		1127		541410		3548
867		1158		541850		3549
868		1145		542311		3562
869		1156		542774		3540
870		1138		543225		3550
871		1165		543695		3534
872		1156		544167		3553
873		1169		544655		3539
874		1172		545149		3555
875		1179		545620		3542
876		1129		546068		3542
877		1123		546466		3547
878		1121		546871		3557
879		1128		547271		3557
880		1155		547699		3552
881		1159		548141		3548
882		1169		548574		3557
883		1150		549055		3558
884		1133		549522		3553
885		1134		549885		3557
886		1129		550387		3549
887		1130		550832		3558
888		1162		551328		3543
889		1175		551837		3525
890		1150		552310		3565
891		1129		552800		3563
892		1108		553260		3568
893		1119		553683		3553
894		1105		554121		3572
895		1090		554570		3552
896		1108		555006		3569
897		1099		555452		3552
898		1123		555948		3551
899		1097		556373		3552
900		1104		556839		3553
901		1112		557248		3550
902		1088		557756		3552
903		1122		558243		3565
904		1103		558677		3555
905		1104		559206		3557
906		1059		559568		3539
907		1083		559985		3557
908		1073		560480		3546
909		1058		560885		3543
910		1052		561285		3555
911		1046		561696		3558
912		1057		562112		3545
913		1088		562550		3541
914		1083		562971		3550
915		1072		563474		3541
916		1087		563943		3540
917		1053		564361		3550
918		1059		564744		3550
919		1053		565119		3550
920		1057		565505		3543
921		1070		565916		3549
922		1042		566378		3557
923		1030		566805		3552
924		1014		567177		3559
925		998		567543		3546
926		995		567978		3545
927		1002		568355		3548
928		1006		568722		3545
929		991		569082		3562
930		998		569454		3549
931		987		569823		3546
932		988		570161		3567
933		956		570474		3565
934		941		570787		3560
935		949		571172		3554
936		930		571518		3564
937		960		571812		3562
938		944		572122		3558
939		969		572462		3558
940		984		572848		3557
941		972		573196		3557
942		983		573579		3557
943		976		574028		3562
944		986		574404		3569
945		977		574791		3569
946		948		575156		3562
947		952		575461		3540
948		984		575858		3563
949		971		576193		3548
950		1002		576589		3557
951		1000		576964		3557
952		1010		577345		3561
953		1005		577735		3567
954		990		578137		3561
955		1016		578491		3554
956		1043		578931		3558
957		1054		579367		3563
958		1036		579775		3556
959		1029		580176		3560
960		1041		580598		3564
961		1054		581003		3561
962		1051		581437		3555
963		1048		581854		3563
964		1012		582302		3561
965		1032		582804		3558
966		1004		583218		3544
967		1036		583690		3543
968		1038		584094		3559
969		1030		584541		3556
970		1055		584978		3559
971		1035		585444		3565
972		1042		585871		3553
973		1053		586296		3559
974		1044		586733		3560
975		1061		587174		3569
976		1069		587589		3557
977		1087		588045		3558
978		1120		588599		3555
979		1099		589122		3576
980		1101		589593		3545
981		1111		590099		3565
982		1088		590542		3564
983		1067		590946		3557
984		1082		591397		3555
985		1088		591850		3553
986		1084		592296		3546
987		1094		592720		3548
988		1081		593141		3542
989		1082		593534		3560
990		1078		593951		3556
991		1085		594337		3531
992		1085		594791		3536
993		1069		595217		3556
994		1100		595630		3554
995		1068		596070		3562
996		1079		596512		3550
997		1087		596997		3554
998		1074		597420		3543
999		1101		597875		3553
