# Migration is number of nodes that have changed color.

Round		Edge-Cut		Swaps		Migrations		Skipped
0		9466		4688		3353
1		8962		9240		3346
2		8564		13568		3396
3		8065		17617		3442
4		7765		21477		3443
5		7382		25141		3460
6		7104		28625		3430
7		6812		31906		3464
8		6657		35206		3500
9		6495		38376		3486
10		6171		41421		3486
11		5849		44225		3489
12		5819		46986		3513
13		5784		49757		3531
14		5537		52428		3491
15		5415		55169		3534
16		5246		57725		3531
17		5212		60256		3474
18		5055		62727		3525
19		4925		65126		3514
20		4874		67470		3513
21		4833		69740		3505
22		4783		72039		3499
23		4747		74315		3467
24		4734		76659		3491
25		4734		78991		3539
26		4662		81307		3523
27		4599		83607		3544
28		4615		85936		3538
29		4470		88126		3494
30		4357		90270		3526
31		4431		92425		3510
32		4427		94669		3510
33		4371		96824		3491
34		4358		98923		3509
35		4339		101126		3500
36		4314		103349		3525
37		4331		105450		3517
38		4195		107552		3504
39		4113		109627		3526
40		4131		111705		3525
41		4051		113701		3496
42		4009		115638		3560
43		4029		117644		3541
44		4034		119597		3553
45		4048		121669		3561
46		3964		123747		3559
47		3900		125698		3533
48		3898		127704		3540
49		3793		129703		3530
50		3686		131574		3532
51		3590		133454		3545
52		3531		135307		3533
53		3505		136989		3521
54		3564		138803		3515
55		3544		140615		3519
56		3532		142443		3527
57		3416		144251		3563
58		3492		146007		3525
59		3468		147713		3557
60		3490		149491		3518
61		3374		151297		3546
62		3330		153086		3509
63		3247		154839		3518
64		3285		156540		3579
65		3292		158197		3542
66		3235		159818		3551
67		3309		161371		3561
68		3232		163060		3540
69		3165		164665		3564
70		3110		166185		3565
71		3121		167670		3553
72		3068		169265		3558
73		3101		170911		3547
74		3089		172405		3569
75		3124		173984		3532
76		3086		175516		3542
77		3154		177159		3543
78		3196		178860		3559
79		3190		180579		3538
80		3169		182347		3560
81		3133		184061		3530
82		3211		185744		3554
83		3140		187488		3537
84		3087		189216		3535
85		3131		190878		3538
86		3110		192584		3540
87		3130		194190		3547
88		3063		195877		3565
89		3118		197527		3508
90		3116		199188		3518
91		3072		200875		3527
92		3090		202580		3533
93		3129		204179		3549
94		3051		205886		3531
95		3107		207542		3539
96		3078		209225		3543
97		3052		210852		3522
98		3066		212418		3505
99		3142		214152		3527
100		3043		215638		3512
101		3010		217160		3495
102		3000		218658		3499
103		2932		220250		3510
104		2875		221927		3525
105		2905		223453		3549
106		2916		225025		3529
107		2876		226628		3546
108		2804		228126		3518
109		2811		229632		3556
110		2842		231190		3541
111		2814		232789		3524
112		2819		234287		3522
113		2789		235654		3539
114		2786		237140		3535
115		2864		238678		3519
116		2820		240170		3501
117		2846		241725		3520
118		2807		243212		3503
119		2788		244761		3513
120		2788		246193		3504
121		2816		247684		3516
122		2797		249201		3517
123		2800		250738		3535
124		2788		252128		3527
125		2795		253654		3529
126		2737		255163		3513
127		2758		256592		3534
128		2786		258097		3522
129		2788		259614		3513
130		2784		261122		3531
131		2822		262722		3559
132		2834		264301		3555
133		2866		265747		3565
134		2859		267225		3540
135		2770		268688		3501
136		2773		270153		3505
137		2831		271562		3505
138		2879		272982		3532
139		2868		274519		3529
140		2925		276064		3560
141		2841		277762		3540
142		2902		279333		3527
143		2876		280821		3524
144		2862		282348		3525
145		2978		283948		3528
146		2873		285495		3544
147		2908		287089		3540
148		2880		288659		3557
149		2856		290214		3553
150		2825		291751		3553
151		2806		293282		3546
152		2831		294781		3564
153		2845		296225		3527
154		2847		297736		3527
155		2828		299370		3544
156		2856		300831		3542
157		2821		302380		3514
158		2783		303885		3517
159		2752		305538		3524
160		2739		307130		3544
161		2792		308598		3533
162		2661		310036		3529
163		2662		311312		3570
164		2709		312774		3543
165		2721		314233		3559
166		2662		315623		3526
167		2658		317003		3542
168		2615		318394		3520
169		2585		319839		3533
170		2653		321329		3541
171		2617		322875		3524
172		2609		324403		3551
173		2630		325771		3572
174		2674		327256		3552
175		2712		328727		3539
176		2698		330185		3541
177		2709		331661		3555
178		2749		333247		3556
179		2720		334692		3525
180		2696		336070		3529
181		2753		337576		3513
182		2749		339006		3549
183		2674		340466		3537
184		2702		341950		3562
185		2691		343361		3568
186		2753		344908		3588
187		2740		346439		3578
188		2712		348017		3567
189		2713		349547		3544
190		2737		351005		3568
191		2750		352471		3551
192		2626		353949		3557
193		2729		355414		3548
194		2660		356857		3556
195		2711		358417		3555
196		2647		359766		3559
197		2647		361293		3561
198		2668		362804		3559
199		2695		364256		3576
200		2655		365641		3571
201		2658		367051		3548
202		2621		368606		3560
203		2546		370033		3580
204		2627		371492		3537
205		2654		372914		3542
206		2588		374340		3551
207		2598		375761		3567
208		2622		377177		3551
209		2641		378679		3532
210		2626		380129		3540
211		2596		381472		3525
212		2638		382879		3537
213		2722		384415		3544
214		2727		385843		3548
215		2751		387385		3541
216		2685		388932		3532
217		2677		390344		3537
218		2623		391831		3544
219		2606		393256		3549
220		2641		394732		3553
221		2631		396203		3579
222		2592		397679		3556
223		2609		399225		3560
224		2584		400754		3564
225		2613		402331		3572
226		2621		403714		3569
227		2615		405207		3565
228		2564		406607		3540
229		2546		408023		3528
230		2520		409515		3553
231		2531		410926		3556
232		2581		412374		3556
233		2616		413885		3536
234		2584		415395		3552
235		2528		416922		3539
236		2528		418330		3530
237		2471		419699		3506
238		2483		421068		3506
239		2533		422428		3544
240		2510		423810		3557
241		2478		425279		3547
242		2454		426739		3542
243		2483		428184		3564
244		2472		429564		3560
245		2446		431019		3574
246		2387		432512		3550
247		2447		433878		3540
248		2500		435292		3548
249		2423		436651		3530
250		2393		437993		3542
251		2408		439469		3558
252		2420		440869		3557
253		2410		442285		3593
254		2449		443690		3560
255		2466		445157		3544
256		2426		446585		3544
257		2399		448052		3546
258		2369		449462		3536
259		2440		450975		3538
260		2437		452421		3535
261		2370		453764		3535
262		2313		455112		3543
263		2355		456550		3537
264		2311		457944		3544
265		2320		459303		3548
266		2310		460688		3536
267		2282		462112		3567
268		2310		463473		3551
269		2261		464764		3538
270		2354		466230		3549
271		2364		467645		3540
272		2401		469144		3554
273		2358		470489		3553
274		2387		471879		3577
275		2359		473367		3566
276		2372		474703		3548
277		2365		476148		3574
278		2390		477613		3572
279		2425		479055		3553
280		2408		480481		3562
281		2416		481966		3568
282		2433		483492		3554
283		2409		484977		3572
284		2413		486422		3538
285		2470		487929		3584
286		2386		489272		3552
287		2346		490567		3526
288		2399		491918		3559
289		2398		493288		3543
290		2359		494718		3547
291		2305		496295		3558
292		2387		497709		3593
293		2386		499152		3582
294		2340		500579		3555
295		2333		501890		3569
296		2401		503382		3571
297		2394		504796		3560
298		2389		506227		3555
299		2358		507535		3540
300		2336		508837		3558
301		2303		510074		3540
302		2356		511397		3559
303		2316		512841		3554
304		2342		514154		3560
305		2387		515656		3556
306		2390		517059		3545
307		2332		518408		3525
308		2341		519810		3549
309		2308		521223		3559
310		2349		522519		3536
311		2410		523929		3521
312		2366		525461		3548
313		2343		526817		3566
314		2296		528126		3549
315		2294		529437		3558
316		2348		530793		3543
317		2318		532112		3564
318		2296		533395		3554
319		2275		534691		3564
320		2247		535846		3556
321		2232		537076		3542
322		2229		538257		3547
323		2227		539604		3550
324		2215		540829		3556
325		2239		542037		3547
326		2276		543312		3543
327		2244		544550		3553
328		2318		545853		3560
329		2341		547157		3548
330		2271		548476		3568
331		2237		549770		3569
332		2260		551043		3572
333		2229		552331		3555
334		2230		553641		3557
335		2257		554983		3569
336		2256		556293		3571
337		2265		557518		3553
338		2304		558885		3562
339		2307		560424		3564
340		2308		561869		3599
341		2313		563191		3583
342		2308		564595		3571
343		2291		565825		3579
344		2275		567232		3560
345		2322		568612		3570
346		2275		569960		3559
347		2317		571275		3562
348		2336		572630		3566
349		2304		573899		3571
350		2333		575178		3584
351		2322		576493		3602
352		2354		577800		3579
353		2308		579155		3589
354		2296		580373		3575
355		2266		581699		3605
356		2278		583055		3578
357		2276		584392		3567
358		2286		585576		3578
359		2257		586878		3568
360		2189		588168		3597
361		2149		589338		3590
362		2172		590505		3581
363		2172		591732		3585
364		2182		593008		3577
365		2206		594345		3580
366		2229		595647		3581
367		2224		597012		3556
368		2221		598379		3575
369		2268		599737		3597
370		2219		601074		3574
371		2196		602410		3570
372		2208		603739		3581
373		2136		604930		3544
374		2142		606134		3578
375		2201		607380		3545
376		2164		608591		3546
377		2187		609943		3549
378		2224		611176		3540
379		2225		612508		3567
380		2232		613793		3561
381		2277		615125		3549
382		2253		616601		3574
383		2239		617983		3574
384		2209		619257		3566
385		2235		620562		3573
386		2233		621871		3575
387		2166		623022		3557
388		2174		624264		3566
389		2262		625660		3543
390		2263		626904		3578
391		2284		628299		3564
392		2269		629662		3564
393		2287		630970		3571
394		2312		632260		3600
395		2362		633591		3579
396		2427		634931		3564
397		2447		636402		3558
398		2363		637835		3564
399		2408		639288		3575
400		2324		640656		3583
401		2311		641984		3575
402		2308		643257		3568
403		2280		644731		3581
404		2240		646088		3575
405		2282		647435		3579
406		2269		648764		3588
407		2242		650103		3567
408		2210		651458		3569
409		2183		652807		3545
410		2146		653975		3555
411		2150		655239		3563
412		2150		656419		3594
413		2132		657627		3600
414		2116		658811		3577
415		2114		660031		3563
416		2061		661190		3554
417		2063		662291		3576
418		2074		663602		3589
419		2140		664744		3577
420		2137		666003		3572
421		2127		667306		3565
422		2127		668507		3583
423		2156		669688		3569
424		2152		670908		3574
425		2242		672239		3585
426		2297		673603		3568
427		2207		674874		3566
428		2291		676183		3575
429		2239		677434		3574
430		2225		678667		3585
431		2244		679864		3584
432		2225		681229		3587
433		2204		682609		3559
434		2210		683908		3554
435		2192		685301		3579
436		2283		686622		3560
437		2257		687868		3557
438		2308		689156		3569
439		2285		690535		3582
440		2340		691856		3570
441		2293		693075		3559
442		2272		694398		3576
443		2280		695671		3587
444		2238		696862		3571
445		2240		698122		3574
446		2235		699310		3564
447		2228		700640		3546
448		2235		701839		3572
449		2259		703163		3566
450		2256		704538		3584
451		2244		705802		3567
452		2303		707013		3586
453		2299		708215		3562
454		2317		709529		3563
455		2373		710912		3565
456		2373		712299		3552
457		2422		713626		3578
458		2385		715030		3566
459		2350		716319		3585
460		2412		717709		3584
461		2396		719053		3579
462		2369		720383		3600
463		2412		721735		3579
464		2441		723195		3564
465		2353		724665		3588
466		2313		726066		3603
467		2255		727427		3581
468		2210		728689		3568
469		2268		729972		3590
470		2367		731305		3576
471		2384		732683		3564
472		2365		734071		3567
473		2414		735433		3572
474		2403		736971		3584
475		2418		738440		3592
476		2366		739808		3598
477		2361		741145		3599
478		2364		742432		3601
479		2332		743751		3591
480		2284		745068		3591
481		2338		746452		3587
482		2357		747828		3571
483		2372		749159		3607
484		2348		750541		3576
485		2362		752046		3579
486		2346		753441		3586
487		2361		754805		3559
488		2374		756170		3565
489		2341		757612		3586
490		2357		758997		3572
491		2414		760341		3588
492		2340		761763		3587
493		2375		763149		3581
494		2413		764649		3591
495		2471		766136		3542
496		2505		767694		3541
497		2527		769181		3560
498		2504		770683		3550
499		2494		772077		3558
500		2569		773525		3582
501		2481		774980		3537
502		2440		776494		3569
503		2527		777965		3529
504		2481		779343		3552
505		2538		780686		3559
506		2551		782213		3556
507		2564		783578		3577
508		2673		785086		3568
509		2745		786733		3576
510		2634		788410		3565
511		2548		789825		3543
512		2527		791255		3536
513		2559		792716		3527
514		2506		794080		3537
515		2480		795484		3553
516		2454		796827		3541
517		2466		798234		3539
518		2425		799630		3556
519		2413		800997		3540
520		2423		802367		3547
521		2369		803688		3541
522		2390		804916		3542
523		2388		806136		3544
524		2398		807567		3524
525		2401		808838		3545
526		2493		810232		3536
527		2484		811653		3525
528		2468		812980		3522
529		2458		814340		3551
530		2497		815856		3556
531		2509		817238		3545
532		2542		818673		3564
533		2493		819917		3565
534		2606		821356		3541
535		2491		822866		3549
536		2570		824286		3527
537		2583		825737		3536
538		2534		827230		3544
539		2490		828690		3538
540		2456		830068		3531
541		2389		831247		3523
542		2393		832509		3527
543		2378		833852		3537
544		2361		835003		3525
545		2381		836353		3531
546		2400		837722		3551
547		2444		839159		3518
548		2432		840638		3541
549		2479		842057		3530
550		2452		843471		3515
551		2423		844940		3513
552		2485		846353		3523
553		2448		847958		3526
554		2405		849330		3542
555		2397		850662		3529
556		2411		852115		3528
557		2416		853500		3536
558		2363		854868		3546
559		2364		856176		3540
560		2323		857591		3506
561		2398		858947		3533
562		2332		860264		3519
563		2392		861547		3536
564		2381		862994		3523
565		2421		864554		3518
566		2429		865916		3529
567		2466		867394		3521
568		2449		868805		3517
569		2465		870196		3535
570		2408		871568		3521
571		2446		872904		3525
572		2392		874289		3542
573		2429		875665		3508
574		2435		876969		3523
575		2416		878328		3539
576		2465		879721		3531
577		2395		881211		3525
578		2371		882589		3537
579		2385		883799		3531
580		2359		885216		3517
581		2351		886602		3529
582		2417		888044		3526
583		2426		889378		3532
584		2398		890716		3533
585		2377		892140		3496
586		2372		893545		3530
587		2408		894908		3503
588		2397		896327		3476
589		2340		897709		3510
590		2394		899055		3511
591		2450		900453		3478
592		2424		901749		3490
593		2426		903116		3489
594		2457		904521		3498
595		2448		905929		3524
596		2392		907314		3509
597		2387		908710		3480
598		2413		910091		3497
599		2392		911458		3530
600		2413		912915		3504
601		2395		914382		3485
602		2366		915904		3500
603		2362		917328		3494
604		2434		918752		3492
605		2394		920209		3505
606		2390		921535		3509
607		2446		923017		3514
608		2375		924425		3518
609		2375		925873		3509
610		2281		927268		3510
611		2244		928599		3509
612		2272		929938		3533
613		2246		931329		3514
614		2242		932644		3526
615		2263		933932		3517
616		2253		935298		3511
617		2315		936604		3532
618		2344		937843		3530
619		2411		939251		3503
620		2356		940607		3518
621		2339		941909		3523
622		2346		943202		3517
623		2425		944607		3505
624		2444		945940		3519
625		2452		947449		3515
626		2523		948942		3524
627		2548		950495		3528
628		2572		952027		3550
629		2533		953558		3547
630		2540		954975		3535
631		2519		956458		3496
632		2522		957830		3558
633		2607		959295		3509
634		2604		960808		3526
635		2619		962358		3523
636		2545		963942		3527
637		2587		965483		3517
638		2612		966978		3517
639		2537		968620		3517
640		2468		969986		3533
641		2434		971223		3515
642		2430		972595		3517
643		2414		974033		3521
644		2372		975456		3508
645		2396		976776		3518
646		2433		978199		3524
647		2452		979585		3536
648		2480		980923		3554
649		2505		982370		3535
650		2513		983745		3544
651		2456		985194		3519
652		2490		986713		3513
653		2515		988167		3550
654		2416		989535		3540
655		2472		990963		3521
656		2512		992425		3518
657		2521		993929		3525
658		2487		995306		3535
659		2515		996706		3530
660		2486		998183		3510
661		2442		999480		3516
662		2498		1000953		3556
663		2416		1002295		3564
664		2374		1003541		3512
665		2444		1004805		3547
666		2457		1006173		3521
667		2396		1007518		3530
668		2371		1008830		3527
669		2450		1010094		3531
670		2407		1011471		3530
671		2450		1012737		3521
672		2375		1014148		3534
673		2426		1015541		3540
674		2436		1016984		3515
675		2443		1018453		3533
676		2387		1019864		3540
677		2401		1021208		3517
678		2444		1022586		3516
679		2445		1023999		3526
680		2415		1025516		3541
681		2433		1026905		3549
682		2446		1028515		3546
683		2435		1029876		3536
684		2410		1031328		3516
685		2397		1032718		3536
686		2401		1034101		3535
687		2396		1035503		3545
688		2377		1036833		3517
689		2459		1038217		3548
690		2439		1039686		3515
691		2452		1041072		3532
692		2510		1042508		3521
693		2494		1044036		3542
694		2519		1045498		3523
695		2524		1047010		3538
696		2498		1048444		3535
697		2515		1049981		3532
698		2499		1051517		3504
699		2528		1052965		3529
700		2525		1054431		3527
701		2522		1055913		3556
702		2528		1057475		3543
703		2489		1058948		3547
704		2531		1060459		3522
705		2517		1061868		3528
706		2454		1063230		3541
707		2496		1064804		3548
708		2472		1066108		3568
709		2463		1067555		3565
710		2435		1068910		3549
711		2408		1070349		3577
712		2436		1071753		3546
713		2439		1073225		3539
714		2443		1074563		3548
715		2477		1076017		3558
716		2474		1077498		3561
717		2440		1079059		3553
718		2454		1080498		3546
719		2462		1081967		3548
720		2475		1083528		3546
721		2505		1085015		3544
722		2475		1086446		3556
723		2507		1087964		3557
724		2487		1089412		3565
725		2489		1090974		3550
726		2366		1092362		3548
727		2403		1093831		3537
728		2371		1095220		3556
729		2365		1096581		3570
730		2288		1097983		3558
731		2291		1099325		3549
732		2315		1100713		3588
733		2357		1102104		3594
734		2326		1103567		3568
735		2316		1104897		3576
736		2271		1106343		3571
737		2294		1107810		3580
738		2296		1109221		3567
739		2241		1110502		3567
740		2322		1111709		3589
741		2323		1113184		3581
742		2279		1114513		3607
743		2238		1115836		3550
744		2250		1117150		3580
745		2288		1118506		3586
746		2261		1119874		3568
747		2259		1121240		3566
748		2216		1122653		3583
749		2183		1123983		3552
750		2199		1125386		3580
751		2260		1126758		3553
752		2268		1128128		3576
753		2306		1129443		3543
754		2350		1130867		3558
755		2268		1132315		3566
756		2247		1133748		3546
757		2272		1135125		3533
758		2218		1136464		3543
759		2240		1137768		3547
760		2259		1139152		3546
761		2210		1140429		3520
762		2201		1141843		3548
763		2293		1143238		3544
764		2389		1144719		3547
765		2377		1146221		3545
766		2329		1147743		3535
767		2332		1149239		3555
768		2388		1150722		3537
769		2377		1152281		3521
770		2369		1153887		3547
771		2343		1155329		3537
772		2372		1156778		3540
773		2385		1158260		3536
774		2367		1159712		3558
775		2380		1161126		3533
776		2363		1162600		3557
777		2386		1164080		3523
778		2364		1165574		3521
779		2340		1166979		3517
780		2358		1168309		3534
781		2331		1169768		3529
782		2345		1171202		3528
783		2329		1172643		3537
784		2298		1174010		3529
785		2297		1175460		3535
786		2364		1176955		3539
787		2426		1178433		3530
788		2401		1179904		3543
789		2377		1181294		3538
790		2428		1182736		3525
791		2403		1184156		3542
792		2398		1185672		3530
793		2358		1187109		3541
794		2360		1188558		3502
795		2377		1189968		3537
796		2349		1191337		3509
797		2332		1192653		3554
798		2374		1194091		3536
799		2325		1195445		3548
800		2332		1196806		3558
801		2323		1198158		3546
802		2301		1199543		3558
803		2262		1200835		3550
804		2280		1202174		3545
805		2338		1203536		3539
806		2354		1204872		3521
807		2307		1206211		3527
808		2276		1207615		3527
809		2273		1208992		3506
810		2241		1210254		3534
811		2218		1211481		3549
812		2186		1212675		3554
813		2251		1213961		3541
814		2263		1215239		3539
815		2297		1216595		3539
816		2329		1218043		3527
817		2370		1219447		3579
818		2385		1220872		3540
819		2308		1222228		3490
820		2367		1223516		3517
821		2312		1224793		3513
822		2325		1226105		3520
823		2304		1227439		3521
824		2407		1228847		3529
825		2421		1230225		3541
826		2426		1231663		3521
827		2448		1233158		3521
828		2418		1234662		3517
829		2466		1236055		3514
830		2428		1237437		3533
831		2385		1238926		3535
832		2414		1240379		3544
833		2411		1241724		3543
834		2439		1243233		3529
835		2469		1244759		3566
836		2482		1246346		3547
837		2499		1247823		3545
838		2449		1249314		3559
839		2417		1250795		3540
840		2381		1252220		3538
841		2321		1253629		3541
842		2355		1255113		3533
843		2316		1256478		3520
844		2317		1257808		3505
845		2334		1259186		3523
846		2336		1260544		3503
847		2257		1261901		3517
848		2287		1263240		3516
849		2313		1264481		3508
850		2342		1265712		3522
851		2412		1267190		3507
852		2333		1268657		3505
853		2345		1269970		3527
854		2352		1271179		3528
855		2342		1272561		3507
856		2359		1273871		3516
857		2297		1275166		3534
858		2237		1276400		3522
859		2217		1277759		3532
860		2233		1279091		3513
861		2268		1280364		3529
862		2321		1281799		3535
863		2231		1283013		3543
864		2285		1284401		3553
865		2368		1285708		3557
866		2390		1287092		3544
867		2363		1288433		3529
868		2335		1289794		3551
869		2312		1291204		3520
870		2346		1292419		3496
871		2346		1293845		3506
872		2375		1295258		3511
873		2377		1296735		3540
874		2280		1298096		3511
875		2266		1299350		3516
876		2249		1300721		3523
877		2192		1302015		3531
878		2245		1303474		3524
879		2278		1304875		3548
880		2250		1306289		3541
881		2264		1307601		3531
882		2274		1308905		3536
883		2305		1310228		3525
884		2326		1311595		3541
885		2287		1312863		3512
886		2311		1314306		3510
887		2301		1315624		3512
888		2314		1316885		3514
889		2326		1318265		3514
890		2332		1319518		3512
891		2354		1320868		3522
892		2250		1322208		3537
893		2304		1323500		3536
894		2301		1324895		3550
895		2321		1326294		3539
896		2283		1327556		3521
897		2331		1328751		3536
898		2347		1330101		3527
899		2338		1331401		3549
900		2386		1332724		3521
901		2331		1334111		3540
902		2314		1335451		3527
903		2265		1336763		3538
904		2328		1338084		3539
905		2293		1339367		3499
906		2291		1340638		3529
907		2320		1341992		3532
908		2363		1343398		3551
909		2292		1344628		3520
910		2371		1345921		3526
911		2378		1347282		3540
912		2370		1348639		3552
913		2384		1349965		3529
914		2416		1351268		3543
915		2356		1352620		3526
916		2329		1353919		3513
917		2290		1355212		3527
918		2347		1356504		3566
919		2391		1357803		3536
920		2345		1359052		3527
921		2385		1360349		3551
922		2330		1361604		3538
923		2292		1362836		3533
924		2314		1364116		3538
925		2329		1365363		3549
926		2370		1366739		3547
927		2339		1368116		3542
928		2314		1369413		3542
929		2254		1370662		3556
930		2223		1371941		3547
931		2311		1373310		3554
932		2277		1374707		3537
933		2290		1376075		3546
934		2337		1377541		3555
935		2376		1379016		3549
936		2374		1380390		3543
937		2318		1381817		3558
938		2300		1383131		3585
939		2296		1384520		3575
940		2283		1385801		3559
941		2321		1387123		3518
942		2329		1388497		3528
943		2393		1389902		3519
944		2381		1391235		3550
945		2379		1392662		3547
946		2371		1394032		3537
947		2393		1395410		3557
948		2327		1396783		3551
949		2322		1398017		3548
950		2358		1399384		3565
951		2379		1400727		3577
952		2344		1402038		3580
953		2387		1403363		3560
954		2358		1404823		3569
955		2250		1406204		3560
956		2266		1407460		3598
957		2233		1408799		3565
958		2261		1410128		3586
959		2280		1411417		3574
960		2307		1412678		3572
961		2245		1413956		3572
962		2237		1415216		3569
963		2227		1416456		3564
964		2226		1417698		3576
965		2269		1419031		3594
966		2261		1420338		3577
967		2309		1421628		3569
968		2355		1423032		3554
969		2334		1424303		3566
970		2364		1425703		3571
971		2304		1426998		3574
972		2318		1428354		3581
973		2278		1429662		3555
974		2298		1431017		3581
975		2257		1432245		3589
976		2288		1433511		3600
977		2273		1434870		3582
978		2360		1436209		3574
979		2312		1437501		3571
980		2274		1438680		3579
981		2264		1439972		3580
982		2249		1441234		3598
983		2290		1442513		3566
984		2271		1443769		3541
985		2327		1445079		3550
986		2294		1446399		3563
987		2310		1447705		3552
988		2320		1448931		3556
989		2329		1450138		3556
990		2361		1451421		3554
991		2335		1452785		3566
992		2348		1454125		3556
993		2283		1455322		3549
994		2326		1456607		3571
995		2344		1457890		3561
996		2386		1459145		3550
997		2366		1460408		3568
998		2367		1461720		3562
999		2356		1462993		3561
