# Migration is number of nodes that have changed color.

Round		Edge-Cut		Swaps		Migrations		Skipped
0		9243		4607		3260
1		8856		9103		3272
2		8621		13542		3382
3		8519		17921		3381
4		8340		22303		3401
5		8270		26628		3450
6		8168		30924		3509
7		8143		35197		3498
8		8192		39490		3491
9		8032		43778		3515
10		8096		48027		3492
11		8056		52288		3567
12		8047		56573		3538
13		7938		60797		3502
14		8077		65055		3538
15		8021		69316		3536
16		7993		73585		3529
17		8132		77866		3559
18		8032		82146		3567
19		8042		86441		3578
20		7980		90699		3554
21		7979		94925		3555
22		7959		99202		3561
23		7910		103430		3548
24		7879		107620		3515
25		7898		111827		3544
26		7806		115996		3515
27		7811		120164		3517
28		7740		124314		3517
29		7692		128492		3576
30		7701		132630		3577
31		7664		136765		3549
32		7690		140884		3568
33		7705		145014		3538
34		7802		149170		3528
35		7674		153347		3551
36		7684		157515		3521
37		7781		161723		3496
38		7825		165932		3520
39		7661		170072		3609
40		7746		174220		3541
41		7742		178419		3590
42		7781		182571		3624
43		7731		186712		3565
44		7735		190816		3506
45		7665		194963		3527
46		7645		199057		3571
47		7650		203182		3551
48		7582		207294		3550
49		7522		211428		3581
50		7524		215511		3563
51		7486		219546		3588
52		7487		223682		3563
53		7528		227772		3558
54		7581		231889		3534
55		7615		236003		3582
56		7571		240113		3605
57		7601		244207		3576
58		7637		248326		3580
59		7669		252445		3579
60		7626		256587		3512
61		7526		260633		3543
62		7438		264623		3557
63		7490		268663		3536
64		7492		272744		3549
65		7338		276790		3544
66		7468		280811		3516
67		7445		284826		3528
68		7359		288838		3575
69		7456		292835		3520
70		7515		296903		3534
71		7458		300917		3528
72		7484		304903		3561
73		7350		308879		3546
74		7405		312879		3531
75		7474		316861		3555
76		7449		320879		3569
77		7344		324830		3541
78		7359		328785		3610
79		7411		332759		3558
80		7344		336788		3579
81		7461		340746		3559
82		7519		344802		3536
83		7340		348767		3486
84		7376		352692		3531
85		7303		356584		3546
86		7375		360532		3564
87		7323		364536		3530
88		7277		368470		3579
89		7135		372407		3557
90		7287		376329		3520
91		7277		380242		3590
92		7321		384207		3537
93		7325		388191		3521
94		7373		392119		3497
95		7374		396070		3498
96		7329		400075		3505
97		7274		404033		3485
98		7141		407931		3550
99		7123		411785		3489
100		7096		415552		3455
101		7127		419370		3493
102		7119		423135		3518
103		6954		426864		3537
104		6990		430587		3530
105		7057		434391		3534
106		6970		438176		3499
107		7024		441903		3521
108		6896		445652		3539
109		7001		449494		3524
110		6959		453236		3546
111		6805		456978		3513
112		6871		460671		3537
113		6743		464392		3543
114		6713		468056		3560
115		6761		471785		3521
116		6762		475540		3538
117		6625		479195		3526
118		6604		482894		3550
119		6620		486493		3547
120		6564		490104		3541
121		6668		493726		3533
122		6618		497349		3490
123		6670		501017		3495
124		6532		504687		3507
125		6422		508210		3526
126		6338		511658		3513
127		6335		515149		3547
128		6295		518579		3584
129		6319		521992		3526
130		6300		525438		3544
131		6209		528856		3505
132		6227		532305		3529
133		6230		535712		3534
134		6183		538977		3540
135		6110		542239		3506
136		6114		545517		3521
137		6044		548765		3502
138		6067		551995		3517
139		5977		555230		3490
140		5915		558413		3529
141		5855		561645		3519
142		5937		564814		3505
143		5875		567975		3498
144		5828		571142		3480
145		5822		574399		3479
146		5780		577597		3491
147		5625		580707		3512
148		5669		583828		3555
149		5629		586955		3524
150		5632		590062		3501
151		5556		593185		3504
152		5545		596275		3504
153		5492		599346		3495
154		5408		602369		3556
155		5256		605356		3516
156		5128		608128		3545
157		5068		610919		3537
158		5064		613648		3494
159		5022		616373		3521
160		5050		619080		3527
161		4991		621747		3526
162		4851		624375		3556
163		4924		626995		3507
164		4851		629667		3525
165		4726		632277		3519
166		4705		634808		3520
167		4681		637442		3550
168		4756		640029		3534
169		4654		642568		3485
170		4704		645119		3510
171		4585		647713		3533
172		4586		650210		3534
173		4571		652729		3532
174		4610		655276		3529
175		4562		657743		3533
176		4635		660267		3536
177		4587		662646		3520
178		4591		665073		3534
179		4446		667353		3544
180		4387		669596		3542
181		4373		671823		3528
182		4292		674036		3526
183		4236		676269		3565
184		4207		678477		3542
185		4202		680672		3556
186		4082		682877		3528
187		4011		684924		3540
188		3938		686961		3566
189		3958		688940		3560
190		3939		690942		3543
191		3995		693021		3526
192		3927		695124		3521
193		3846		697060		3527
194		3777		699025		3553
195		3821		700970		3566
196		3808		702928		3478
197		3744		704930		3545
198		3740		706890		3575
199		3668		708708		3535
200		3608		710559		3548
201		3600		712458		3548
202		3532		714351		3509
203		3570		716124		3533
204		3576		718027		3536
205		3567		719820		3526
206		3413		721665		3513
207		3355		723305		3512
208		3357		724995		3528
209		3321		726769		3501
210		3318		728436		3507
211		3334		730132		3520
212		3341		731833		3499
213		3272		733590		3506
214		3231		735215		3492
215		3138		736831		3483
216		3100		738440		3490
217		3048		740068		3511
218		2959		741540		3525
219		2963		743136		3511
220		2962		744613		3513
221		2912		746182		3520
222		2921		747695		3508
223		2905		749095		3507
224		2842		750475		3501
225		2840		751872		3530
226		2894		753276		3499
227		2894		754695		3509
228		2887		756166		3511
229		2820		757551		3525
230		2789		758967		3512
231		2785		760383		3522
232		2788		761758		3528
233		2734		763075		3535
234		2700		764406		3514
235		2644		765612		3517
236		2648		766906		3517
237		2631		768204		3510
238		2661		769480		3519
239		2577		770710		3489
240		2561		771833		3486
241		2610		773039		3518
242		2589		774333		3507
243		2518		775568		3508
244		2495		776764		3515
245		2450		777848		3538
246		2430		779005		3524
247		2421		780141		3506
248		2424		781190		3502
249		2460		782289		3495
250		2371		783434		3509
251		2414		784582		3512
252		2316		785715		3516
253		2314		786719		3504
254		2259		787703		3486
255		2240		788785		3512
256		2194		789825		3499
257		2168		790797		3518
258		2149		791661		3511
259		2148		792613		3523
260		2134		793606		3524
261		2066		794404		3524
262		2043		795231		3511
263		2023		796130		3524
264		1942		796981		3516
265		1919		797756		3517
266		1898		798562		3496
267		1888		799424		3516
268		1858		800243		3508
269		1913		801076		3514
270		1863		801877		3503
271		1843		802653		3530
272		1827		803406		3526
273		1797		804151		3504
274		1782		804879		3528
275		1806		805642		3512
276		1809		806380		3525
277		1776		807226		3530
278		1810		807961		3541
279		1779		808744		3528
280		1753		809551		3526
281		1750		810248		3528
282		1717		810917		3510
283		1758		811684		3500
284		1776		812394		3527
285		1729		813136		3516
286		1699		813841		3515
287		1696		814497		3499
288		1657		815058		3528
289		1658		815697		3523
290		1636		816383		3516
291		1614		817021		3507
292		1619		817617		3532
293		1642		818262		3510
294		1625		818951		3519
295		1621		819727		3532
296		1580		820379		3540
297		1535		821061		3538
298		1548		821639		3521
299		1537		822223		3530
300		1521		822759		3535
301		1524		823388		3528
302		1541		824038		3547
303		1495		824647		3545
304		1480		825253		3539
305		1475		825858		3541
306		1480		826392		3536
307		1460		827011		3519
308		1444		827533		3527
309		1487		828083		3520
310		1507		828615		3521
311		1484		829198		3509
312		1483		829753		3515
313		1481		830307		3514
314		1476		830832		3511
315		1481		831383		3529
316		1485		831987		3518
317		1455		832623		3534
318		1459		833203		3526
319		1505		833832		3525
320		1495		834356		3547
321		1451		834957		3535
322		1461		835472		3552
323		1449		836011		3550
324		1479		836593		3543
325		1470		837203		3557
326		1448		837816		3546
327		1424		838426		3545
328		1435		839035		3535
329		1432		839569		3544
330		1436		840131		3541
331		1435		840702		3549
332		1411		841210		3540
333		1394		841794		3541
334		1324		842168		3544
335		1286		842500		3546
336		1238		842869		3532
337		1211		843151		3537
338		1171		843388		3537
339		1136		843608		3547
340		1109		843836		3545
341		1090		844035		3545
342		1066		844228		3547
343		1046		844377		3544
344		1034		844521		3544
345		1012		844655		3549
346		1005		844794		3540
347		1000		844914		3541
348		999		845041		3546
349		992		845173		3545
350		974		845310		3548
351		975		845417		3542
352		977		845506		3550
353		965		845638		3545
354		953		845719		3541
355		943		845814		3542
356		936		845901		3549
357		934		845989		3541
358		926		846061		3542
359		908		846148		3544
360		910		846232		3540
361		894		846320		3539
362		888		846379		3536
363		890		846451		3529
364		881		846531		3537
365		877		846617		3534
366		871		846687		3534
367		872		846755		3536
368		875		846816		3528
369		863		846874		3534
370		853		846932		3533
371		854		847027		3526
372		856		847076		3527
373		855		847148		3525
374		841		847223		3528
375		841		847279		3523
376		840		847336		3527
377		834		847408		3526
378		833		847450		3530
379		835		847489		3531
380		833		847537		3529
381		827		847578		3528
382		823		847606		3531
383		820		847640		3532
384		825		847679		3532
385		821		847715		3532
386		823		847763		3528
387		819		847801		3528
388		815		847831		3529
389		812		847859		3533
390		807		847889		3529
391		799		847916		3525
392		797		847947		3527
393		795		847967		3528
394		798		847985		3527
395		797		848016		3526
396		790		848045		3531
397		788		848075		3529
398		791		848112		3528
399		793		848142		3526
400		787		848166		3530
401		790		848193		3527
402		789		848214		3528
403		793		848256		3529
404		794		848279		3532
405		790		848308		3529
406		790		848330		3528
407		790		848348		3525
408		792		848384		3530
409		783		848427		3529
410		788		848450		3528
411		784		848471		3534
412		782		848493		3528
413		784		848518		3529
414		776		848538		3534
415		779		848563		3533
416		776		848594		3529
417		778		848604		3531
418		770		848617		3534
419		771		848643		3533
420		771		848663		3533
421		773		848687		3533
422		771		848698		3532
423		769		848711		3530
424		769		848731		3534
425		769		848740		3534
426		766		848754		3532
427		765		848771		3532
428		763		848789		3531
429		765		848801		3531
430		764		848807		3532
431		764		848819		3531
432		762		848828		3534
433		761		848835		3533
434		761		848851		3535
435		761		848861		3536
436		762		848869		3538
437		761		848886		3531
438		757		848898		3531
439		758		848909		3532
440		758		848916		3532
441		761		848922		3532
442		762		848931		3533
443		763		848941		3533
444		760		848946		3533
445		761		848949		3533
446		763		848958		3531
447		763		848967		3534
448		758		848985		3532
449		759		848991		3532
450		758		848995		3532
451		759		849001		3531
452		756		849006		3533
453		756		849014		3532
454		754		849018		3534
455		756		849020		3533
456		753		849025		3533
457		751		849028		3535
458		751		849030		3535
459		751		849031		3533
460		752		849033		3534
461		753		849039		3533
462		751		849045		3536
463		750		849052		3538
464		751		849055		3539
465		749		849058		3537
466		750		849059		3537
467		749		849062		3537
468		750		849063		3537
469		749		849066		3537
470		751		849068		3539
471		754		849072		3539
472		753		849075		3539
473		751		849078		3539
474		750		849080		3539
475		750		849082		3539
476		750		849084		3539
477		751		849085		3539
478		751		849086		3539
479		751		849088		3539
480		751		849090		3539
481		751		849091		3539
482		750		849096		3538
483		750		849098		3538
484		750		849099		3537
485		750		849100		3538
486		750		849103		3537
487		750		849104		3538
488		750		849106		3538
489		750		849107		3537
490		751		849111		3539
491		751		849113		3539
492		751		849115		3539
493		751		849123		3541
494		751		849126		3540
495		751		849129		3540
496		751		849131		3540
497		749		849132		3540
498		749		849133		3541
499		749		849134		3540
500		748		849138		3540
501		747		849140		3540
502		746		849142		3539
503		746		849142		3539
504		745		849143		3539
505		745		849146		3539
506		745		849148		3539
507		745		849150		3539
508		743		849153		3538
509		744		849157		3540
510		744		849158		3538
511		744		849166		3539
512		744		849175		3539
513		744		849179		3538
514		743		849185		3539
515		743		849195		3540
516		746		849200		3539
517		745		849206		3542
518		745		849211		3542
519		746		849216		3541
520		742		849234		3540
521		744		849240		3540
522		744		849244		3540
523		742		849247		3540
524		742		849247		3540
525		741		849249		3540
526		741		849250		3540
527		742		849251		3540
528		741		849253		3540
529		739		849255		3540
530		738		849256		3540
531		739		849258		3540
532		739		849259		3540
533		740		849260		3540
534		738		849262		3540
535		738		849262		3540
536		739		849264		3540
537		739		849264		3540
538		739		849265		3540
539		740		849266		3540
540		738		849268		3540
541		738		849270		3540
542		738		849272		3540
543		739		849275		3540
544		738		849278		3540
545		738		849278		3540
546		738		849280		3540
547		739		849283		3540
548		740		849284		3540
549		738		849286		3540
550		738		849288		3540
551		738		849290		3540
552		739		849291		3540
553		738		849294		3540
554		738		849294		3540
555		739		849295		3540
556		738		849298		3540
557		738		849298		3540
558		739		849301		3540
559		740		849302		3540
560		742		849304		3539
561		739		849305		3539
562		739		849305		3539
563		737		849306		3540
564		737		849306		3540
565		737		849306		3540
566		737		849306		3540
567		737		849306		3540
568		737		849306		3540
569		737		849306		3540
570		737		849306		3540
571		737		849306		3540
572		737		849306		3540
573		737		849306		3540
574		737		849306		3540
575		737		849306		3540
576		737		849306		3540
577		737		849306		3540
578		737		849306		3540
579		737		849306		3540
580		737		849306		3540
581		737		849306		3540
582		737		849306		3540
583		737		849306		3540
584		737		849306		3540
585		737		849306		3540
586		737		849306		3540
587		737		849306		3540
588		737		849306		3540
589		737		849306		3540
590		737		849306		3540
591		737		849306		3540
592		737		849306		3540
593		737		849306		3540
594		737		849306		3540
595		737		849306		3540
596		737		849306		3540
597		737		849306		3540
598		737		849306		3540
599		737		849306		3540
600		737		849306		3540
601		737		849306		3540
602		737		849306		3540
603		737		849306		3540
604		737		849306		3540
605		737		849306		3540
606		737		849306		3540
607		737		849306		3540
608		737		849306		3540
609		737		849306		3540
610		737		849306		3540
611		737		849306		3540
612		737		849306		3540
613		737		849306		3540
614		737		849306		3540
615		737		849306		3540
616		737		849306		3540
617		737		849306		3540
618		737		849306		3540
619		737		849306		3540
620		737		849306		3540
621		737		849306		3540
622		737		849306		3540
623		737		849306		3540
624		737		849306		3540
625		737		849306		3540
626		737		849306		3540
627		737		849306		3540
628		737		849306		3540
629		737		849306		3540
630		737		849306		3540
631		737		849306		3540
632		737		849306		3540
633		737		849306		3540
634		737		849306		3540
635		737		849306		3540
636		737		849306		3540
637		737		849306		3540
638		737		849306		3540
639		737		849306		3540
640		737		849306		3540
641		737		849306		3540
642		737		849306		3540
643		737		849306		3540
644		737		849306		3540
645		737		849306		3540
646		737		849306		3540
647		737		849306		3540
648		737		849306		3540
649		737		849306		3540
650		737		849306		3540
651		737		849306		3540
652		737		849306		3540
653		737		849306		3540
654		737		849306		3540
655		737		849306		3540
656		737		849306		3540
657		737		849306		3540
658		737		849306		3540
659		737		849306		3540
660		737		849306		3540
661		737		849306		3540
662		737		849306		3540
663		737		849306		3540
664		737		849306		3540
665		737		849306		3540
666		737		849306		3540
667		737		849306		3540
668		737		849306		3540
669		737		849306		3540
670		737		849306		3540
671		737		849306		3540
672		737		849306		3540
673		737		849306		3540
674		737		849306		3540
675		737		849306		3540
676		737		849306		3540
677		737		849306		3540
678		737		849306		3540
679		737		849306		3540
680		737		849306		3540
681		737		849306		3540
682		737		849306		3540
683		737		849306		3540
684		737		849306		3540
685		737		849306		3540
686		737		849306		3540
687		737		849306		3540
688		737		849306		3540
689		737		849306		3540
690		737		849306		3540
691		737		849306		3540
692		737		849306		3540
693		737		849306		3540
694		737		849306		3540
695		737		849306		3540
696		737		849306		3540
697		737		849306		3540
698		737		849306		3540
699		737		849306		3540
700		737		849306		3540
701		737		849306		3540
702		737		849306		3540
703		737		849306		3540
704		737		849306		3540
705		737		849306		3540
706		737		849306		3540
707		737		849306		3540
708		737		849306		3540
709		737		849306		3540
710		737		849306		3540
711		737		849306		3540
712		737		849306		3540
713		737		849306		3540
714		737		849306		3540
715		737		849306		3540
716		737		849306		3540
717		737		849306		3540
718		737		849306		3540
719		737		849306		3540
720		737		849306		3540
721		737		849306		3540
722		737		849306		3540
723		737		849306		3540
724		737		849306		3540
725		737		849306		3540
726		737		849306		3540
727		737		849306		3540
728		737		849306		3540
729		737		849306		3540
730		737		849306		3540
731		737		849306		3540
732		737		849306		3540
733		737		849306		3540
734		737		849306		3540
735		737		849306		3540
736		737		849306		3540
737		737		849306		3540
738		737		849306		3540
739		737		849306		3540
740		737		849306		3540
741		737		849306		3540
742		737		849306		3540
743		737		849306		3540
744		737		849306		3540
745		737		849306		3540
746		737		849306		3540
747		737		849306		3540
748		737		849306		3540
749		737		849306		3540
750		737		849306		3540
751		737		849306		3540
752		737		849306		3540
753		737		849306		3540
754		737		849306		3540
755		737		849306		3540
756		737		849306		3540
757		737		849306		3540
758		737		849306		3540
759		737		849306		3540
760		737		849306		3540
761		737		849306		3540
762		737		849306		3540
763		737		849306		3540
764		737		849306		3540
765		737		849306		3540
766		737		849306		3540
767		737		849306		3540
768		737		849306		3540
769		737		849306		3540
770		737		849306		3540
771		737		849306		3540
772		737		849306		3540
773		737		849306		3540
774		737		849306		3540
775		737		849306		3540
776		737		849306		3540
777		737		849306		3540
778		737		849306		3540
779		737		849306		3540
780		737		849306		3540
781		737		849306		3540
782		737		849306		3540
783		737		849306		3540
784		737		849306		3540
785		737		849306		3540
786		737		849306		3540
787		737		849306		3540
788		737		849306		3540
789		737		849306		3540
790		737		849306		3540
791		737		849306		3540
792		737		849306		3540
793		737		849306		3540
794		737		849306		3540
795		737		849306		3540
796		737		849306		3540
797		737		849306		3540
798		737		849306		3540
799		737		849306		3540
800		737		849306		3540
801		737		849306		3540
802		737		849306		3540
803		737		849306		3540
804		737		849306		3540
805		737		849306		3540
806		737		849306		3540
807		737		849306		3540
808		737		849306		3540
809		737		849306		3540
810		737		849306		3540
811		737		849306		3540
812		737		849306		3540
813		737		849306		3540
814		737		849306		3540
815		737		849306		3540
816		737		849306		3540
817		737		849306		3540
818		737		849306		3540
819		737		849306		3540
820		737		849306		3540
821		737		849306		3540
822		737		849306		3540
823		737		849306		3540
824		737		849306		3540
825		737		849306		3540
826		737		849306		3540
827		737		849306		3540
828		737		849306		3540
829		737		849306		3540
830		737		849306		3540
831		737		849306		3540
832		737		849306		3540
833		737		849306		3540
834		737		849306		3540
835		737		849306		3540
836		737		849306		3540
837		737		849306		3540
838		737		849306		3540
839		737		849306		3540
840		737		849306		3540
841		737		849306		3540
842		737		849306		3540
843		737		849306		3540
844		737		849306		3540
845		737		849306		3540
846		737		849306		3540
847		737		849306		3540
848		737		849306		3540
849		737		849306		3540
850		737		849306		3540
851		737		849306		3540
852		737		849306		3540
853		737		849306		3540
854		737		849306		3540
855		737		849306		3540
856		737		849306		3540
857		737		849306		3540
858		737		849306		3540
859		737		849306		3540
860		737		849306		3540
861		737		849306		3540
862		737		849306		3540
863		737		849306		3540
864		737		849306		3540
865		737		849306		3540
866		737		849306		3540
867		737		849306		3540
868		737		849306		3540
869		737		849306		3540
870		737		849306		3540
871		737		849306		3540
872		737		849306		3540
873		737		849306		3540
874		737		849306		3540
875		737		849306		3540
876		737		849306		3540
877		737		849306		3540
878		737		849306		3540
879		737		849306		3540
880		737		849306		3540
881		737		849306		3540
882		737		849306		3540
883		737		849306		3540
884		737		849306		3540
885		737		849306		3540
886		737		849306		3540
887		737		849306		3540
888		737		849306		3540
889		737		849306		3540
890		737		849306		3540
891		737		849306		3540
892		737		849306		3540
893		737		849306		3540
894		737		849306		3540
895		737		849306		3540
896		737		849306		3540
897		737		849306		3540
898		737		849306		3540
899		737		849306		3540
900		737		849306		3540
901		737		849306		3540
902		737		849306		3540
903		737		849306		3540
904		737		849306		3540
905		737		849306		3540
906		737		849306		3540
907		737		849306		3540
908		737		849306		3540
909		737		849306		3540
910		737		849306		3540
911		737		849306		3540
912		737		849306		3540
913		737		849306		3540
914		737		849306		3540
915		737		849306		3540
916		737		849306		3540
917		737		849306		3540
918		737		849306		3540
919		737		849306		3540
920		737		849306		3540
921		737		849306		3540
922		737		849306		3540
923		737		849306		3540
924		737		849306		3540
925		737		849306		3540
926		737		849306		3540
927		737		849306		3540
928		737		849306		3540
929		737		849306		3540
930		737		849306		3540
931		737		849306		3540
932		737		849306		3540
933		737		849306		3540
934		737		849306		3540
935		737		849306		3540
936		737		849306		3540
937		737		849306		3540
938		737		849306		3540
939		737		849306		3540
940		737		849306		3540
941		737		849306		3540
942		737		849306		3540
943		737		849306		3540
944		737		849306		3540
945		737		849306		3540
946		737		849306		3540
947		737		849306		3540
948		737		849306		3540
949		737		849306		3540
950		737		849306		3540
951		737		849306		3540
952		737		849306		3540
953		737		849306		3540
954		737		849306		3540
955		737		849306		3540
956		737		849306		3540
957		737		849306		3540
958		737		849306		3540
959		737		849306		3540
960		737		849306		3540
961		737		849306		3540
962		737		849306		3540
963		737		849306		3540
964		737		849306		3540
965		737		849306		3540
966		737		849306		3540
967		737		849306		3540
968		737		849306		3540
969		737		849306		3540
970		737		849306		3540
971		737		849306		3540
972		737		849306		3540
973		737		849306		3540
974		737		849306		3540
975		737		849306		3540
976		737		849306		3540
977		737		849306		3540
978		737		849306		3540
979		737		849306		3540
980		737		849306		3540
981		737		849306		3540
982		737		849306		3540
983		737		849306		3540
984		737		849306		3540
985		737		849306		3540
986		737		849306		3540
987		737		849306		3540
988		737		849306		3540
989		737		849306		3540
990		737		849306		3540
991		737		849306		3540
992		737		849306		3540
993		737		849306		3540
994		737		849306		3540
995		737		849306		3540
996		737		849306		3540
997		737		849306		3540
998		737		849306		3540
999		737		849306		3540
