# Migration is number of nodes that have changed color.

Round		Edge-Cut		Swaps		Migrations		Skipped		ExecutionTime 
0		8822		4205		3182		188
1		7969		7873		3201		245
2		7335		11133		3274		297
3		6852		14047		3278		333
4		6347		16704		3329		370
5		6065		19213		3319		411
6		5867		21585		3377		449
7		5661		23912		3366		486
8		5417		26086		3359		524
9		5215		28232		3365		555
10		5059		30176		3395		582
11		4819		32169		3368		611
12		4689		33997		3427		641
13		4482		35714		3451		675
14		4314		37453		3408		705
15		4174		39078		3438		737
16		4066		40660		3437		768
17		3973		42248		3403		804
18		3869		43685		3395		837
19		3781		45086		3451		869
20		3694		46438		3387		906
21		3655		47859		3438		938
22		3568		49127		3403		973
23		3471		50423		3406		1009
24		3420		51660		3422		1047
25		3351		52889		3415		1082
26		3258		54053		3394		1119
27		3191		55185		3408		1155
28		3123		56279		3423		1191
29		3045		57374		3390		1232
30		3041		58439		3397		1271
31		3019		59468		3403		1309
32		2974		60568		3399		1346
33		2985		61627		3399		1387
34		2907		62655		3390		1421
35		2897		63669		3413		1453
36		2891		64723		3439		1488
37		2972		65813		3443		1530
38		2865		66886		3446		1566
39		2916		67886		3442		1611
40		2907		68961		3447		1649
41		2862		70007		3456		1686
42		2843		71062		3451		1722
43		2768		72097		3449		1759
44		2759		73096		3452		1795
45		2741		74032		3435		1835
46		2687		75039		3446		1876
47		2654		75901		3445		1913
48		2639		76882		3464		1950
49		2585		77779		3438		1987
50		2597		78687		3449		2025
51		2546		79556		3437		2064
52		2555		80427		3444		2100
53		2568		81408		3460		2137
54		2561		82191		3452		2182
55		2578		83156		3438		2221
56		2597		84054		3484		2260
57		2564		85040		3451		2299
58		2602		85994		3447		2339
59		2574		86994		3469		2376
60		2474		87870		3476		2421
61		2460		88729		3462		2459
62		2456		89602		3479		2497
63		2433		90449		3443		2537
64		2416		91330		3473		2576
65		2423		92114		3478		2615
66		2421		92997		3453		2652
67		2435		93888		3477		2690
68		2383		94845		3484		2728
69		2409		95752		3489		2767
70		2400		96635		3494		2805
71		2402		97521		3479		2844
72		2359		98371		3471		2884
73		2327		99267		3449		2925
74		2294		100082		3455		2964
75		2275		100987		3465		3003
76		2289		101866		3465		3041
77		2246		102688		3457		3078
78		2275		103516		3453		3119
79		2240		104299		3445		3159
80		2227		105071		3469		3197
81		2232		105836		3461		3237
82		2239		106585		3489		3276
83		2240		107357		3473		3316
84		2185		108157		3482		3356
85		2186		108903		3463		3403
86		2191		109614		3472		3443
87		2156		110380		3473		3484
88		2193		111195		3470		3524
89		2205		111946		3474		3569
90		2192		112740		3457		3619
91		2226		113460		3476		3670
92		2184		114240		3477		3711
93		2183		115036		3477		3750
94		2155		115822		3484		3791
95		2093		116620		3484		3831
96		2150		117347		3464		3874
97		2114		118120		3479		3916
98		2108		118880		3478		3957
99		2124		119657		3500		3997
100		2161		120462		3474		4032
101		2133		121208		3470		4071
102		2119		122009		3463		4108
103		2121		122773		3480		4147
104		2088		123486		3463		4185
105		2105		124205		3478		4223
106		2080		125001		3501		4268
107		2076		125750		3484		4307
108		2071		126447		3476		4346
109		2074		127218		3486		4391
110		2061		127918		3479		4438
111		2050		128634		3472		4482
112		2080		129372		3474		4520
113		2059		130127		3474		4558
114		2078		130879		3455		4600
115		2069		131585		3469		4640
116		2041		132299		3474		4681
117		2078		133038		3493		4720
118		2027		133805		3482		4760
119		2085		134561		3482		4804
120		2028		135243		3481		4845
121		2030		135985		3502		4888
122		2022		136708		3493		4930
123		1999		137463		3502		4966
124		2008		138193		3506		5002
125		1991		138950		3521		5037
126		1960		139611		3506		5074
127		1941		140356		3516		5112
128		1927		141096		3494		5150
129		1918		141761		3516		5189
130		1897		142421		3520		5231
131		1895		143110		3520		5271
132		1840		143792		3512		5313
133		1848		144414		3520		5350
134		1889		145034		3511		5393
135		1904		145710		3508		5433
136		1896		146345		3522		5471
137		1901		146971		3535		5513
138		1878		147619		3523		5553
139		1824		148257		3500		5595
140		1808		148885		3502		5639
141		1833		149509		3509		5683
142		1792		150192		3510		5728
143		1802		150897		3476		5770
144		1796		151516		3478		5811
145		1794		152184		3489		5860
146		1790		152789		3500		5906
147		1783		153448		3501		5953
148		1753		154089		3512		6005
149		1746		154672		3499		6050
150		1785		155299		3516		6096
151		1783		155927		3497		6139
152		1800		156621		3495		6182
153		1838		157311		3501		6231
154		1807		158100		3508		6293
155		1825		158708		3516		6339
156		1825		159386		3497		6384
157		1811		159980		3494		6426
158		1788		160610		3510		6466
159		1829		161337		3506		6502
160		1836		161958		3499		6539
161		1819		162602		3485		6582
162		1809		163250		3500		6627
163		1787		163883		3491		6669
164		1816		164531		3513		6705
165		1826		165233		3494		6744
166		1849		165908		3524		6780
167		1782		166602		3526		6817
168		1793		167259		3527		6856
169		1766		167988		3518		6897
170		1702		168583		3518		6936
171		1704		169248		3512		6977
172		1715		169826		3507		7015
173		1692		170444		3518		7059
174		1664		171039		3513		7096
175		1661		171589		3505		7135
176		1632		172141		3501		7174
177		1645		172828		3500		7211
178		1655		173372		3487		7249
179		1647		173937		3500		7291
180		1651		174516		3487		7333
181		1678		175144		3497		7370
182		1687		175814		3485		7406
183		1716		176439		3491		7446
184		1692		177082		3488		7487
185		1661		177693		3518		7525
186		1669		178282		3497		7565
187		1680		178859		3489		7606
188		1666		179457		3497		7645
189		1676		180036		3491		7684
190		1676		180613		3513		7722
191		1660		181219		3505		7762
192		1667		181886		3508		7800
193		1637		182511		3513		7842
194		1671		183122		3504		7883
195		1696		183791		3516		7923
196		1683		184433		3501		7968
197		1660		185103		3518		8009
198		1635		185728		3510		8047
199		1637		186337		3526		8087
200		1654		186969		3512		8125
201		1684		187676		3501		8162
202		1650		188351		3510		8200
203		1649		189039		3519		8237
204		1636		189656		3508		8274
205		1668		190228		3521		8314
206		1638		190937		3512		8355
207		1606		191567		3504		8399
208		1596		192235		3516		8438
209		1601		192877		3509		8478
210		1630		193536		3515		8518
211		1636		194171		3526		8560
212		1628		194736		3523		8608
213		1604		195312		3525		8650
214		1612		195957		3510		8688
215		1567		196585		3493		8729
216		1539		197202		3498		8767
217		1531		197784		3504		8808
218		1516		198360		3497		8848
219		1486		198885		3495		8888
220		1532		199407		3500		8927
221		1558		200054		3500		8967
222		1545		200738		3510		9005
223		1486		201378		3501		9045
224		1472		201927		3512		9086
225		1452		202494		3492		9127
226		1435		203034		3502		9167
227		1386		203556		3501		9207
228		1379		204025		3501		9245
229		1384		204483		3494		9284
230		1413		204972		3503		9324
231		1375		205492		3515		9364
232		1356		205946		3505		9406
233		1400		206465		3519		9449
234		1386		206937		3520		9487
235		1389		207393		3484		9531
236		1389		207921		3494		9569
237		1373		208377		3496		9611
238		1383		208843		3498		9653
239		1380		209376		3497		9695
240		1374		209851		3499		9738
241		1356		210370		3518		9778
242		1362		210792		3502		9818
243		1377		211306		3523		9861
244		1355		211822		3508		9902
245		1319		212355		3516		9943
246		1353		212893		3514		9985
247		1329		213359		3516		10026
248		1319		213840		3520		10069
249		1343		214350		3515		10116
250		1362		214800		3518		10166
251		1348		215391		3520		10207
252		1354		215891		3516		10252
253		1346		216385		3523		10295
254		1396		216899		3527		10335
255		1353		217376		3544		10379
256		1368		218036		3528		10421
257		1412		218626		3518		10464
258		1416		219203		3508		10506
259		1372		219765		3519		10547
260		1413		220298		3501		10588
261		1421		220898		3515		10631
262		1408		221469		3517		10681
263		1380		221966		3504		10724
264		1373		222521		3507		10767
265		1385		223003		3507		10813
266		1401		223575		3515		10855
267		1373		224100		3511		10893
268		1347		224669		3526		10931
269		1332		225160		3516		10970
270		1325		225628		3507		11011
271		1313		226137		3514		11050
272		1318		226600		3519		11092
273		1315		227141		3509		11131
274		1344		227611		3520		11174
275		1315		228173		3510		11212
276		1314		228666		3520		11252
277		1340		229171		3515		11289
278		1305		229684		3519		11331
279		1307		230266		3510		11366
280		1304		230731		3521		11402
281		1275		231220		3510		11441
282		1262		231638		3506		11480
283		1269		232108		3510		11519
284		1272		232682		3511		11566
285		1237		233141		3513		11623
286		1257		233622		3511		11670
287		1242		234158		3516		11709
288		1221		234607		3507		11748
289		1224		235070		3524		11787
290		1257		235500		3500		11828
291		1279		235956		3506		11879
292		1299		236454		3516		11919
293		1304		236939		3512		11961
294		1283		237384		3521		12001
295		1284		237909		3509		12040
296		1281		238407		3503		12078
297		1316		238893		3508		12113
298		1305		239406		3508		12150
299		1310		239938		3508		12186
300		1306		240444		3523		12225
301		1276		240923		3522		12263
302		1285		241500		3498		12303
303		1284		241994		3514		12346
304		1292		242541		3522		12389
305		1281		242976		3530		12432
306		1291		243487		3538		12473
307		1281		244016		3518		12513
308		1266		244535		3533		12553
309		1258		245031		3514		12596
310		1264		245527		3515		12634
311		1270		246023		3528		12675
312		1277		246504		3519		12716
313		1252		246988		3496		12760
314		1234		247423		3496		12797
315		1261		247882		3507		12841
316		1252		248370		3502		12878
317		1257		248838		3497		12915
318		1267		249363		3503		12951
319		1257		249864		3511		12990
320		1236		250397		3522		13027
321		1233		250862		3514		13064
322		1218		251349		3545		13106
323		1220		251849		3515		13143
324		1232		252253		3525		13182
325		1252		252726		3530		13220
326		1232		253214		3523		13259
327		1209		253637		3527		13295
328		1210		254140		3534		13335
329		1243		254625		3508		13376
330		1230		255101		3515		13418
331		1270		255629		3496		13460
332		1312		256140		3504		13501
333		1241		256665		3510		13542
334		1252		257208		3506		13586
335		1264		257811		3524		13637
336		1284		258307		3514		13683
337		1306		258833		3503		13724
338		1294		259393		3511		13762
339		1274		259917		3491		13799
340		1278		260439		3505		13835
341		1259		260946		3524		13872
342		1226		261425		3514		13912
343		1232		261866		3505		13949
344		1241		262372		3495		13985
345		1259		262857		3499		14028
346		1270		263417		3501		14069
347		1310		264041		3510		14110
348		1284		264583		3485		14153
349		1283		265143		3487		14190
350		1262		265610		3497		14226
351		1277		266102		3484		14267
352		1232		266666		3490		14303
353		1235		267121		3510		14342
354		1197		267577		3510		14383
355		1197		268002		3507		14419
356		1226		268433		3508		14457
357		1230		268890		3507		14494
358		1257		269429		3507		14530
359		1235		269924		3503		14566
360		1263		270412		3503		14606
361		1287		270990		3484		14642
362		1271		271453		3502		14679
363		1262		271974		3504		14717
364		1245		272532		3524		14753
365		1257		273086		3526		14790
366		1278		273619		3515		14828
367		1279		274104		3500		14872
368		1262		274631		3515		14911
369		1263		275179		3497		14952
370		1237		275700		3502		14987
371		1222		276191		3495		15023
372		1243		276677		3488		15058
373		1260		277148		3494		15094
374		1244		277611		3513		15131
375		1229		278039		3510		15169
376		1263		278514		3518		15207
377		1285		279010		3503		15243
378		1265		279533		3521		15280
379		1250		279990		3507		15320
380		1217		280421		3513		15369
381		1240		280905		3504		15426
382		1285		281457		3520		15472
383		1285		281943		3524		15509
384		1296		282466		3500		15547
385		1280		282952		3508		15585
386		1265		283491		3517		15632
387		1276		283956		3508		15672
388		1280		284457		3505		15716
389		1276		284968		3506		15756
390		1250		285485		3533		15795
391		1235		285965		3522		15836
392		1249		286467		3518		15877
393		1257		286978		3510		15918
394		1209		287418		3514		15963
395		1208		287863		3508		16005
396		1213		288337		3510		16047
397		1249		288820		3521		16089
398		1268		289331		3515		16129
399		1256		289803		3516		16169
400		1285		290352		3520		16208
401		1271		290856		3521		16248
402		1258		291323		3534		16287
403		1261		291803		3544		16327
404		1277		292314		3538		16370
405		1267		292798		3532		16424
406		1255		293300		3514		16474
407		1249		293836		3514		16525
408		1256		294334		3535		16570
409		1268		294831		3516		16619
410		1242		295355		3509		16663
411		1234		295897		3532		16704
412		1247		296447		3535		16775
413		1254		296911		3531		16820
414		1265		297453		3522		16861
415		1242		297995		3512		16902
416		1248		298499		3525		16944
417		1244		299065		3501		16986
418		1222		299562		3520		17028
419		1191		300058		3511		17068
420		1170		300490		3522		17114
421		1162		300946		3521		17154
422		1161		301417		3519		17200
423		1139		301856		3528		17240
424		1147		302256		3518		17281
425		1166		302708		3523		17323
426		1123		303083		3517		17365
427		1141		303490		3532		17418
428		1124		303877		3532		17461
429		1116		304246		3528		17502
430		1099		304643		3518		17544
431		1124		305034		3507		17584
432		1138		305401		3525		17630
433		1115		305828		3531		17672
434		1138		306285		3513		17712
435		1110		306685		3526		17771
436		1112		307088		3511		17826
437		1094		307465		3513		17878
438		1116		307874		3515		17930
439		1085		308266		3524		17976
440		1106		308663		3503		18019
441		1096		309082		3523		18062
442		1069		309479		3504		18111
443		1043		309877		3516		18162
444		1050		310234		3522		18205
445		1051		310591		3515		18253
446		1044		310938		3524		18301
447		1061		311295		3523		18351
448		1075		311725		3511		18403
449		1082		312172		3520		18452
450		1070		312556		3515		18504
451		1108		312998		3503		18552
452		1099		313437		3505		18597
453		1107		313853		3516		18643
454		1100		314286		3516		18687
455		1090		314702		3503		18736
456		1098		315057		3512		18782
457		1128		315493		3512		18832
458		1142		315999		3523		18879
459		1164		316470		3520		18926
460		1159		316968		3512		18972
461		1151		317459		3508		19022
462		1145		317900		3517		19066
463		1151		318336		3523		19109
464		1152		318855		3527		19153
465		1136		319290		3528		19195
466		1133		319677		3512		19237
467		1149		320123		3513		19277
468		1125		320612		3514		19319
469		1119		321042		3504		19361
470		1097		321470		3513		19405
471		1116		321888		3526		19445
472		1118		322365		3512		19489
473		1125		322885		3523		19535
474		1117		323298		3516		19585
475		1091		323710		3537		19631
476		1121		324127		3522		19675
477		1109		324525		3511		19717
478		1085		324949		3522		19761
479		1095		325474		3504		19804
480		1066		325869		3518		19846
481		1068		326315		3529		19889
482		1082		326785		3528		19931
483		1121		327257		3519		19973
484		1155		327755		3525		20014
485		1154		328292		3519		20055
486		1147		328777		3514		20097
487		1160		329280		3520		20138
488		1129		329737		3524		20183
489		1105		330247		3523		20226
490		1106		330696		3539		20268
491		1089		331104		3524		20309
492		1077		331524		3543		20349
493		1094		331934		3544		20394
494		1092		332329		3552		20439
495		1140		332766		3530		20481
496		1113		333205		3531		20523
497		1108		333691		3529		20565
498		1106		334172		3522		20609
499		1104		334585		3528		20651
500		1114		335053		3518		20695
501		1134		335520		3520		20742
502		1144		335983		3532		20786
503		1161		336435		3526		20829
504		1149		336929		3534		20873
505		1134		337376		3520		20915
506		1154		337909		3536		20960
507		1148		338390		3510		21001
508		1153		338867		3517		21043
509		1166		339350		3520		21086
510		1170		339852		3512		21128
511		1137		340329		3497		21171
512		1123		340738		3514		21213
513		1129		341178		3515		21257
514		1114		341642		3509		21300
515		1073		342091		3521		21341
516		1062		342536		3523		21382
517		1059		342968		3536		21424
518		1077		343359		3537		21467
519		1080		343720		3532		21512
520		1082		344141		3551		21549
521		1104		344609		3526		21591
522		1095		345057		3538		21636
523		1080		345526		3542		21677
524		1073		345994		3528		21714
525		1061		346444		3524		21756
526		1083		346900		3517		21796
527		1086		347316		3523		21835
528		1125		347731		3520		21875
529		1129		348240		3527		21916
530		1136		348689		3539		21956
531		1132		349207		3504		21999
532		1140		349614		3504		22042
533		1138		350121		3512		22077
534		1127		350601		3522		22114
535		1114		351092		3523		22147
536		1113		351516		3536		22183
537		1132		352000		3533		22220
538		1139		352460		3529		22257
539		1151		352937		3534		22296
540		1123		353444		3525		22334
541		1133		353913		3538		22372
542		1162		354419		3530		22408
543		1160		354918		3540		22451
544		1143		355415		3524		22488
545		1132		355965		3530		22529
546		1150		356435		3506		22565
547		1172		356908		3518		22608
548		1148		357400		3539		22649
549		1138		357879		3524		22685
550		1142		358361		3542		22723
551		1138		358887		3534		22760
552		1112		359404		3540		22799
553		1111		359879		3529		22836
554		1099		360321		3541		22875
555		1111		360748		3519		22913
556		1112		361246		3527		22950
557		1089		361694		3528		22987
558		1087		362125		3531		23026
559		1113		362531		3522		23063
560		1109		362997		3521		23106
561		1115		363444		3524		23151
562		1093		363866		3546		23197
563		1088		364360		3528		23241
564		1111		364828		3525		23283
565		1091		365378		3529		23324
566		1090		365838		3539		23363
567		1082		366334		3532		23403
568		1088		366800		3514		23444
569		1103		367251		3517		23491
570		1106		367674		3529		23532
571		1075		368107		3530		23577
572		1057		368530		3540		23621
573		1087		368935		3545		23666
574		1069		369404		3526		23706
575		1054		369810		3531		23749
576		1085		370281		3538		23792
577		1044		370728		3515		23835
578		1053		371142		3520		23883
579		1052		371574		3536		23926
580		1094		372019		3536		23968
581		1062		372437		3543		24010
582		1057		372811		3549		24052
583		1077		373326		3517		24093
584		1056		373739		3514		24142
585		1048		374133		3528		24185
586		1069		374574		3530		24227
587		1084		375080		3526		24269
588		1090		375495		3510		24313
589		1098		375960		3502		24354
590		1057		376357		3524		24398
591		1074		376750		3518		24442
592		1070		377166		3515		24484
593		1099		377558		3514		24523
594		1079		378055		3529		24563
595		1086		378492		3523		24605
596		1098		378953		3524		24644
597		1100		379374		3521		24689
598		1115		379835		3527		24729
599		1081		380217		3535		24772
600		1105		380687		3520		24814
601		1056		381097		3509		24853
602		1057		381521		3516		24895
603		1051		381935		3507		24935
604		1057		382334		3503		24985
605		1061		382753		3514		25026
606		1078		383211		3502		25067
607		1075		383699		3515		25106
608		1047		384079		3525		25147
609		1082		384496		3527		25186
610		1077		384958		3530		25227
611		1096		385417		3531		25269
612		1070		385874		3519		25311
613		1072		386312		3507		25349
614		1085		386802		3511		25391
615		1096		387334		3515		25430
616		1109		387781		3510		25473
617		1080		388213		3523		25520
618		1092		388677		3509		25561
619		1085		389164		3522		25605
620		1088		389581		3518		25646
621		1064		390046		3519		25686
622		1068		390502		3514		25727
623		1053		390891		3521		25770
624		1069		391361		3525		25811
625		1092		391814		3522		25853
626		1094		392264		3523		25895
627		1073		392716		3509		25952
628		1092		393140		3525		25997
629		1102		393598		3508		26041
630		1098		394140		3516		26092
631		1111		394664		3521		26141
632		1120		395155		3521		26184
633		1102		395690		3520		26226
634		1099		396129		3531		26270
635		1079		396629		3519		26314
636		1058		397048		3530		26365
637		1071		397588		3523		26410
638		1043		398039		3541		26456
639		1048		398422		3530		26501
640		1026		398787		3531		26546
641		1030		399117		3526		26591
642		1045		399525		3526		26634
643		1052		399968		3528		26678
644		1033		400407		3515		26727
645		1017		400854		3515		26770
646		1021		401232		3517		26813
647		1037		401626		3510		26856
648		1035		402008		3529		26899
649		1015		402436		3519		26942
650		1024		402816		3518		26988
651		1028		403154		3510		27032
652		1041		403548		3505		27074
653		1043		403961		3522		27117
654		1047		404432		3531		27159
655		1057		404955		3529		27203
656		1078		405397		3513		27245
657		1022		405792		3497		27288
658		1020		406203		3514		27333
659		1026		406560		3522		27378
660		1017		406910		3532		27418
661		1003		407304		3517		27461
662		995		407667		3512		27506
663		1010		408071		3521		27550
664		1012		408486		3525		27592
665		1033		408951		3511		27636
666		1031		409361		3520		27679
667		1021		409757		3527		27721
668		1020		410149		3528		27765
669		1016		410495		3522		27809
670		991		410914		3519		27852
671		961		411323		3535		27893
672		990		411688		3536		27936
673		1015		412076		3524		27979
674		1012		412560		3539		28020
675		1004		412999		3526		28065
676		988		413449		3530		28106
677		1020		413943		3518		28142
678		1048		414410		3518		28178
679		1029		414897		3515		28214
680		1019		415303		3524		28250
681		1020		415714		3526		28286
682		1036		416161		3544		28322
683		1005		416590		3534		28365
684		1012		416984		3537		28405
685		997		417399		3526		28440
686		1029		417797		3521		28475
687		1059		418206		3518		28511
688		1096		418678		3529		28555
689		1099		419213		3512		28594
690		1079		419693		3526		28631
691		1075		420180		3521		28668
692		1102		420648		3542		28705
693		1103		421156		3545		28743
694		1098		421636		3518		28786
695		1089		422094		3536		28825
696		1093		422574		3529		28862
697		1078		423038		3530		28902
698		1074		423506		3529		28938
699		1050		424021		3541		28972
700		1064		424440		3539		29010
701		1045		424893		3543		29047
702		1039		425357		3533		29087
703		1020		425751		3534		29127
704		1020		426204		3533		29175
705		989		426617		3526		29219
706		1020		427023		3530		29262
707		1032		427441		3536		29305
708		1056		427910		3538		29347
709		1040		428313		3543		29390
710		1041		428809		3559		29432
711		1017		429326		3550		29475
712		1000		429694		3536		29518
713		1005		430045		3524		29561
714		1030		430496		3512		29605
715		1038		430965		3515		29651
716		1054		431402		3526		29693
717		1042		431782		3545		29736
718		1038		432217		3536		29788
719		1037		432651		3535		29832
720		1039		433116		3530		29874
721		1066		433590		3526		29916
722		1076		434141		3531		29957
723		1073		434687		3522		30000
724		1084		435122		3529		30037
725		1085		435540		3522		30080
726		1077		435973		3544		30120
727		1066		436432		3538		30160
728		1046		436870		3539		30202
729		1038		437259		3536		30244
730		1068		437674		3526		30290
731		1044		438143		3524		30331
732		1072		438594		3522		30372
733		1070		439068		3518		30414
734		1064		439588		3532		30453
735		1069		440041		3536		30493
736		1035		440445		3533		30536
737		1033		440852		3544		30580
738		1046		441320		3534		30627
739		1026		441732		3530		30676
740		1022		442128		3543		30721
741		1018		442574		3535		30768
742		1021		442947		3532		30810
743		1007		443343		3530		30852
744		1043		443786		3549		30898
745		1046		444274		3542		30944
746		1040		444638		3541		30985
747		1038		445088		3558		31031
748		1040		445502		3553		31074
749		1039		445892		3554		31113
750		1058		446267		3534		31149
751		1068		446666		3541		31186
752		1054		447121		3540		31224
753		1065		447558		3544		31261
754		1078		447996		3521		31299
755		1050		448379		3523		31336
756		1043		448793		3546		31378
757		1054		449223		3530		31418
758		1053		449672		3531		31458
759		1040		450148		3514		31498
760		1049		450612		3528		31539
761		1058		451022		3528		31581
762		1047		451430		3549		31635
763		1058		451913		3546		31676
764		1052		452388		3538		31717
765		1030		452774		3545		31760
766		1038		453160		3548		31802
767		1069		453616		3528		31845
768		1054		454020		3540		31889
769		1066		454458		3532		31929
770		1069		454967		3528		31969
771		1048		455413		3536		32011
772		1047		455820		3536		32050
773		1042		456232		3536		32092
774		1050		456635		3546		32141
775		1046		457068		3537		32182
776		1007		457523		3534		32224
777		1033		457909		3532		32265
778		1041		458271		3527		32307
779		1050		458764		3540		32346
780		1079		459194		3525		32389
781		1077		459658		3534		32431
782		1059		460170		3539		32470
783		1076		460626		3540		32510
784		1098		461118		3538		32555
785		1086		461511		3518		32597
786		1082		462002		3536		32638
787		1056		462454		3534		32680
788		1032		462891		3533		32720
789		1034		463264		3537		32762
790		1018		463650		3534		32803
791		1033		464021		3537		32846
792		1021		464431		3539		32888
793		1028		464868		3529		32936
794		1024		465310		3538		32991
795		1048		465785		3542		33033
796		1062		466205		3542		33075
797		1054		466697		3552		33115
798		1061		467163		3543		33157
799		1045		467673		3528		33197
800		1043		468179		3526		33239
801		1036		468593		3525		33282
802		1038		468972		3526		33321
803		1051		469377		3534		33360
804		1046		469825		3527		33401
805		1035		470256		3525		33442
806		1032		470657		3553		33488
807		1037		471075		3533		33528
808		1030		471480		3548		33569
809		1039		471913		3538		33618
810		1028		472361		3518		33661
811		1042		472764		3537		33704
812		1063		473203		3552		33746
813		1061		473705		3540		33791
814		1075		474176		3527		33831
815		1071		474596		3518		33874
816		1074		475129		3514		33917
817		1068		475615		3508		33957
818		1087		476099		3525		33999
819		1079		476574		3534		34042
820		1055		477007		3527		34085
821		1025		477389		3522		34126
822		1031		477864		3525		34168
823		1031		478315		3534		34208
824		1015		478760		3541		34250
825		1010		479245		3529		34290
826		997		479684		3535		34332
827		1017		480041		3522		34373
828		1017		480451		3514		34413
829		1028		480883		3518		34456
830		1004		481256		3538		34501
831		1015		481650		3538		34541
832		1014		482030		3523		34582
833		1034		482505		3531		34624
834		1045		482960		3524		34665
835		1017		483389		3525		34706
836		1032		483769		3526		34750
837		1055		484227		3527		34793
838		1059		484718		3528		34836
839		1056		485260		3529		34880
840		1076		485745		3536		34922
841		1065		486305		3521		34963
842		1075		486727		3522		35006
843		1089		487226		3535		35047
844		1092		487708		3526		35091
845		1067		488148		3531		35135
846		1037		488580		3522		35184
847		1054		488988		3536		35234
848		1048		489490		3526		35278
849		1035		489873		3528		35326
850		1044		490226		3539		35370
851		1045		490649		3536		35416
852		1031		491153		3532		35463
853		1003		491594		3524		35508
854		1023		492018		3525		35551
855		1012		492352		3525		35595
856		1005		492707		3520		35640
857		981		493094		3543		35685
858		981		493480		3544		35733
859		960		493834		3537		35781
860		966		494189		3528		35820
861		960		494520		3533		35861
862		979		494946		3524		35906
863		994		495357		3531		35950
864		993		495782		3526		35991
865		997		496236		3517		36036
866		979		496633		3540		36078
867		977		497056		3537		36113
868		983		497505		3536		36150
869		980		497871		3551		36186
870		1002		498278		3544		36222
871		1020		498694		3540		36259
872		1008		499172		3553		36297
873		989		499623		3552		36335
874		1015		499979		3545		36371
875		997		500418		3548		36411
876		1018		500855		3548		36454
877		961		501302		3553		36494
878		1009		501696		3555		36538
879		1007		502158		3537		36576
880		1018		502597		3516		36614
881		1014		503012		3551		36651
882		1028		503498		3545		36687
883		1053		503975		3552		36725
884		1028		504441		3551		36764
885		1014		504920		3557		36803
886		1025		505332		3560		36841
887		1023		505714		3552		36881
888		1028		506094		3547		36920
889		1009		506502		3553		36960
890		1021		506914		3544		37000
891		1043		507385		3541		37037
892		1019		507927		3548		37076
893		1056		508410		3544		37112
894		1083		508951		3521		37151
895		1063		509421		3533		37196
896		1051		509870		3544		37247
897		1049		510332		3538		37298
898		1019		510814		3538		37351
899		1030		511251		3525		37392
900		1019		511685		3522		37428
901		1033		512100		3531		37473
902		1011		512505		3525		37513
903		1018		512884		3523		37556
904		1006		513307		3505		37600
905		1009		513741		3531		37643
906		1020		514182		3552		37685
907		1018		514653		3544		37725
908		1024		515129		3543		37768
909		1004		515567		3549		37811
910		998		516006		3524		37866
911		1017		516443		3533		37914
912		1024		516903		3553		37959
913		1038		517379		3540		38004
914		1046		517807		3541		38048
915		1036		518251		3543		38096
916		999		518671		3552		38142
917		1027		519111		3553		38190
918		1040		519553		3538		38236
919		1031		520009		3547		38280
920		1041		520457		3539		38330
921		1054		520888		3547		38381
922		1065		521352		3540		38427
923		1053		521804		3522		38473
924		1045		522223		3544		38514
925		1030		522710		3547		38550
926		1077		523224		3539		38586
927		1059		523713		3544		38622
928		1037		524145		3533		38657
929		1011		524584		3532		38703
930		1023		524989		3540		38742
931		1030		525384		3531		38791
932		1006		525822		3534		38830
933		1002		526180		3522		38875
934		1025		526606		3550		38914
935		1019		527001		3540		38956
936		1040		527477		3542		38996
937		1026		527906		3530		39040
938		995		528286		3528		39077
939		1004		528689		3525		39120
940		1016		529081		3532		39158
941		1019		529526		3534		39198
942		1004		529956		3524		39239
943		1021		530360		3535		39281
944		1023		530793		3527		39329
945		1030		531230		3524		39373
946		1034		531740		3530		39412
947		1026		532162		3526		39454
948		1051		532550		3524		39495
949		1026		533003		3532		39536
950		1019		533429		3518		39576
951		1005		533833		3529		39620
952		986		534215		3547		39662
953		974		534627		3533		39701
954		963		534995		3539		39742
955		938		535422		3532		39785
956		952		535793		3521		39830
957		955		536225		3531		39872
958		950		536629		3533		39909
959		956		537030		3531		39950
960		948		537418		3538		39985
961		966		537778		3537		40021
962		964		538182		3539		40058
963		959		538594		3538		40098
964		951		539039		3538		40139
965		953		539430		3540		40179
966		956		539804		3532		40217
967		958		540193		3517		40256
968		972		540612		3526		40293
969		952		540977		3523		40337
970		954		541382		3527		40382
971		926		541831		3528		40428
972		959		542218		3539		40475
973		935		542586		3520		40519
974		929		543020		3532		40564
975		932		543364		3526		40608
976		932		543760		3543		40654
977		939		544091		3536		40700
978		939		544479		3530		40747
979		949		544875		3523		40791
980		933		545266		3533		40840
981		909		545601		3533		40884
982		941		545933		3523		40928
983		929		546247		3528		40971
984		946		546626		3533		41017
985		955		547006		3525		41061
986		953		547402		3522		41103
987		959		547806		3535		41147
988		984		548246		3527		41189
989		977		548639		3514		41238
990		1003		549059		3514		41282
991		1006		549464		3525		41326
992		1014		549950		3519		41370
993		992		550377		3521		41421
994		996		550808		3509		41467
995		958		551192		3519		41510
996		970		551542		3517		41560
997		1005		551935		3535		41603
998		1004		552391		3524		41653
999		1013		552854		3531		41705
