# Migration is number of nodes that have changed color.

Round		Edge-Cut		Swaps		Migrations		Skipped
0		9604		4720		3333
1		9205		9440		3323
2		9251		14160		3402
3		9236		18878		3466
4		9174		23598		3476
5		9211		28318		3491
6		9162		33038		3520
7		9181		37758		3491
8		9207		42477		3502
9		9217		47196		3526
10		9215		51915		3494
11		9153		56634		3518
12		9164		61354		3565
13		9123		66074		3508
14		9130		70792		3565
15		9160		75511		3531
16		9199		80231		3528
17		9186		84950		3541
18		9232		89670		3579
19		9253		94390		3519
20		9213		99109		3550
21		9207		103829		3574
22		9209		108548		3511
23		9189		113268		3489
24		9161		117987		3494
25		9206		122707		3528
26		9167		127427		3529
27		9111		132147		3556
28		9159		136866		3526
29		9134		141586		3538
30		9155		146306		3504
31		9173		151026		3535
32		9232		155746		3501
33		9180		160465		3557
34		9207		165185		3534
35		9223		169904		3500
36		9166		174624		3510
37		9115		179344		3600
38		9067		184064		3546
39		9138		188784		3492
40		9204		193503		3563
41		9160		198223		3545
42		9154		202943		3554
43		9157		207663		3603
44		9154		212382		3565
45		9240		217101		3550
46		9195		221820		3525
47		9012		226539		3529
48		9132		231259		3522
49		9104		235978		3517
50		9207		240698		3543
51		9218		245418		3558
52		9151		250138		3577
53		9192		254858		3580
54		9099		259577		3552
55		9135		264297		3496
56		9212		269016		3488
57		9120		273736		3482
58		9183		278456		3552
59		9174		283176		3542
60		9253		287896		3577
61		9129		292616		3544
62		9170		297335		3580
63		9258		302054		3548
64		9163		306774		3541
65		9177		311493		3574
66		9111		316213		3514
67		9142		320933		3548
68		9068		325653		3561
69		9047		330373		3531
70		9193		335092		3548
71		9199		339812		3530
72		9219		344532		3558
73		9190		349252		3557
74		9160		353972		3559
75		9230		358692		3517
76		9186		363412		3503
77		9129		368131		3516
78		9212		372851		3537
79		9259		377570		3594
80		9109		382290		3564
81		9192		387010		3559
82		9261		391730		3524
83		9280		396449		3562
84		9193		401168		3579
85		9174		405888		3501
86		9170		410607		3569
87		9179		415327		3547
88		9228		420046		3587
89		9195		424765		3527
90		9158		429484		3527
91		9142		434203		3551
92		9254		438922		3493
93		9231		443642		3516
94		9142		448362		3565
95		9195		453082		3500
96		9256		457802		3592
97		9239		462521		3569
98		9131		467241		3529
99		9164		471961		3492
100		9276		476680		3551
101		9167		481400		3524
102		9125		486119		3559
103		9169		490837		3535
104		9128		495556		3546
105		9158		500274		3591
106		9150		504993		3561
107		9057		509713		3536
108		9060		514433		3548
109		9102		519153		3513
110		9203		523873		3553
111		9215		528593		3583
112		9139		533313		3617
113		9129		538033		3464
114		9145		542753		3516
115		9164		547473		3558
116		9145		552193		3538
117		9125		556913		3550
118		9143		561632		3480
119		9223		566351		3522
120		9221		571070		3499
121		9256		575790		3554
122		9140		580509		3547
123		9196		585229		3546
124		9171		589949		3513
125		9264		594667		3571
126		9267		599387		3551
127		9148		604107		3507
128		9234		608826		3559
129		9153		613546		3503
130		9160		618266		3502
131		9176		622986		3539
132		9195		627706		3531
133		9214		632426		3532
134		9228		637146		3505
135		9203		641865		3547
136		9181		646585		3527
137		9145		651304		3563
138		9204		656024		3501
139		9127		660743		3525
140		9201		665463		3554
141		9110		670183		3486
142		9256		674903		3503
143		9228		679623		3516
144		9171		684343		3501
145		9169		689062		3544
146		9107		693782		3557
147		9206		698501		3521
148		9235		703221		3559
149		9149		707940		3554
150		9164		712658		3552
151		9130		717376		3583
152		9188		722096		3505
153		9196		726815		3533
154		9239		731535		3553
155		9153		736255		3550
156		9229		740975		3527
157		9138		745695		3509
158		9060		750414		3514
159		9228		755133		3546
160		9204		759853		3543
161		9143		764573		3567
162		9217		769293		3547
163		9125		774012		3549
164		9169		778730		3517
165		9174		783450		3550
166		9101		788170		3521
167		9240		792889		3490
168		9241		797608		3503
169		9202		802327		3531
170		9242		807047		3554
171		9215		811767		3563
172		9150		816486		3578
173		9175		821205		3537
174		9105		825925		3593
175		9081		830644		3580
176		9090		835364		3543
177		9166		840084		3578
178		9145		844803		3545
179		9197		849523		3588
180		9256		854243		3573
181		9284		858962		3524
182		9176		863682		3527
183		9232		868401		3553
184		9137		873119		3543
185		9136		877838		3514
186		9181		882558		3522
187		9188		887278		3508
188		9273		891998		3486
189		9184		896716		3528
190		9255		901434		3537
191		9218		906154		3575
192		9269		910873		3530
193		9227		915592		3548
194		9181		920311		3579
195		9184		925031		3501
196		9077		929751		3575
197		9189		934469		3550
198		9148		939189		3624
199		9169		943908		3523
200		9233		948628		3563
201		9122		953347		3491
202		9116		958064		3570
203		9195		962782		3539
204		9242		967502		3478
205		9154		972221		3549
206		9028		976941		3536
207		9005		981661		3543
208		9114		986379		3536
209		9234		991098		3567
210		9115		995818		3581
211		9174		1000538		3525
212		9194		1005257		3515
213		9153		1009976		3586
214		9182		1014695		3575
215		9153		1019414		3542
216		9124		1024132		3595
217		9104		1028851		3507
218		9310		1033571		3552
219		9234		1038290		3486
220		9187		1043010		3563
221		9074		1047728		3576
222		9161		1052448		3565
223		9152		1057167		3598
224		9152		1061886		3574
225		9146		1066606		3555
226		9136		1071325		3558
227		9176		1076044		3540
228		9128		1080764		3528
229		9201		1085483		3544
230		9220		1090201		3535
231		9203		1094920		3581
232		9154		1099639		3581
233		9103		1104358		3559
234		9082		1109078		3522
235		9198		1113797		3574
236		9213		1118517		3584
237		9116		1123237		3535
238		9150		1127957		3556
239		9226		1132676		3496
240		9127		1137396		3515
241		9043		1142114		3540
242		9120		1146832		3526
243		9164		1151549		3493
244		9158		1156269		3578
245		9232		1160988		3562
246		9065		1165708		3508
247		9181		1170426		3555
248		9251		1175145		3558
249		9250		1179865		3515
250		9186		1184583		3578
251		9140		1189302		3571
252		9181		1194022		3551
253		9144		1198742		3503
254		9172		1203461		3543
255		9153		1208180		3534
256		9132		1212900		3513
257		9161		1217620		3504
258		9083		1222340		3501
259		9135		1227058		3473
260		9171		1231776		3568
261		9183		1236496		3509
262		9236		1241216		3557
263		9175		1245936		3566
264		9129		1250656		3537
265		9225		1255375		3574
266		9187		1260090		3534
267		9186		1264809		3568
268		9233		1269529		3567
269		9238		1274248		3629
270		9137		1278968		3530
271		9177		1283687		3552
272		9247		1288406		3565
273		9167		1293126		3505
274		9271		1297844		3551
275		9184		1302562		3556
276		9020		1307282		3561
277		9036		1312002		3507
278		9106		1316722		3572
279		9249		1321442		3490
280		9207		1326160		3507
281		9204		1330880		3596
282		9221		1335600		3545
283		9147		1340319		3517
284		9030		1345037		3559
285		9145		1349755		3504
286		9198		1354474		3538
287		9248		1359193		3523
288		9143		1363913		3488
289		9148		1368632		3523
290		9103		1373352		3544
291		9155		1378071		3498
292		9187		1382791		3533
293		9174		1387510		3579
294		9014		1392230		3572
295		9026		1396949		3559
296		9120		1401668		3591
297		9163		1406387		3532
298		9190		1411107		3537
299		9133		1415825		3556
300		9190		1420544		3556
301		9148		1425259		3540
302		9227		1429977		3541
303		9184		1434693		3574
304		9188		1439411		3535
305		9107		1444128		3504
306		9143		1448845		3490
307		9214		1453564		3472
308		9212		1458283		3522
309		9168		1463000		3550
310		9139		1467719		3529
311		9154		1472438		3506
312		9121		1477154		3483
313		9187		1481873		3521
314		9080		1486593		3602
315		9171		1491309		3553
316		9205		1496025		3546
317		9185		1500742		3598
318		9174		1505462		3543
319		9220		1510182		3559
320		9182		1514900		3595
321		9074		1519619		3493
322		9180		1524337		3543
323		9097		1529055		3535
324		9214		1533774		3529
325		9148		1538492		3506
326		9203		1543210		3495
327		9047		1547928		3568
328		9087		1552647		3619
329		9205		1557366		3545
330		9217		1562084		3565
331		9168		1566804		3577
332		9203		1571522		3593
333		9108		1576241		3516
334		9057		1580959		3533
335		9216		1585677		3591
336		9214		1590396		3520
337		9128		1595116		3536
338		9159		1599832		3559
339		9191		1604551		3530
340		9209		1609268		3521
341		9110		1613987		3461
342		9168		1618705		3498
343		9214		1623424		3581
344		9097		1628144		3473
345		9224		1632858		3549
346		9119		1637578		3465
347		9060		1642295		3582
348		9162		1647014		3561
349		9113		1651733		3565
350		9050		1656452		3545
351		9153		1661170		3538
352		9281		1665890		3539
353		9191		1670608		3522
354		9192		1675326		3501
355		9136		1680042		3524
356		9129		1684761		3572
357		9132		1689480		3547
358		9208		1694199		3540
359		9218		1698916		3523
360		9194		1703634		3524
361		9253		1708352		3487
362		9179		1713072		3522
363		9237		1717790		3513
364		9267		1722509		3560
365		9314		1727225		3578
366		9152		1731943		3487
367		9193		1736662		3535
368		9175		1741382		3510
369		9159		1746100		3553
370		9125		1750816		3524
371		9176		1755532		3485
372		9170		1760250		3505
373		9152		1764970		3560
374		9136		1769689		3574
375		9100		1774406		3551
376		9007		1779123		3517
377		9063		1783843		3599
378		9175		1788560		3583
379		9144		1793279		3545
380		9054		1797994		3517
381		9217		1802711		3494
382		9260		1807429		3532
383		9150		1812148		3524
384		9178		1816866		3569
385		9105		1821586		3534
386		9119		1826302		3565
387		9141		1831019		3517
388		9103		1835737		3505
389		9076		1840456		3554
390		9030		1845173		3506
391		9191		1849892		3531
392		9070		1854610		3551
393		9129		1859330		3540
394		9065		1864044		3579
395		9119		1868760		3542
396		9117		1873477		3563
397		9178		1878194		3568
398		9152		1882913		3521
399		9105		1887632		3580
400		9244		1892350		3582
401		9183		1897066		3567
402		9140		1901781		3607
403		9228		1906498		3532
404		9195		1911216		3539
405		9216		1915934		3542
406		9159		1920647		3553
407		9155		1925363		3539
408		9061		1930076		3577
409		9096		1934793		3554
410		9062		1939509		3546
411		9095		1944224		3528
412		9188		1948937		3524
413		9187		1953655		3539
414		9161		1958374		3526
415		9149		1963092		3548
416		9180		1967810		3561
417		9194		1972525		3524
418		9225		1977240		3569
419		9197		1981958		3558
420		9096		1986676		3533
421		9122		1991394		3532
422		9169		1996112		3506
423		9155		2000828		3536
424		9204		2005546		3578
425		9161		2010260		3539
426		9180		2014974		3538
427		9196		2019688		3525
428		9173		2024404		3523
429		9159		2029121		3623
430		9204		2033836		3508
431		9171		2038551		3539
432		9226		2043266		3564
433		9235		2047982		3568
434		9201		2052699		3533
435		9143		2057414		3544
436		9197		2062131		3566
437		9227		2066847		3536
438		9166		2071566		3552
439		9230		2076285		3489
440		9176		2081001		3535
441		9151		2085717		3523
442		9069		2090437		3572
443		9131		2095152		3593
444		9159		2099870		3537
445		9154		2104586		3514
446		9197		2109304		3530
447		9130		2114021		3522
448		9088		2118735		3543
449		9067		2123450		3556
450		9165		2128166		3590
451		9145		2132886		3552
452		9056		2137602		3561
453		8984		2142313		3576
454		9024		2147029		3510
455		9077		2151744		3530
456		9092		2156458		3574
457		9154		2161176		3569
458		9085		2165894		3548
459		9192		2170611		3542
460		9084		2175328		3551
461		9098		2180043		3536
462		9147		2184760		3555
463		9103		2189479		3489
464		9209		2194194		3544
465		9077		2198912		3589
466		9137		2203628		3547
467		9120		2208345		3549
468		9075		2213061		3503
469		9124		2217776		3576
470		9120		2222494		3558
471		9158		2227212		3554
472		9059		2231929		3516
473		9227		2236646		3554
474		9234		2241361		3526
475		9260		2246078		3563
476		9245		2250793		3542
477		9187		2255507		3531
478		9194		2260224		3546
479		9119		2264941		3560
480		9109		2269658		3505
481		9044		2274377		3545
482		9152		2279093		3569
483		9149		2283813		3506
484		9184		2288531		3557
485		9122		2293250		3504
486		9160		2297968		3547
487		9164		2302687		3533
488		9080		2307402		3543
489		9161		2312118		3514
490		9074		2316835		3554
491		9052		2321552		3562
492		9235		2326268		3542
493		9181		2330987		3571
494		9209		2335704		3563
495		9163		2340421		3579
496		9174		2345138		3538
497		9172		2349854		3475
498		9166		2354572		3526
499		9136		2359289		3505
500		9031		2364005		3551
501		9104		2368719		3490
502		9205		2373435		3524
503		9182		2378151		3526
504		9246		2382866		3544
505		9213		2387583		3520
506		9119		2392301		3505
507		9163		2397017		3476
508		9200		2401730		3566
509		9156		2406445		3501
510		9318		2411160		3487
511		9140		2415877		3564
512		9277		2420592		3519
513		9200		2425307		3542
514		9116		2430026		3500
515		9181		2434745		3516
516		9135		2439464		3554
517		9154		2444181		3549
518		9167		2448899		3525
519		9202		2453616		3558
520		9102		2458332		3541
521		9186		2463043		3544
522		9114		2467754		3544
523		9138		2472472		3459
524		9188		2477188		3540
525		9068		2481904		3510
526		9065		2486616		3532
527		9093		2491328		3537
528		9115		2496043		3535
529		9118		2500755		3557
530		9095		2505470		3553
531		9152		2510186		3510
532		9156		2514901		3507
533		9138		2519613		3559
534		9195		2524330		3567
535		9259		2529043		3564
536		9118		2533758		3532
537		9279		2538474		3545
538		9152		2543188		3537
539		9200		2547906		3551
540		9095		2552621		3563
541		9086		2557339		3504
542		9082		2562057		3473
543		9162		2566769		3525
544		9130		2571481		3505
545		9163		2576197		3557
546		9171		2580911		3528
547		9127		2585624		3577
548		9098		2590338		3501
549		9166		2595052		3502
550		9031		2599765		3552
551		9093		2604479		3520
552		9096		2609198		3552
553		9156		2613916		3525
554		9050		2618629		3548
555		9139		2623341		3561
556		9179		2628058		3581
557		9128		2632768		3568
558		9100		2637481		3597
559		9133		2642199		3550
560		9125		2646917		3554
561		9112		2651631		3553
562		9195		2656343		3553
563		9124		2661058		3555
564		9111		2665772		3598
565		9111		2670484		3571
566		9183		2675199		3551
567		9147		2679912		3570
568		9214		2684625		3548
569		9103		2689336		3554
570		9105		2694050		3568
571		9070		2698768		3547
572		9092		2703481		3551
573		9144		2708195		3508
574		9060		2712908		3521
575		9133		2717625		3521
576		9107		2722335		3556
577		9155		2727046		3550
578		9227		2731759		3591
579		9218		2736470		3601
580		9130		2741188		3570
581		9265		2745903		3578
582		9313		2750620		3507
583		9183		2755336		3521
584		9142		2760051		3512
585		9222		2764765		3496
586		9189		2769481		3576
587		9139		2774195		3559
588		9070		2778910		3536
589		9091		2783623		3526
590		9126		2788336		3528
591		9168		2793051		3477
592		9125		2797767		3526
593		9161		2802483		3495
594		9099		2807194		3588
595		9132		2811910		3523
596		9125		2816626		3571
597		9194		2821340		3504
598		9088		2826057		3542
599		9189		2830773		3539
600		9246		2835480		3544
601		9137		2840195		3552
602		9088		2844911		3500
603		9026		2849621		3542
604		9054		2854332		3582
605		9051		2859047		3599
606		9099		2863760		3595
607		9072		2868467		3479
608		9002		2873179		3528
609		9043		2877892		3539
610		9088		2882606		3502
611		9159		2887319		3503
612		9128		2892030		3579
613		8992		2896740		3521
614		9115		2901448		3517
615		9030		2906162		3525
616		9167		2910875		3565
617		9178		2915590		3559
618		9100		2920306		3555
619		8974		2925020		3547
620		9067		2929734		3583
621		9145		2934443		3503
622		9151		2939154		3562
623		9117		2943869		3492
624		9119		2948581		3537
625		9194		2953296		3507
626		9227		2958005		3559
627		9202		2962720		3540
628		9123		2967433		3565
629		9124		2972141		3517
630		9070		2976855		3512
631		9123		2981570		3493
632		9111		2986283		3524
633		9169		2990994		3566
634		9119		2995705		3538
635		9088		3000418		3577
636		9150		3005134		3536
637		9116		3009845		3496
638		9120		3014561		3522
639		9142		3019273		3556
640		9077		3023986		3575
641		9074		3028696		3504
642		9168		3033414		3556
643		9132		3038124		3528
644		9083		3042832		3560
645		9048		3047545		3552
646		9187		3052254		3500
647		9131		3056960		3567
648		9058		3061671		3564
649		9167		3066385		3525
650		9093		3071096		3535
651		9074		3075794		3517
652		9069		3080497		3508
653		9087		3085203		3552
654		9123		3089908		3552
655		9079		3094614		3540
656		9129		3099323		3550
657		8997		3104034		3521
658		9060		3108737		3503
659		9074		3113444		3603
660		8969		3118147		3493
661		9102		3122853		3550
662		9134		3127566		3576
663		9016		3132276		3505
664		8975		3136979		3525
665		9075		3141685		3503
666		9061		3146393		3599
667		9071		3151104		3579
668		9118		3155807		3584
669		9142		3160513		3593
670		9145		3165221		3577
671		9108		3169929		3523
672		9019		3174638		3498
673		9091		3179349		3536
674		9211		3184054		3534
675		9058		3188760		3538
676		9118		3193469		3494
677		9111		3198172		3519
678		9141		3202876		3593
679		9075		3207586		3559
680		9013		3212291		3571
681		9109		3216999		3563
682		9113		3221702		3546
683		9126		3226413		3479
684		9210		3231118		3553
685		9136		3235827		3524
686		9009		3240536		3528
687		9076		3245241		3491
688		9125		3249944		3516
689		9080		3254657		3572
690		9123		3259363		3554
691		8917		3264069		3575
692		9133		3268767		3560
693		9052		3273469		3499
694		9042		3278173		3516
695		9078		3282877		3541
696		8937		3287581		3549
697		9133		3292288		3533
698		9098		3297001		3521
699		8995		3301707		3511
700		9079		3306410		3585
701		9173		3311116		3565
702		9179		3315811		3611
703		9223		3320508		3532
704		9148		3325211		3587
705		9075		3329910		3561
706		9109		3334615		3601
707		8987		3339314		3518
708		8984		3344007		3531
709		9119		3348703		3588
710		9086		3353405		3579
711		9090		3358103		3546
712		9179		3362795		3546
713		9174		3367495		3534
714		9074		3372191		3548
715		9184		3376886		3561
716		8988		3381590		3571
717		9087		3386290		3589
718		9034		3390990		3541
719		9062		3395690		3516
720		9114		3400394		3563
721		9142		3405100		3508
722		8984		3409799		3564
723		9068		3414498		3579
724		9014		3419196		3548
725		9014		3423892		3526
726		9058		3428587		3516
727		8928		3433272		3539
728		8987		3437963		3541
729		9015		3442653		3570
730		9026		3447342		3530
731		8963		3452038		3523
732		9055		3456728		3542
733		9045		3461426		3509
734		9102		3466118		3503
735		8979		3470802		3512
736		8951		3475484		3525
737		8905		3480178		3532
738		8980		3484874		3503
739		8944		3489570		3571
740		9025		3494263		3530
741		9092		3498963		3552
742		9083		3503659		3523
743		9075		3508356		3533
744		9000		3513045		3514
745		9083		3517742		3575
746		9072		3522435		3520
747		9044		3527114		3556
748		9095		3531800		3524
749		9047		3536487		3482
750		9107		3541175		3571
751		9091		3545858		3491
752		9049		3550550		3516
753		9128		3555230		3554
754		9016		3559917		3552
755		9123		3564604		3526
756		9040		3569293		3494
757		9156		3573977		3529
758		9067		3578673		3543
759		9088		3583352		3535
760		8997		3588044		3523
761		9034		3592722		3561
762		9179		3597410		3566
763		9111		3602093		3571
764		9024		3606783		3557
765		9114		3611473		3576
766		9045		3616169		3547
767		9120		3620848		3588
768		9016		3625517		3548
769		9054		3630198		3515
770		8989		3634867		3530
771		8929		3639530		3524
772		8918		3644195		3528
773		8873		3648856		3561
774		8937		3653494		3522
775		8954		3658159		3524
776		8887		3662826		3537
777		8969		3667481		3593
778		8927		3672137		3589
779		8957		3676807		3572
780		8932		3681479		3540
781		8858		3686149		3580
782		8896		3690795		3565
783		8965		3695469		3535
784		8921		3700131		3541
785		8971		3704798		3577
786		8968		3709472		3610
787		9066		3714132		3586
788		8996		3718807		3516
789		9014		3723477		3556
790		8988		3728139		3526
791		9025		3732796		3535
792		8970		3737471		3522
793		8835		3742146		3558
794		8812		3746806		3535
795		8905		3751475		3587
796		8936		3756139		3521
797		8956		3760809		3531
798		9029		3765480		3538
799		9005		3770139		3556
800		8935		3774818		3572
801		8873		3779436		3525
802		8887		3784078		3555
803		8925		3788715		3544
804		8907		3793335		3539
805		8857		3797977		3522
806		8819		3802589		3572
807		8840		3807200		3544
808		8727		3811806		3585
809		8797		3816428		3549
810		8785		3821049		3528
811		8872		3825673		3539
812		8853		3830288		3671
813		8813		3834933		3521
814		8749		3839565		3546
815		8767		3844197		3545
816		8766		3848805		3523
817		8831		3853420		3567
818		8806		3858050		3533
819		8829		3862662		3536
820		8816		3867290		3528
821		8746		3871916		3548
822		8760		3876520		3528
823		8711		3881140		3522
824		8668		3885740		3512
825		8684		3890351		3536
826		8712		3894950		3550
827		8651		3899540		3545
828		8684		3904126		3516
829		8737		3908700		3505
830		8732		3913325		3547
831		8765		3917930		3566
832		8701		3922553		3574
833		8774		3927131		3479
834		8591		3931651		3509
835		8452		3936170		3494
836		8487		3940649		3528
837		8635		3945168		3544
838		8564		3949669		3542
839		8453		3954200		3506
840		8505		3958721		3548
841		8439		3963242		3534
842		8440		3967751		3510
843		8580		3972278		3567
844		8564		3976809		3514
845		8519		3981301		3510
846		8448		3985806		3558
847		8372		3990307		3577
848		8460		3994824		3553
849		8412		3999317		3554
850		8452		4003820		3499
851		8368		4008234		3536
852		8241		4012591		3555
853		8276		4016962		3571
854		8266		4021325		3524
855		8184		4025705		3504
856		8229		4030084		3572
857		8289		4034460		3528
858		8198		4038851		3546
859		8198		4043210		3561
860		8251		4047607		3574
861		8241		4051935		3508
862		8128		4056280		3496
863		8156		4060634		3515
864		8093		4064902		3538
865		8054		4069190		3551
866		8112		4073460		3558
867		7927		4077638		3571
868		7874		4081761		3547
869		7665		4085863		3572
870		7559		4089877		3552
871		7633		4093896		3561
872		7489		4097942		3565
873		7510		4101915		3562
874		7384		4105898		3563
875		7495		4109956		3528
876		7243		4113774		3555
877		7106		4117510		3533
878		6838		4121136		3554
879		6786		4124682		3531
880		6650		4128192		3569
881		6407		4131424		3534
882		6051		4134398		3511
883		5978		4137385		3529
884		5822		4140334		3549
885		5594		4143121		3502
886		5523		4145784		3516
887		5505		4148487		3526
888		5308		4151053		3490
889		5153		4153539		3517
890		5066		4155979		3504
891		5041		4158342		3526
892		4990		4160702		3571
893		4725		4163122		3489
894		4708		4165309		3514
895		4653		4167491		3560
896		4649		4169714		3546
897		4589		4171942		3555
898		4596		4174263		3529
899		4527		4176440		3507
900		4389		4178651		3519
901		3799		4179811		3502
902		3514		4180687		3511
903		3250		4181392		3508
904		3066		4181996		3504
905		2918		4182463		3502
906		2759		4182887		3502
907		2662		4183216		3516
908		2601		4183504		3514
909		2517		4183772		3521
910		2470		4184007		3503
911		2414		4184198		3513
912		2378		4184379		3518
913		2352		4184570		3510
914		2328		4184723		3503
915		2304		4184883		3511
916		2287		4185018		3514
917		2247		4185182		3508
918		2229		4185303		3502
919		2211		4185416		3508
920		2202		4185529		3513
921		2176		4185654		3499
922		2166		4185750		3513
923		2155		4185872		3506
924		2148		4185980		3522
925		2122		4186078		3525
926		2117		4186165		3523
927		2095		4186281		3523
928		2083		4186380		3525
929		2069		4186454		3525
930		2049		4186541		3523
931		2047		4186623		3516
932		2021		4186711		3505
933		2016		4186779		3517
934		2010		4186843		3513
935		1992		4186906		3517
936		1969		4186975		3519
937		1973		4187013		3517
938		1964		4187059		3521
939		1957		4187115		3519
940		1955		4187164		3521
941		1939		4187212		3522
942		1932		4187253		3522
943		1937		4187292		3524
944		1933		4187339		3516
945		1922		4187382		3518
946		1921		4187430		3516
947		1914		4187467		3518
948		1908		4187506		3515
949		1901		4187556		3517
950		1896		4187598		3513
951		1896		4187628		3518
952		1889		4187655		3521
953		1892		4187688		3514
954		1884		4187718		3516
955		1881		4187745		3518
956		1875		4187774		3519
957		1875		4187798		3521
958		1873		4187820		3522
959		1869		4187841		3515
960		1867		4187859		3515
961		1868		4187877		3518
962		1860		4187898		3517
963		1861		4187913		3515
964		1859		4187927		3515
965		1862		4187940		3511
966		1861		4187961		3515
967		1856		4187982		3515
968		1855		4187995		3513
969		1851		4188011		3509
970		1849		4188029		3512
971		1848		4188043		3508
972		1847		4188059		3511
973		1846		4188074		3509
974		1847		4188086		3510
975		1845		4188097		3510
976		1842		4188116		3511
977		1839		4188130		3514
978		1839		4188146		3514
979		1833		4188167		3513
980		1833		4188183		3514
981		1832		4188196		3511
982		1835		4188208		3514
983		1832		4188223		3513
984		1828		4188243		3515
985		1828		4188262		3516
986		1820		4188272		3512
987		1822		4188282		3516
988		1821		4188294		3517
989		1822		4188308		3516
990		1819		4188322		3518
991		1818		4188337		3520
992		1816		4188350		3521
993		1815		4188360		3518
994		1812		4188377		3517
995		1811		4188392		3521
996		1809		4188409		3517
997		1805		4188424		3518
998		1805		4188431		3515
999		1802		4188448		3518
