# Migration is number of nodes that have changed color.

Round		Edge-Cut		Swaps		Migrations		Skipped
0		8484		4140		3177
1		7431		7474		3199
2		6648		10268		3251
3		6067		12583		3229
4		5577		14528		3272
5		5163		16104		3284
6		4933		17407		3257
7		4648		18595		3284
8		4386		19571		3306
9		4209		20435		3338
10		4042		21246		3322
11		3941		22058		3338
12		3771		22712		3327
13		3637		23230		3317
14		3560		23830		3306
15		3452		24330		3333
16		3334		24809		3306
17		3253		25229		3305
18		3213		25622		3317
19		3127		25928		3298
20		3079		26213		3304
21		3043		26450		3306
22		3032		26747		3306
23		3011		27012		3294
24		2938		27283		3291
25		2920		27494		3300
26		2915		27743		3307
27		2891		28015		3306
28		2882		28266		3326
29		2840		28511		3313
30		2804		28748		3311
31		2767		28949		3297
32		2743		29168		3303
33		2701		29309		3302
34		2689		29440		3323
35		2661		29576		3305
36		2643		29716		3313
37		2616		29892		3318
38		2580		30007		3312
39		2581		30150		3315
40		2570		30271		3316
41		2558		30411		3322
42		2554		30516		3308
43		2534		30603		3302
44		2521		30700		3303
45		2480		30821		3307
46		2471		30893		3314
47		2475		30967		3311
48		2460		31053		3311
49		2445		31137		3315
50		2435		31202		3313
51		2424		31260		3313
52		2422		31331		3330
53		2405		31405		3326
54		2405		31457		3327
55		2393		31555		3336
56		2384		31615		3334
57		2377		31667		3334
58		2367		31697		3337
59		2363		31728		3332
60		2354		31780		3335
61		2354		31829		3333
62		2352		31874		3343
63		2351		31931		3339
64		2338		31965		3339
65		2331		32004		3340
66		2327		32034		3339
67		2330		32080		3338
68		2323		32112		3340
69		2329		32154		3343
70		2316		32198		3340
71		2310		32239		3345
72		2313		32301		3350
73		2296		32354		3348
74		2282		32390		3346
75		2271		32414		3343
76		2270		32432		3340
77		2276		32484		3342
78		2264		32531		3340
79		2259		32580		3338
80		2257		32617		3337
81		2256		32684		3339
82		2251		32734		3346
83		2250		32775		3340
84		2253		32867		3344
85		2252		32941		3340
86		2246		33012		3339
87		2245		33076		3331
88		2238		33143		3349
89		2223		33216		3352
90		2212		33266		3349
91		2204		33310		3347
92		2197		33339		3349
93		2195		33360		3350
94		2186		33379		3352
95		2186		33397		3352
96		2187		33411		3347
97		2184		33434		3342
98		2189		33455		3344
99		2189		33490		3342
100		2184		33520		3347
101		2176		33534		3352
102		2177		33546		3353
103		2174		33575		3352
104		2174		33603		3358
105		2176		33620		3356
106		2174		33644		3353
107		2169		33660		3352
108		2166		33673		3353
109		2162		33684		3350
110		2164		33696		3352
111		2162		33717		3353
112		2159		33730		3347
113		2157		33743		3350
114		2156		33756		3352
115		2151		33771		3347
116		2145		33786		3348
117		2146		33799		3350
118		2143		33817		3351
119		2139		33826		3346
120		2133		33833		3346
121		2133		33839		3347
122		2133		33842		3345
123		2135		33847		3347
124		2129		33855		3346
125		2130		33861		3348
126		2130		33865		3348
127		2129		33872		3346
128		2128		33878		3348
129		2129		33882		3349
130		2128		33885		3349
131		2129		33888		3349
132		2129		33892		3349
133		2128		33894		3347
134		2129		33897		3348
135		2129		33901		3348
136		2128		33906		3346
137		2128		33913		3349
138		2128		33916		3348
139		2126		33921		3347
140		2127		33923		3347
141		2127		33925		3348
142		2126		33926		3349
143		2126		33930		3348
144		2124		33933		3347
145		2125		33936		3346
146		2126		33939		3347
147		2129		33946		3347
148		2128		33953		3348
149		2128		33955		3348
150		2137		33971		3349
151		2128		33978		3348
152		2126		33982		3350
153		2123		33990		3350
154		2123		33991		3350
155		2123		33992		3350
156		2123		33994		3350
157		2123		33994		3350
158		2123		33996		3350
159		2123		33997		3350
160		2124		33998		3350
161		2123		34002		3350
162		2123		34003		3350
163		2124		34004		3350
164		2124		34006		3350
165		2123		34008		3350
166		2123		34009		3350
167		2124		34010		3350
168		2123		34014		3348
169		2121		34021		3348
170		2121		34023		3348
171		2120		34027		3348
172		2118		34028		3349
173		2119		34033		3350
174		2118		34040		3349
175		2117		34045		3349
176		2117		34047		3349
177		2117		34049		3349
178		2116		34052		3349
179		2116		34055		3348
180		2117		34062		3347
181		2117		34066		3347
182		2115		34072		3347
183		2113		34078		3347
184		2113		34082		3346
185		2112		34093		3348
186		2116		34098		3348
187		2115		34104		3348
188		2113		34115		3345
189		2111		34123		3346
190		2110		34126		3349
191		2109		34127		3348
192		2110		34128		3349
193		2108		34129		3349
194		2108		34129		3349
195		2108		34129		3349
196		2108		34129		3349
197		2108		34129		3349
198		2108		34129		3349
199		2108		34129		3349
200		2108		34129		3349
201		2108		34129		3349
202		2108		34129		3349
203		2108		34129		3349
204		2108		34129		3349
205		2108		34129		3349
206		2108		34129		3349
207		2108		34129		3349
208		2108		34129		3349
209		2108		34129		3349
210		2108		34129		3349
211		2108		34129		3349
212		2108		34129		3349
213		2108		34129		3349
214		2108		34129		3349
215		2108		34129		3349
216		2108		34129		3349
217		2108		34129		3349
218		2108		34129		3349
219		2108		34129		3349
220		2108		34129		3349
221		2108		34129		3349
222		2108		34129		3349
223		2108		34129		3349
224		2108		34129		3349
225		2108		34129		3349
226		2108		34129		3349
227		2108		34129		3349
228		2108		34129		3349
229		2108		34129		3349
230		2108		34129		3349
231		2108		34129		3349
232		2108		34129		3349
233		2108		34129		3349
234		2108		34129		3349
235		2108		34129		3349
236		2108		34129		3349
237		2108		34129		3349
238		2108		34129		3349
239		2108		34129		3349
240		2108		34129		3349
241		2108		34129		3349
242		2108		34129		3349
243		2108		34129		3349
244		2108		34129		3349
245		2108		34129		3349
246		2108		34129		3349
247		2108		34129		3349
248		2108		34129		3349
249		2108		34129		3349
250		2108		34129		3349
251		2108		34129		3349
252		2108		34129		3349
253		2108		34129		3349
254		2108		34129		3349
255		2108		34129		3349
256		2108		34129		3349
257		2108		34129		3349
258		2108		34129		3349
259		2108		34129		3349
260		2108		34129		3349
261		2108		34129		3349
262		2108		34129		3349
263		2108		34129		3349
264		2108		34129		3349
265		2108		34129		3349
266		2108		34129		3349
267		2108		34129		3349
268		2108		34129		3349
269		2108		34129		3349
270		2108		34129		3349
271		2108		34129		3349
272		2108		34129		3349
273		2108		34129		3349
274		2108		34129		3349
275		2108		34129		3349
276		2108		34129		3349
277		2108		34129		3349
278		2108		34129		3349
279		2108		34129		3349
280		2108		34129		3349
281		2108		34129		3349
282		2108		34129		3349
283		2108		34129		3349
284		2108		34129		3349
285		2108		34129		3349
286		2108		34129		3349
287		2108		34129		3349
288		2108		34129		3349
289		2108		34129		3349
290		2108		34129		3349
291		2108		34129		3349
292		2108		34129		3349
293		2108		34129		3349
294		2108		34129		3349
295		2108		34129		3349
296		2108		34129		3349
297		2108		34129		3349
298		2108		34129		3349
299		2108		34129		3349
300		2108		34129		3349
301		2108		34129		3349
302		2108		34129		3349
303		2108		34129		3349
304		2108		34129		3349
305		2108		34129		3349
306		2108		34129		3349
307		2108		34129		3349
308		2108		34129		3349
309		2108		34129		3349
310		2108		34129		3349
311		2108		34129		3349
312		2108		34129		3349
313		2108		34129		3349
314		2108		34129		3349
315		2108		34129		3349
316		2108		34129		3349
317		2108		34129		3349
318		2108		34129		3349
319		2108		34129		3349
320		2108		34129		3349
321		2108		34129		3349
322		2108		34129		3349
323		2108		34129		3349
324		2108		34129		3349
325		2108		34129		3349
326		2108		34129		3349
327		2108		34129		3349
328		2108		34129		3349
329		2108		34129		3349
330		2108		34129		3349
331		2108		34129		3349
332		2108		34129		3349
333		2108		34129		3349
334		2108		34129		3349
335		2108		34129		3349
336		2108		34129		3349
337		2108		34129		3349
338		2108		34129		3349
339		2108		34129		3349
340		2108		34129		3349
341		2108		34129		3349
342		2108		34129		3349
343		2108		34129		3349
344		2108		34129		3349
345		2108		34129		3349
346		2108		34129		3349
347		2108		34129		3349
348		2108		34129		3349
349		2108		34129		3349
350		2108		34129		3349
351		2108		34129		3349
352		2108		34129		3349
353		2108		34129		3349
354		2108		34129		3349
355		2108		34129		3349
356		2108		34129		3349
357		2108		34129		3349
358		2108		34129		3349
359		2108		34129		3349
360		2108		34129		3349
361		2108		34129		3349
362		2108		34129		3349
363		2108		34129		3349
364		2108		34129		3349
365		2108		34129		3349
366		2108		34129		3349
367		2108		34129		3349
368		2108		34129		3349
369		2108		34129		3349
370		2108		34129		3349
371		2108		34129		3349
372		2108		34129		3349
373		2108		34129		3349
374		2108		34129		3349
375		2108		34129		3349
376		2108		34129		3349
377		2108		34129		3349
378		2108		34129		3349
379		2108		34129		3349
380		2108		34129		3349
381		2108		34129		3349
382		2108		34129		3349
383		2108		34129		3349
384		2108		34129		3349
385		2108		34129		3349
386		2108		34129		3349
387		2108		34129		3349
388		2108		34129		3349
389		2108		34129		3349
390		2108		34129		3349
391		2108		34129		3349
392		2108		34129		3349
393		2108		34129		3349
394		2108		34129		3349
395		2108		34129		3349
396		2108		34129		3349
397		2108		34129		3349
398		2108		34129		3349
399		2108		34129		3349
400		2108		34129		3349
401		2108		34129		3349
402		2108		34129		3349
403		2108		34129		3349
404		2108		34129		3349
405		2108		34129		3349
406		2108		34129		3349
407		2108		34129		3349
408		2108		34129		3349
409		2108		34129		3349
410		2108		34129		3349
411		2108		34129		3349
412		2108		34129		3349
413		2108		34129		3349
414		2108		34129		3349
415		2108		34129		3349
416		2108		34129		3349
417		2108		34129		3349
418		2108		34129		3349
419		2108		34129		3349
420		2108		34129		3349
421		2108		34129		3349
422		2108		34129		3349
423		2108		34129		3349
424		2108		34129		3349
425		2108		34129		3349
426		2108		34129		3349
427		2108		34129		3349
428		2108		34129		3349
429		2108		34129		3349
430		2108		34129		3349
431		2108		34129		3349
432		2108		34129		3349
433		2108		34129		3349
434		2108		34129		3349
435		2108		34129		3349
436		2108		34129		3349
437		2108		34129		3349
438		2108		34129		3349
439		2108		34129		3349
440		2108		34129		3349
441		2108		34129		3349
442		2108		34129		3349
443		2108		34129		3349
444		2108		34129		3349
445		2108		34129		3349
446		2108		34129		3349
447		2108		34129		3349
448		2108		34129		3349
449		2108		34129		3349
450		2108		34129		3349
451		2108		34129		3349
452		2108		34129		3349
453		2108		34129		3349
454		2108		34129		3349
455		2108		34129		3349
456		2108		34129		3349
457		2108		34129		3349
458		2108		34129		3349
459		2108		34129		3349
460		2108		34129		3349
461		2108		34129		3349
462		2108		34129		3349
463		2108		34129		3349
464		2108		34129		3349
465		2108		34129		3349
466		2108		34129		3349
467		2108		34129		3349
468		2108		34129		3349
469		2108		34129		3349
470		2108		34129		3349
471		2108		34129		3349
472		2108		34129		3349
473		2108		34129		3349
474		2108		34129		3349
475		2108		34129		3349
476		2108		34129		3349
477		2108		34129		3349
478		2108		34129		3349
479		2108		34129		3349
480		2108		34129		3349
481		2108		34129		3349
482		2108		34129		3349
483		2108		34129		3349
484		2108		34129		3349
485		2108		34129		3349
486		2108		34129		3349
487		2108		34129		3349
488		2108		34129		3349
489		2108		34129		3349
490		2108		34129		3349
491		2108		34129		3349
492		2108		34129		3349
493		2108		34129		3349
494		2108		34129		3349
495		2108		34129		3349
496		2108		34129		3349
497		2108		34129		3349
498		2108		34129		3349
499		2108		34129		3349
500		2108		34129		3349
501		2108		34129		3349
502		2108		34129		3349
503		2108		34129		3349
504		2108		34129		3349
505		2108		34129		3349
506		2108		34129		3349
507		2108		34129		3349
508		2108		34129		3349
509		2108		34129		3349
510		2108		34129		3349
511		2108		34129		3349
512		2108		34129		3349
513		2108		34129		3349
514		2108		34129		3349
515		2108		34129		3349
516		2108		34129		3349
517		2108		34129		3349
518		2108		34129		3349
519		2108		34129		3349
520		2108		34129		3349
521		2108		34129		3349
522		2108		34129		3349
523		2108		34129		3349
524		2108		34129		3349
525		2108		34129		3349
526		2108		34129		3349
527		2108		34129		3349
528		2108		34129		3349
529		2108		34129		3349
530		2108		34129		3349
531		2108		34129		3349
532		2108		34129		3349
533		2108		34129		3349
534		2108		34129		3349
535		2108		34129		3349
536		2108		34129		3349
537		2108		34129		3349
538		2108		34129		3349
539		2108		34129		3349
540		2108		34129		3349
541		2108		34129		3349
542		2108		34129		3349
543		2108		34129		3349
544		2108		34129		3349
545		2108		34129		3349
546		2108		34129		3349
547		2108		34129		3349
548		2108		34129		3349
549		2108		34129		3349
550		2108		34129		3349
551		2108		34129		3349
552		2108		34129		3349
553		2108		34129		3349
554		2108		34129		3349
555		2108		34129		3349
556		2108		34129		3349
557		2108		34129		3349
558		2108		34129		3349
559		2108		34129		3349
560		2108		34129		3349
561		2108		34129		3349
562		2108		34129		3349
563		2108		34129		3349
564		2108		34129		3349
565		2108		34129		3349
566		2108		34129		3349
567		2108		34129		3349
568		2108		34129		3349
569		2108		34129		3349
570		2108		34129		3349
571		2108		34129		3349
572		2108		34129		3349
573		2108		34129		3349
574		2108		34129		3349
575		2108		34129		3349
576		2108		34129		3349
577		2108		34129		3349
578		2108		34129		3349
579		2108		34129		3349
580		2108		34129		3349
581		2108		34129		3349
582		2108		34129		3349
583		2108		34129		3349
584		2108		34129		3349
585		2108		34129		3349
586		2108		34129		3349
587		2108		34129		3349
588		2108		34129		3349
589		2108		34129		3349
590		2108		34129		3349
591		2108		34129		3349
592		2108		34129		3349
593		2108		34129		3349
594		2108		34129		3349
595		2108		34129		3349
596		2108		34129		3349
597		2108		34129		3349
598		2108		34129		3349
599		2108		34129		3349
600		2108		34129		3349
601		2108		34129		3349
602		2108		34129		3349
603		2108		34129		3349
604		2108		34129		3349
605		2108		34129		3349
606		2108		34129		3349
607		2108		34129		3349
608		2108		34129		3349
609		2108		34129		3349
610		2108		34129		3349
611		2108		34129		3349
612		2108		34129		3349
613		2108		34129		3349
614		2108		34129		3349
615		2108		34129		3349
616		2108		34129		3349
617		2108		34129		3349
618		2108		34129		3349
619		2108		34129		3349
620		2108		34129		3349
621		2108		34129		3349
622		2108		34129		3349
623		2108		34129		3349
624		2108		34129		3349
625		2108		34129		3349
626		2108		34129		3349
627		2108		34129		3349
628		2108		34129		3349
629		2108		34129		3349
630		2108		34129		3349
631		2108		34129		3349
632		2108		34129		3349
633		2108		34129		3349
634		2108		34129		3349
635		2108		34129		3349
636		2108		34129		3349
637		2108		34129		3349
638		2108		34129		3349
639		2108		34129		3349
640		2108		34129		3349
641		2108		34129		3349
642		2108		34129		3349
643		2108		34129		3349
644		2108		34129		3349
645		2108		34129		3349
646		2108		34129		3349
647		2108		34129		3349
648		2108		34129		3349
649		2108		34129		3349
650		2108		34129		3349
651		2108		34129		3349
652		2108		34129		3349
653		2108		34129		3349
654		2108		34129		3349
655		2108		34129		3349
656		2108		34129		3349
657		2108		34129		3349
658		2108		34129		3349
659		2108		34129		3349
660		2108		34129		3349
661		2108		34129		3349
662		2108		34129		3349
663		2108		34129		3349
664		2108		34129		3349
665		2108		34129		3349
666		2108		34129		3349
667		2108		34129		3349
668		2108		34129		3349
669		2108		34129		3349
670		2108		34129		3349
671		2108		34129		3349
672		2108		34129		3349
673		2108		34129		3349
674		2108		34129		3349
675		2108		34129		3349
676		2108		34129		3349
677		2108		34129		3349
678		2108		34129		3349
679		2108		34129		3349
680		2108		34129		3349
681		2108		34129		3349
682		2108		34129		3349
683		2108		34129		3349
684		2108		34129		3349
685		2108		34129		3349
686		2108		34129		3349
687		2108		34129		3349
688		2108		34129		3349
689		2108		34129		3349
690		2108		34129		3349
691		2108		34129		3349
692		2108		34129		3349
693		2108		34129		3349
694		2108		34129		3349
695		2108		34129		3349
696		2108		34129		3349
697		2108		34129		3349
698		2108		34129		3349
699		2108		34129		3349
700		2108		34129		3349
701		2108		34129		3349
702		2108		34129		3349
703		2108		34129		3349
704		2108		34129		3349
705		2108		34129		3349
706		2108		34129		3349
707		2108		34129		3349
708		2108		34129		3349
709		2108		34129		3349
710		2108		34129		3349
711		2108		34129		3349
712		2108		34129		3349
713		2108		34129		3349
714		2108		34129		3349
715		2108		34129		3349
716		2108		34129		3349
717		2108		34129		3349
718		2108		34129		3349
719		2108		34129		3349
720		2108		34129		3349
721		2108		34129		3349
722		2108		34129		3349
723		2108		34129		3349
724		2108		34129		3349
725		2108		34129		3349
726		2108		34129		3349
727		2108		34129		3349
728		2108		34129		3349
729		2108		34129		3349
730		2108		34129		3349
731		2108		34129		3349
732		2108		34129		3349
733		2108		34129		3349
734		2108		34129		3349
735		2108		34129		3349
736		2108		34129		3349
737		2108		34129		3349
738		2108		34129		3349
739		2108		34129		3349
740		2108		34129		3349
741		2108		34129		3349
742		2108		34129		3349
743		2108		34129		3349
744		2108		34129		3349
745		2108		34129		3349
746		2108		34129		3349
747		2108		34129		3349
748		2108		34129		3349
749		2108		34129		3349
750		2108		34129		3349
751		2108		34129		3349
752		2108		34129		3349
753		2108		34129		3349
754		2108		34129		3349
755		2108		34129		3349
756		2108		34129		3349
757		2108		34129		3349
758		2108		34129		3349
759		2108		34129		3349
760		2108		34129		3349
761		2108		34129		3349
762		2108		34129		3349
763		2108		34129		3349
764		2108		34129		3349
765		2108		34129		3349
766		2108		34129		3349
767		2108		34129		3349
768		2108		34129		3349
769		2108		34129		3349
770		2108		34129		3349
771		2108		34129		3349
772		2108		34129		3349
773		2108		34129		3349
774		2108		34129		3349
775		2108		34129		3349
776		2108		34129		3349
777		2108		34129		3349
778		2108		34129		3349
779		2108		34129		3349
780		2108		34129		3349
781		2108		34129		3349
782		2108		34129		3349
783		2108		34129		3349
784		2108		34129		3349
785		2108		34129		3349
786		2108		34129		3349
787		2108		34129		3349
788		2108		34129		3349
789		2108		34129		3349
790		2108		34129		3349
791		2108		34129		3349
792		2108		34129		3349
793		2108		34129		3349
794		2108		34129		3349
795		2108		34129		3349
796		2108		34129		3349
797		2108		34129		3349
798		2108		34129		3349
799		2108		34129		3349
800		2108		34129		3349
801		2108		34129		3349
802		2108		34129		3349
803		2108		34129		3349
804		2108		34129		3349
805		2108		34129		3349
806		2108		34129		3349
807		2108		34129		3349
808		2108		34129		3349
809		2108		34129		3349
810		2108		34129		3349
811		2108		34129		3349
812		2108		34129		3349
813		2108		34129		3349
814		2108		34129		3349
815		2108		34129		3349
816		2108		34129		3349
817		2108		34129		3349
818		2108		34129		3349
819		2108		34129		3349
820		2108		34129		3349
821		2108		34129		3349
822		2108		34129		3349
823		2108		34129		3349
824		2108		34129		3349
825		2108		34129		3349
826		2108		34129		3349
827		2108		34129		3349
828		2108		34129		3349
829		2108		34129		3349
830		2108		34129		3349
831		2108		34129		3349
832		2108		34129		3349
833		2108		34129		3349
834		2108		34129		3349
835		2108		34129		3349
836		2108		34129		3349
837		2108		34129		3349
838		2108		34129		3349
839		2108		34129		3349
840		2108		34129		3349
841		2108		34129		3349
842		2108		34129		3349
843		2108		34129		3349
844		2108		34129		3349
845		2108		34129		3349
846		2108		34129		3349
847		2108		34129		3349
848		2108		34129		3349
849		2108		34129		3349
850		2108		34129		3349
851		2108		34129		3349
852		2108		34129		3349
853		2108		34129		3349
854		2108		34129		3349
855		2108		34129		3349
856		2108		34129		3349
857		2108		34129		3349
858		2108		34129		3349
859		2108		34129		3349
860		2108		34129		3349
861		2108		34129		3349
862		2108		34129		3349
863		2108		34129		3349
864		2108		34129		3349
865		2108		34129		3349
866		2108		34129		3349
867		2108		34129		3349
868		2108		34129		3349
869		2108		34129		3349
870		2108		34129		3349
871		2108		34129		3349
872		2108		34129		3349
873		2108		34129		3349
874		2108		34129		3349
875		2108		34129		3349
876		2108		34129		3349
877		2108		34129		3349
878		2108		34129		3349
879		2108		34129		3349
880		2108		34129		3349
881		2108		34129		3349
882		2108		34129		3349
883		2108		34129		3349
884		2108		34129		3349
885		2108		34129		3349
886		2108		34129		3349
887		2108		34129		3349
888		2108		34129		3349
889		2108		34129		3349
890		2108		34129		3349
891		2108		34129		3349
892		2108		34129		3349
893		2108		34129		3349
894		2108		34129		3349
895		2108		34129		3349
896		2108		34129		3349
897		2108		34129		3349
898		2108		34129		3349
899		2108		34129		3349
900		2108		34129		3349
901		2108		34129		3349
902		2108		34129		3349
903		2108		34129		3349
904		2108		34129		3349
905		2108		34129		3349
906		2108		34129		3349
907		2108		34129		3349
908		2108		34129		3349
909		2108		34129		3349
910		2108		34129		3349
911		2108		34129		3349
912		2108		34129		3349
913		2108		34129		3349
914		2108		34129		3349
915		2108		34129		3349
916		2108		34129		3349
917		2108		34129		3349
918		2108		34129		3349
919		2108		34129		3349
920		2108		34129		3349
921		2108		34129		3349
922		2108		34129		3349
923		2108		34129		3349
924		2108		34129		3349
925		2108		34129		3349
926		2108		34129		3349
927		2108		34129		3349
928		2108		34129		3349
929		2108		34129		3349
930		2108		34129		3349
931		2108		34129		3349
932		2108		34129		3349
933		2108		34129		3349
934		2108		34129		3349
935		2108		34129		3349
936		2108		34129		3349
937		2108		34129		3349
938		2108		34129		3349
939		2108		34129		3349
940		2108		34129		3349
941		2108		34129		3349
942		2108		34129		3349
943		2108		34129		3349
944		2108		34129		3349
945		2108		34129		3349
946		2108		34129		3349
947		2108		34129		3349
948		2108		34129		3349
949		2108		34129		3349
950		2108		34129		3349
951		2108		34129		3349
952		2108		34129		3349
953		2108		34129		3349
954		2108		34129		3349
955		2108		34129		3349
956		2108		34129		3349
957		2108		34129		3349
958		2108		34129		3349
959		2108		34129		3349
960		2108		34129		3349
961		2108		34129		3349
962		2108		34129		3349
963		2108		34129		3349
964		2108		34129		3349
965		2108		34129		3349
966		2108		34129		3349
967		2108		34129		3349
968		2108		34129		3349
969		2108		34129		3349
970		2108		34129		3349
971		2108		34129		3349
972		2108		34129		3349
973		2108		34129		3349
974		2108		34129		3349
975		2108		34129		3349
976		2108		34129		3349
977		2108		34129		3349
978		2108		34129		3349
979		2108		34129		3349
980		2108		34129		3349
981		2108		34129		3349
982		2108		34129		3349
983		2108		34129		3349
984		2108		34129		3349
985		2108		34129		3349
986		2108		34129		3349
987		2108		34129		3349
988		2108		34129		3349
989		2108		34129		3349
990		2108		34129		3349
991		2108		34129		3349
992		2108		34129		3349
993		2108		34129		3349
994		2108		34129		3349
995		2108		34129		3349
996		2108		34129		3349
997		2108		34129		3349
998		2108		34129		3349
999		2108		34129		3349
