# Migration is number of nodes that have changed color.

Round		Edge-Cut		Swaps		Migrations		Skipped
0		8314		3834		3090
1		7107		6707		3120
2		6282		8999		3152
3		5567		10870		3172
4		5097		12371		3177
5		4756		13712		3231
6		4442		14893		3246
7		4111		15943		3237
8		3878		16757		3220
9		3657		17509		3231
10		3521		18150		3229
11		3387		18775		3242
12		3268		19314		3220
13		3199		19809		3232
14		3098		20228		3232
15		3020		20649		3229
16		2968		21032		3221
17		2928		21346		3224
18		2854		21666		3235
19		2821		21931		3250
20		2780		22224		3257
21		2714		22489		3249
22		2677		22714		3267
23		2652		22946		3270
24		2615		23183		3267
25		2592		23392		3271
26		2579		23599		3252
27		2549		23838		3262
28		2520		24061		3271
29		2487		24273		3265
30		2469		24475		3253
31		2441		24702		3272
32		2423		24892		3279
33		2395		25065		3283
34		2376		25264		3270
35		2393		25432		3274
36		2371		25639		3279
37		2340		25859		3285
38		2322		26039		3285
39		2337		26232		3295
40		2315		26422		3302
41		2294		26588		3301
42		2264		26744		3298
43		2248		26914		3304
44		2229		27065		3307
45		2205		27227		3306
46		2175		27353		3303
47		2159		27456		3304
48		2167		27551		3307
49		2156		27667		3307
50		2130		27779		3305
51		2122		27879		3297
52		2089		28012		3307
53		2079		28119		3294
54		2073		28219		3301
55		2042		28310		3301
56		2044		28382		3312
57		2037		28463		3308
58		2026		28536		3314
59		2016		28632		3294
60		1993		28706		3304
61		1991		28768		3294
62		1985		28838		3300
63		1977		28891		3303
64		1966		28955		3295
65		1957		29009		3290
66		1944		29064		3289
67		1933		29113		3293
68		1926		29156		3290
69		1919		29198		3290
70		1922		29237		3293
71		1935		29292		3290
72		1912		29356		3298
73		1909		29416		3289
74		1901		29454		3293
75		1895		29492		3303
76		1899		29535		3300
77		1894		29587		3303
78		1885		29630		3308
79		1884		29659		3298
80		1875		29688		3299
81		1872		29715		3301
82		1867		29747		3297
83		1858		29781		3294
84		1860		29813		3290
85		1849		29845		3291
86		1847		29869		3286
87		1852		29903		3283
88		1850		29938		3287
89		1848		29969		3290
90		1843		29987		3287
91		1848		30009		3287
92		1843		30028		3286
93		1844		30055		3291
94		1831		30083		3289
95		1821		30098		3292
96		1816		30102		3290
97		1818		30110		3292
98		1823		30124		3291
99		1824		30132		3294
100		1825		30144		3290
101		1824		30161		3288
102		1822		30172		3287
103		1819		30180		3290
104		1819		30187		3286
105		1820		30200		3286
106		1823		30218		3288
107		1820		30228		3289
108		1821		30241		3287
109		1825		30254		3291
110		1823		30270		3291
111		1821		30285		3291
112		1823		30298		3291
113		1815		30317		3289
114		1815		30321		3289
115		1815		30327		3289
116		1815		30330		3289
117		1813		30337		3288
118		1812		30341		3289
119		1809		30348		3287
120		1805		30358		3287
121		1805		30362		3287
122		1806		30365		3285
123		1805		30372		3287
124		1806		30374		3287
125		1805		30376		3285
126		1803		30378		3287
127		1801		30379		3287
128		1801		30382		3288
129		1801		30382		3288
130		1801		30383		3288
131		1800		30387		3287
132		1800		30389		3287
133		1799		30392		3286
134		1799		30394		3284
135		1799		30396		3284
136		1801		30400		3282
137		1797		30403		3283
138		1797		30403		3283
139		1795		30404		3283
140		1795		30404		3283
141		1795		30404		3283
142		1795		30404		3283
143		1795		30404		3283
144		1795		30404		3283
145		1795		30404		3283
146		1795		30404		3283
147		1795		30404		3283
148		1795		30404		3283
149		1795		30404		3283
150		1795		30404		3283
151		1795		30404		3283
152		1795		30404		3283
153		1795		30404		3283
154		1795		30404		3283
155		1795		30404		3283
156		1795		30404		3283
157		1795		30404		3283
158		1795		30404		3283
159		1795		30404		3283
160		1795		30404		3283
161		1795		30404		3283
162		1795		30404		3283
163		1795		30404		3283
164		1795		30404		3283
165		1795		30404		3283
166		1795		30404		3283
167		1795		30404		3283
168		1795		30404		3283
169		1795		30404		3283
170		1795		30404		3283
171		1795		30404		3283
172		1795		30404		3283
173		1795		30404		3283
174		1795		30404		3283
175		1795		30404		3283
176		1795		30404		3283
177		1795		30404		3283
178		1795		30404		3283
179		1795		30404		3283
180		1795		30404		3283
181		1795		30404		3283
182		1795		30404		3283
183		1795		30404		3283
184		1795		30404		3283
185		1795		30404		3283
186		1795		30404		3283
187		1795		30404		3283
188		1795		30404		3283
189		1795		30404		3283
190		1795		30404		3283
191		1795		30404		3283
192		1795		30404		3283
193		1795		30404		3283
194		1795		30404		3283
195		1795		30404		3283
196		1795		30404		3283
197		1795		30404		3283
198		1795		30404		3283
199		1795		30404		3283
200		1795		30404		3283
201		1795		30404		3283
202		1795		30404		3283
203		1795		30404		3283
204		1795		30404		3283
205		1795		30404		3283
206		1795		30404		3283
207		1795		30404		3283
208		1795		30404		3283
209		1795		30404		3283
210		1795		30404		3283
211		1795		30404		3283
212		1795		30404		3283
213		1795		30404		3283
214		1795		30404		3283
215		1795		30404		3283
216		1795		30404		3283
217		1795		30404		3283
218		1795		30404		3283
219		1795		30404		3283
220		1795		30404		3283
221		1795		30404		3283
222		1795		30404		3283
223		1795		30404		3283
224		1795		30404		3283
225		1795		30404		3283
226		1795		30404		3283
227		1795		30404		3283
228		1795		30404		3283
229		1795		30404		3283
230		1795		30404		3283
231		1795		30404		3283
232		1795		30404		3283
233		1795		30404		3283
234		1795		30404		3283
235		1795		30404		3283
236		1795		30404		3283
237		1795		30404		3283
238		1795		30404		3283
239		1795		30404		3283
240		1795		30404		3283
241		1795		30404		3283
242		1795		30404		3283
243		1795		30404		3283
244		1795		30404		3283
245		1795		30404		3283
246		1795		30404		3283
247		1795		30404		3283
248		1795		30404		3283
249		1795		30404		3283
250		1795		30404		3283
251		1795		30404		3283
252		1795		30404		3283
253		1795		30404		3283
254		1795		30404		3283
255		1795		30404		3283
256		1795		30404		3283
257		1795		30404		3283
258		1795		30404		3283
259		1795		30404		3283
260		1795		30404		3283
261		1795		30404		3283
262		1795		30404		3283
263		1795		30404		3283
264		1795		30404		3283
265		1795		30404		3283
266		1795		30404		3283
267		1795		30404		3283
268		1795		30404		3283
269		1795		30404		3283
270		1795		30404		3283
271		1795		30404		3283
272		1795		30404		3283
273		1795		30404		3283
274		1795		30404		3283
275		1795		30404		3283
276		1795		30404		3283
277		1795		30404		3283
278		1795		30404		3283
279		1795		30404		3283
280		1795		30404		3283
281		1795		30404		3283
282		1795		30404		3283
283		1795		30404		3283
284		1795		30404		3283
285		1795		30404		3283
286		1795		30404		3283
287		1795		30404		3283
288		1795		30404		3283
289		1795		30404		3283
290		1795		30404		3283
291		1795		30404		3283
292		1795		30404		3283
293		1795		30404		3283
294		1795		30404		3283
295		1795		30404		3283
296		1795		30404		3283
297		1795		30404		3283
298		1795		30404		3283
299		1795		30404		3283
300		1795		30404		3283
301		1795		30404		3283
302		1795		30404		3283
303		1795		30404		3283
304		1795		30404		3283
305		1795		30404		3283
306		1795		30404		3283
307		1795		30404		3283
308		1795		30404		3283
309		1795		30404		3283
310		1795		30404		3283
311		1795		30404		3283
312		1795		30404		3283
313		1795		30404		3283
314		1795		30404		3283
315		1795		30404		3283
316		1795		30404		3283
317		1795		30404		3283
318		1795		30404		3283
319		1795		30404		3283
320		1795		30404		3283
321		1795		30404		3283
322		1795		30404		3283
323		1795		30404		3283
324		1795		30404		3283
325		1795		30404		3283
326		1795		30404		3283
327		1795		30404		3283
328		1795		30404		3283
329		1795		30404		3283
330		1795		30404		3283
331		1795		30404		3283
332		1795		30404		3283
333		1795		30404		3283
334		1795		30404		3283
335		1795		30404		3283
336		1795		30404		3283
337		1795		30404		3283
338		1795		30404		3283
339		1795		30404		3283
340		1795		30404		3283
341		1795		30404		3283
342		1795		30404		3283
343		1795		30404		3283
344		1795		30404		3283
345		1795		30404		3283
346		1795		30404		3283
347		1795		30404		3283
348		1795		30404		3283
349		1795		30404		3283
350		1795		30404		3283
351		1795		30404		3283
352		1795		30404		3283
353		1795		30404		3283
354		1795		30404		3283
355		1795		30404		3283
356		1795		30404		3283
357		1795		30404		3283
358		1795		30404		3283
359		1795		30404		3283
360		1795		30404		3283
361		1795		30404		3283
362		1795		30404		3283
363		1795		30404		3283
364		1795		30404		3283
365		1795		30404		3283
366		1795		30404		3283
367		1795		30404		3283
368		1795		30404		3283
369		1795		30404		3283
370		1795		30404		3283
371		1795		30404		3283
372		1795		30404		3283
373		1795		30404		3283
374		1795		30404		3283
375		1795		30404		3283
376		1795		30404		3283
377		1795		30404		3283
378		1795		30404		3283
379		1795		30404		3283
380		1795		30404		3283
381		1795		30404		3283
382		1795		30404		3283
383		1795		30404		3283
384		1795		30404		3283
385		1795		30404		3283
386		1795		30404		3283
387		1795		30404		3283
388		1795		30404		3283
389		1795		30404		3283
390		1795		30404		3283
391		1795		30404		3283
392		1795		30404		3283
393		1795		30404		3283
394		1795		30404		3283
395		1795		30404		3283
396		1795		30404		3283
397		1795		30404		3283
398		1795		30404		3283
399		1795		30404		3283
400		1795		30404		3283
401		1795		30404		3283
402		1795		30404		3283
403		1795		30404		3283
404		1795		30404		3283
405		1795		30404		3283
406		1795		30404		3283
407		1795		30404		3283
408		1795		30404		3283
409		1795		30404		3283
410		1795		30404		3283
411		1795		30404		3283
412		1795		30404		3283
413		1795		30404		3283
414		1795		30404		3283
415		1795		30404		3283
416		1795		30404		3283
417		1795		30404		3283
418		1795		30404		3283
419		1795		30404		3283
420		1795		30404		3283
421		1795		30404		3283
422		1795		30404		3283
423		1795		30404		3283
424		1795		30404		3283
425		1795		30404		3283
426		1795		30404		3283
427		1795		30404		3283
428		1795		30404		3283
429		1795		30404		3283
430		1795		30404		3283
431		1795		30404		3283
432		1795		30404		3283
433		1795		30404		3283
434		1795		30404		3283
435		1795		30404		3283
436		1795		30404		3283
437		1795		30404		3283
438		1795		30404		3283
439		1795		30404		3283
440		1795		30404		3283
441		1795		30404		3283
442		1795		30404		3283
443		1795		30404		3283
444		1795		30404		3283
445		1795		30404		3283
446		1795		30404		3283
447		1795		30404		3283
448		1795		30404		3283
449		1795		30404		3283
450		1795		30404		3283
451		1795		30404		3283
452		1795		30404		3283
453		1795		30404		3283
454		1795		30404		3283
455		1795		30404		3283
456		1795		30404		3283
457		1795		30404		3283
458		1795		30404		3283
459		1795		30404		3283
460		1795		30404		3283
461		1795		30404		3283
462		1795		30404		3283
463		1795		30404		3283
464		1795		30404		3283
465		1795		30404		3283
466		1795		30404		3283
467		1795		30404		3283
468		1795		30404		3283
469		1795		30404		3283
470		1795		30404		3283
471		1795		30404		3283
472		1795		30404		3283
473		1795		30404		3283
474		1795		30404		3283
475		1795		30404		3283
476		1795		30404		3283
477		1795		30404		3283
478		1795		30404		3283
479		1795		30404		3283
480		1795		30404		3283
481		1795		30404		3283
482		1795		30404		3283
483		1795		30404		3283
484		1795		30404		3283
485		1795		30404		3283
486		1795		30404		3283
487		1795		30404		3283
488		1795		30404		3283
489		1795		30404		3283
490		1795		30404		3283
491		1795		30404		3283
492		1795		30404		3283
493		1795		30404		3283
494		1795		30404		3283
495		1795		30404		3283
496		1795		30404		3283
497		1795		30404		3283
498		1795		30404		3283
499		1795		30404		3283
500		1795		30404		3283
501		1795		30404		3283
502		1795		30404		3283
503		1795		30404		3283
504		1795		30404		3283
505		1795		30404		3283
506		1795		30404		3283
507		1795		30404		3283
508		1795		30404		3283
509		1795		30404		3283
510		1795		30404		3283
511		1795		30404		3283
512		1795		30404		3283
513		1795		30404		3283
514		1795		30404		3283
515		1795		30404		3283
516		1795		30404		3283
517		1795		30404		3283
518		1795		30404		3283
519		1795		30404		3283
520		1795		30404		3283
521		1795		30404		3283
522		1795		30404		3283
523		1795		30404		3283
524		1795		30404		3283
525		1795		30404		3283
526		1795		30404		3283
527		1795		30404		3283
528		1795		30404		3283
529		1795		30404		3283
530		1795		30404		3283
531		1795		30404		3283
532		1795		30404		3283
533		1795		30404		3283
534		1795		30404		3283
535		1795		30404		3283
536		1795		30404		3283
537		1795		30404		3283
538		1795		30404		3283
539		1795		30404		3283
540		1795		30404		3283
541		1795		30404		3283
542		1795		30404		3283
543		1795		30404		3283
544		1795		30404		3283
545		1795		30404		3283
546		1795		30404		3283
547		1795		30404		3283
548		1795		30404		3283
549		1795		30404		3283
550		1795		30404		3283
551		1795		30404		3283
552		1795		30404		3283
553		1795		30404		3283
554		1795		30404		3283
555		1795		30404		3283
556		1795		30404		3283
557		1795		30404		3283
558		1795		30404		3283
559		1795		30404		3283
560		1795		30404		3283
561		1795		30404		3283
562		1795		30404		3283
563		1795		30404		3283
564		1795		30404		3283
565		1795		30404		3283
566		1795		30404		3283
567		1795		30404		3283
568		1795		30404		3283
569		1795		30404		3283
570		1795		30404		3283
571		1795		30404		3283
572		1795		30404		3283
573		1795		30404		3283
574		1795		30404		3283
575		1795		30404		3283
576		1795		30404		3283
577		1795		30404		3283
578		1795		30404		3283
579		1795		30404		3283
580		1795		30404		3283
581		1795		30404		3283
582		1795		30404		3283
583		1795		30404		3283
584		1795		30404		3283
585		1795		30404		3283
586		1795		30404		3283
587		1795		30404		3283
588		1795		30404		3283
589		1795		30404		3283
590		1795		30404		3283
591		1795		30404		3283
592		1795		30404		3283
593		1795		30404		3283
594		1795		30404		3283
595		1795		30404		3283
596		1795		30404		3283
597		1795		30404		3283
598		1795		30404		3283
599		1795		30404		3283
600		1795		30404		3283
601		1795		30404		3283
602		1795		30404		3283
603		1795		30404		3283
604		1795		30404		3283
605		1795		30404		3283
606		1795		30404		3283
607		1795		30404		3283
608		1795		30404		3283
609		1795		30404		3283
610		1795		30404		3283
611		1795		30404		3283
612		1795		30404		3283
613		1795		30404		3283
614		1795		30404		3283
615		1795		30404		3283
616		1795		30404		3283
617		1795		30404		3283
618		1795		30404		3283
619		1795		30404		3283
620		1795		30404		3283
621		1795		30404		3283
622		1795		30404		3283
623		1795		30404		3283
624		1795		30404		3283
625		1795		30404		3283
626		1795		30404		3283
627		1795		30404		3283
628		1795		30404		3283
629		1795		30404		3283
630		1795		30404		3283
631		1795		30404		3283
632		1795		30404		3283
633		1795		30404		3283
634		1795		30404		3283
635		1795		30404		3283
636		1795		30404		3283
637		1795		30404		3283
638		1795		30404		3283
639		1795		30404		3283
640		1795		30404		3283
641		1795		30404		3283
642		1795		30404		3283
643		1795		30404		3283
644		1795		30404		3283
645		1795		30404		3283
646		1795		30404		3283
647		1795		30404		3283
648		1795		30404		3283
649		1795		30404		3283
650		1795		30404		3283
651		1795		30404		3283
652		1795		30404		3283
653		1795		30404		3283
654		1795		30404		3283
655		1795		30404		3283
656		1795		30404		3283
657		1795		30404		3283
658		1795		30404		3283
659		1795		30404		3283
660		1795		30404		3283
661		1795		30404		3283
662		1795		30404		3283
663		1795		30404		3283
664		1795		30404		3283
665		1795		30404		3283
666		1795		30404		3283
667		1795		30404		3283
668		1795		30404		3283
669		1795		30404		3283
670		1795		30404		3283
671		1795		30404		3283
672		1795		30404		3283
673		1795		30404		3283
674		1795		30404		3283
675		1795		30404		3283
676		1795		30404		3283
677		1795		30404		3283
678		1795		30404		3283
679		1795		30404		3283
680		1795		30404		3283
681		1795		30404		3283
682		1795		30404		3283
683		1795		30404		3283
684		1795		30404		3283
685		1795		30404		3283
686		1795		30404		3283
687		1795		30404		3283
688		1795		30404		3283
689		1795		30404		3283
690		1795		30404		3283
691		1795		30404		3283
692		1795		30404		3283
693		1795		30404		3283
694		1795		30404		3283
695		1795		30404		3283
696		1795		30404		3283
697		1795		30404		3283
698		1795		30404		3283
699		1795		30404		3283
700		1795		30404		3283
701		1795		30404		3283
702		1795		30404		3283
703		1795		30404		3283
704		1795		30404		3283
705		1795		30404		3283
706		1795		30404		3283
707		1795		30404		3283
708		1795		30404		3283
709		1795		30404		3283
710		1795		30404		3283
711		1795		30404		3283
712		1795		30404		3283
713		1795		30404		3283
714		1795		30404		3283
715		1795		30404		3283
716		1795		30404		3283
717		1795		30404		3283
718		1795		30404		3283
719		1795		30404		3283
720		1795		30404		3283
721		1795		30404		3283
722		1795		30404		3283
723		1795		30404		3283
724		1795		30404		3283
725		1795		30404		3283
726		1795		30404		3283
727		1795		30404		3283
728		1795		30404		3283
729		1795		30404		3283
730		1795		30404		3283
731		1795		30404		3283
732		1795		30404		3283
733		1795		30404		3283
734		1795		30404		3283
735		1795		30404		3283
736		1795		30404		3283
737		1795		30404		3283
738		1795		30404		3283
739		1795		30404		3283
740		1795		30404		3283
741		1795		30404		3283
742		1795		30404		3283
743		1795		30404		3283
744		1795		30404		3283
745		1795		30404		3283
746		1795		30404		3283
747		1795		30404		3283
748		1795		30404		3283
749		1795		30404		3283
750		1795		30404		3283
751		1795		30404		3283
752		1795		30404		3283
753		1795		30404		3283
754		1795		30404		3283
755		1795		30404		3283
756		1795		30404		3283
757		1795		30404		3283
758		1795		30404		3283
759		1795		30404		3283
760		1795		30404		3283
761		1795		30404		3283
762		1795		30404		3283
763		1795		30404		3283
764		1795		30404		3283
765		1795		30404		3283
766		1795		30404		3283
767		1795		30404		3283
768		1795		30404		3283
769		1795		30404		3283
770		1795		30404		3283
771		1795		30404		3283
772		1795		30404		3283
773		1795		30404		3283
774		1795		30404		3283
775		1795		30404		3283
776		1795		30404		3283
777		1795		30404		3283
778		1795		30404		3283
779		1795		30404		3283
780		1795		30404		3283
781		1795		30404		3283
782		1795		30404		3283
783		1795		30404		3283
784		1795		30404		3283
785		1795		30404		3283
786		1795		30404		3283
787		1795		30404		3283
788		1795		30404		3283
789		1795		30404		3283
790		1795		30404		3283
791		1795		30404		3283
792		1795		30404		3283
793		1795		30404		3283
794		1795		30404		3283
795		1795		30404		3283
796		1795		30404		3283
797		1795		30404		3283
798		1795		30404		3283
799		1795		30404		3283
800		1795		30404		3283
801		1795		30404		3283
802		1795		30404		3283
803		1795		30404		3283
804		1795		30404		3283
805		1795		30404		3283
806		1795		30404		3283
807		1795		30404		3283
808		1795		30404		3283
809		1795		30404		3283
810		1795		30404		3283
811		1795		30404		3283
812		1795		30404		3283
813		1795		30404		3283
814		1795		30404		3283
815		1795		30404		3283
816		1795		30404		3283
817		1795		30404		3283
818		1795		30404		3283
819		1795		30404		3283
820		1795		30404		3283
821		1795		30404		3283
822		1795		30404		3283
823		1795		30404		3283
824		1795		30404		3283
825		1795		30404		3283
826		1795		30404		3283
827		1795		30404		3283
828		1795		30404		3283
829		1795		30404		3283
830		1795		30404		3283
831		1795		30404		3283
832		1795		30404		3283
833		1795		30404		3283
834		1795		30404		3283
835		1795		30404		3283
836		1795		30404		3283
837		1795		30404		3283
838		1795		30404		3283
839		1795		30404		3283
840		1795		30404		3283
841		1795		30404		3283
842		1795		30404		3283
843		1795		30404		3283
844		1795		30404		3283
845		1795		30404		3283
846		1795		30404		3283
847		1795		30404		3283
848		1795		30404		3283
849		1795		30404		3283
850		1795		30404		3283
851		1795		30404		3283
852		1795		30404		3283
853		1795		30404		3283
854		1795		30404		3283
855		1795		30404		3283
856		1795		30404		3283
857		1795		30404		3283
858		1795		30404		3283
859		1795		30404		3283
860		1795		30404		3283
861		1795		30404		3283
862		1795		30404		3283
863		1795		30404		3283
864		1795		30404		3283
865		1795		30404		3283
866		1795		30404		3283
867		1795		30404		3283
868		1795		30404		3283
869		1795		30404		3283
870		1795		30404		3283
871		1795		30404		3283
872		1795		30404		3283
873		1795		30404		3283
874		1795		30404		3283
875		1795		30404		3283
876		1795		30404		3283
877		1795		30404		3283
878		1795		30404		3283
879		1795		30404		3283
880		1795		30404		3283
881		1795		30404		3283
882		1795		30404		3283
883		1795		30404		3283
884		1795		30404		3283
885		1795		30404		3283
886		1795		30404		3283
887		1795		30404		3283
888		1795		30404		3283
889		1795		30404		3283
890		1795		30404		3283
891		1795		30404		3283
892		1795		30404		3283
893		1795		30404		3283
894		1795		30404		3283
895		1795		30404		3283
896		1795		30404		3283
897		1795		30404		3283
898		1795		30404		3283
899		1795		30404		3283
900		1795		30404		3283
901		1795		30404		3283
902		1795		30404		3283
903		1795		30404		3283
904		1795		30404		3283
905		1795		30404		3283
906		1795		30404		3283
907		1795		30404		3283
908		1795		30404		3283
909		1795		30404		3283
910		1795		30404		3283
911		1795		30404		3283
912		1795		30404		3283
913		1795		30404		3283
914		1795		30404		3283
915		1795		30404		3283
916		1795		30404		3283
917		1795		30404		3283
918		1795		30404		3283
919		1795		30404		3283
920		1795		30404		3283
921		1795		30404		3283
922		1795		30404		3283
923		1795		30404		3283
924		1795		30404		3283
925		1795		30404		3283
926		1795		30404		3283
927		1795		30404		3283
928		1795		30404		3283
929		1795		30404		3283
930		1795		30404		3283
931		1795		30404		3283
932		1795		30404		3283
933		1795		30404		3283
934		1795		30404		3283
935		1795		30404		3283
936		1795		30404		3283
937		1795		30404		3283
938		1795		30404		3283
939		1795		30404		3283
940		1795		30404		3283
941		1795		30404		3283
942		1795		30404		3283
943		1795		30404		3283
944		1795		30404		3283
945		1795		30404		3283
946		1795		30404		3283
947		1795		30404		3283
948		1795		30404		3283
949		1795		30404		3283
950		1795		30404		3283
951		1795		30404		3283
952		1795		30404		3283
953		1795		30404		3283
954		1795		30404		3283
955		1795		30404		3283
956		1795		30404		3283
957		1795		30404		3283
958		1795		30404		3283
959		1795		30404		3283
960		1795		30404		3283
961		1795		30404		3283
962		1795		30404		3283
963		1795		30404		3283
964		1795		30404		3283
965		1795		30404		3283
966		1795		30404		3283
967		1795		30404		3283
968		1795		30404		3283
969		1795		30404		3283
970		1795		30404		3283
971		1795		30404		3283
972		1795		30404		3283
973		1795		30404		3283
974		1795		30404		3283
975		1795		30404		3283
976		1795		30404		3283
977		1795		30404		3283
978		1795		30404		3283
979		1795		30404		3283
980		1795		30404		3283
981		1795		30404		3283
982		1795		30404		3283
983		1795		30404		3283
984		1795		30404		3283
985		1795		30404		3283
986		1795		30404		3283
987		1795		30404		3283
988		1795		30404		3283
989		1795		30404		3283
990		1795		30404		3283
991		1795		30404		3283
992		1795		30404		3283
993		1795		30404		3283
994		1795		30404		3283
995		1795		30404		3283
996		1795		30404		3283
997		1795		30404		3283
998		1795		30404		3283
999		1795		30404		3283
