# Migration is number of nodes that have changed color.

Round		Edge-Cut		Swaps		Migrations		Skipped
0		9528		4695		3306
1		9205		9347		3357
2		8944		13974		3422
3		9018		18599		3412
4		8932		23250		3451
5		8928		27866		3461
6		8982		32471		3474
7		8822		37104		3508
8		8825		41721		3517
9		8761		46331		3492
10		8842		50918		3542
11		8741		55541		3443
12		8786		60136		3532
13		8849		64750		3555
14		8805		69376		3518
15		8792		73955		3563
16		8822		78551		3522
17		8694		83141		3535
18		8742		87728		3516
19		8641		92324		3513
20		8650		96902		3527
21		8587		101470		3530
22		8551		106021		3539
23		8697		110554		3567
24		8651		115089		3539
25		8636		119621		3563
26		8585		124147		3535
27		8550		128670		3545
28		8673		133154		3534
29		8556		137676		3516
30		8494		142150		3556
31		8691		146665		3492
32		8679		151215		3594
33		8669		155740		3595
34		8673		160263		3549
35		8614		164802		3557
36		8660		169296		3515
37		8695		173809		3573
38		8660		178327		3583
39		8541		182860		3552
40		8571		187363		3535
41		8542		191856		3563
42		8515		196336		3526
43		8498		200785		3572
44		8464		205276		3591
45		8451		209771		3493
46		8484		214237		3499
47		8504		218729		3514
48		8537		223210		3574
49		8638		227671		3551
50		8438		232150		3588
51		8397		236604		3506
52		8441		240989		3531
53		8387		245329		3515
54		8418		249695		3549
55		8301		254058		3555
56		8246		258411		3497
57		8330		262754		3482
58		8181		267089		3540
59		8258		271391		3563
60		8235		275753		3550
61		8190		280055		3465
62		8130		284337		3538
63		8172		288670		3512
64		8167		292992		3510
65		8245		297271		3552
66		8078		301506		3551
67		8056		305699		3512
68		7923		309929		3462
69		7885		313955		3517
70		7650		317835		3545
71		7538		321713		3557
72		7407		325464		3512
73		7236		329234		3548
74		7093		332845		3528
75		7042		336358		3524
76		6827		339687		3534
77		6619		342824		3524
78		6590		345878		3508
79		6420		348893		3557
80		6345		351809		3553
81		6197		354658		3546
82		5996		357417		3521
83		5782		360025		3484
84		5522		362522		3486
85		5315		364868		3538
86		5227		367142		3546
87		5066		369455		3539
88		4907		371684		3524
89		4659		373794		3522
90		4118		375171		3519
91		3813		376271		3499
92		3535		377254		3507
93		3337		378057		3520
94		3188		378712		3523
95		3034		379347		3556
96		2913		379899		3526
97		2815		380433		3514
98		2710		380920		3538
99		2622		381398		3547
100		2553		381768		3550
101		2499		382142		3551
102		2426		382462		3526
103		2362		382767		3539
104		2319		383023		3545
105		2295		383285		3540
106		2243		383534		3532
107		2227		383784		3535
108		2201		384042		3537
109		2144		384241		3547
110		2135		384449		3551
111		2143		384651		3534
112		2128		384839		3534
113		2108		385049		3539
114		2098		385246		3550
115		2073		385460		3524
116		2050		385664		3537
117		2037		385852		3555
118		1994		386034		3528
119		1961		386202		3521
120		1947		386366		3526
121		1935		386517		3522
122		1914		386651		3531
123		1890		386772		3521
124		1892		386872		3525
125		1884		386959		3538
126		1860		387069		3521
127		1852		387171		3532
128		1850		387268		3527
129		1841		387368		3520
130		1835		387479		3525
131		1829		387578		3526
132		1811		387667		3524
133		1797		387759		3518
134		1794		387854		3519
135		1788		387934		3526
136		1792		388027		3525
137		1793		388104		3526
138		1787		388189		3528
139		1782		388279		3519
140		1760		388353		3523
141		1752		388426		3529
142		1747		388486		3527
143		1743		388548		3525
144		1737		388600		3525
145		1721		388670		3525
146		1720		388717		3526
147		1717		388748		3525
148		1719		388809		3527
149		1713		388857		3518
150		1709		388913		3524
151		1703		388947		3517
152		1695		388982		3520
153		1672		389018		3522
154		1658		389047		3522
155		1659		389062		3522
156		1657		389079		3519
157		1658		389094		3522
158		1651		389103		3522
159		1648		389114		3519
160		1633		389129		3521
161		1639		389142		3519
162		1644		389156		3517
163		1643		389168		3516
164		1637		389182		3519
165		1633		389194		3520
166		1632		389209		3519
167		1631		389219		3516
168		1634		389225		3519
169		1634		389238		3520
170		1628		389253		3516
171		1626		389265		3514
172		1626		389278		3512
173		1627		389299		3511
174		1618		389317		3510
175		1616		389333		3516
176		1616		389371		3519
177		1620		389385		3520
178		1617		389399		3520
179		1615		389406		3517
180		1614		389416		3519
181		1613		389425		3519
182		1612		389433		3520
183		1610		389441		3521
184		1607		389450		3519
185		1608		389456		3520
186		1605		389469		3518
187		1605		389481		3518
188		1607		389492		3520
189		1605		389505		3516
190		1607		389522		3514
191		1608		389535		3516
192		1608		389546		3518
193		1608		389562		3517
194		1604		389577		3519
195		1605		389585		3518
196		1605		389594		3521
197		1597		389601		3519
198		1598		389608		3518
199		1600		389613		3518
200		1602		389619		3520
201		1604		389624		3518
202		1598		389631		3514
203		1595		389637		3511
204		1594		389643		3512
205		1598		389651		3511
206		1601		389657		3510
207		1596		389665		3511
208		1594		389671		3512
209		1595		389676		3511
210		1596		389682		3508
211		1595		389687		3507
212		1595		389697		3506
213		1589		389710		3509
214		1589		389716		3507
215		1592		389734		3505
216		1590		389743		3509
217		1589		389755		3508
218		1591		389764		3506
219		1586		389772		3508
220		1582		389777		3509
221		1583		389780		3508
222		1581		389783		3508
223		1580		389790		3510
224		1585		389798		3511
225		1587		389811		3512
226		1588		389819		3511
227		1590		389827		3510
228		1589		389836		3509
229		1584		389846		3508
230		1583		389854		3507
231		1581		389859		3508
232		1581		389862		3507
233		1582		389868		3505
234		1582		389871		3509
235		1580		389873		3511
236		1580		389878		3510
237		1581		389880		3510
238		1582		389886		3509
239		1581		389889		3508
240		1581		389891		3510
241		1582		389898		3511
242		1580		389901		3511
243		1579		389902		3509
244		1580		389903		3510
245		1580		389905		3510
246		1580		389906		3510
247		1580		389907		3510
248		1580		389909		3510
249		1580		389911		3510
250		1580		389913		3510
251		1580		389914		3510
252		1580		389916		3510
253		1580		389918		3510
254		1581		389923		3510
255		1582		389924		3511
256		1582		389926		3511
257		1582		389931		3511
258		1580		389933		3511
259		1580		389935		3511
260		1579		389936		3509
261		1580		389937		3510
262		1580		389937		3510
263		1580		389937		3510
264		1579		389940		3509
265		1581		389942		3509
266		1579		389948		3508
267		1579		389949		3508
268		1579		389951		3508
269		1581		389954		3508
270		1578		389958		3508
271		1576		389961		3507
272		1581		389965		3505
273		1578		389970		3506
274		1579		389973		3505
275		1579		389976		3507
276		1577		389981		3505
277		1577		389982		3507
278		1577		389984		3507
279		1577		389985		3505
280		1579		389993		3508
281		1575		389997		3507
282		1575		389997		3507
283		1575		389997		3507
284		1575		389997		3507
285		1575		389997		3507
286		1575		389997		3507
287		1575		389997		3507
288		1575		389997		3507
289		1575		389997		3507
290		1575		389997		3507
291		1575		389997		3507
292		1575		389997		3507
293		1575		389997		3507
294		1575		389997		3507
295		1575		389997		3507
296		1575		389997		3507
297		1575		389997		3507
298		1575		389997		3507
299		1575		389997		3507
300		1575		389997		3507
301		1575		389997		3507
302		1575		389997		3507
303		1575		389997		3507
304		1575		389997		3507
305		1575		389997		3507
306		1575		389997		3507
307		1575		389997		3507
308		1575		389997		3507
309		1575		389997		3507
310		1575		389997		3507
311		1575		389997		3507
312		1575		389997		3507
313		1575		389997		3507
314		1575		389997		3507
315		1575		389997		3507
316		1575		389997		3507
317		1575		389997		3507
318		1575		389997		3507
319		1575		389997		3507
320		1575		389997		3507
321		1575		389997		3507
322		1575		389997		3507
323		1575		389997		3507
324		1575		389997		3507
325		1575		389997		3507
326		1575		389997		3507
327		1575		389997		3507
328		1575		389997		3507
329		1575		389997		3507
330		1575		389997		3507
331		1575		389997		3507
332		1575		389997		3507
333		1575		389997		3507
334		1575		389997		3507
335		1575		389997		3507
336		1575		389997		3507
337		1575		389997		3507
338		1575		389997		3507
339		1575		389997		3507
340		1575		389997		3507
341		1575		389997		3507
342		1575		389997		3507
343		1575		389997		3507
344		1575		389997		3507
345		1575		389997		3507
346		1575		389997		3507
347		1575		389997		3507
348		1575		389997		3507
349		1575		389997		3507
350		1575		389997		3507
351		1575		389997		3507
352		1575		389997		3507
353		1575		389997		3507
354		1575		389997		3507
355		1575		389997		3507
356		1575		389997		3507
357		1575		389997		3507
358		1575		389997		3507
359		1575		389997		3507
360		1575		389997		3507
361		1575		389997		3507
362		1575		389997		3507
363		1575		389997		3507
364		1575		389997		3507
365		1575		389997		3507
366		1575		389997		3507
367		1575		389997		3507
368		1575		389997		3507
369		1575		389997		3507
370		1575		389997		3507
371		1575		389997		3507
372		1575		389997		3507
373		1575		389997		3507
374		1575		389997		3507
375		1575		389997		3507
376		1575		389997		3507
377		1575		389997		3507
378		1575		389997		3507
379		1575		389997		3507
380		1575		389997		3507
381		1575		389997		3507
382		1575		389997		3507
383		1575		389997		3507
384		1575		389997		3507
385		1575		389997		3507
386		1575		389997		3507
387		1575		389997		3507
388		1575		389997		3507
389		1575		389997		3507
390		1575		389997		3507
391		1575		389997		3507
392		1575		389997		3507
393		1575		389997		3507
394		1575		389997		3507
395		1575		389997		3507
396		1575		389997		3507
397		1575		389997		3507
398		1575		389997		3507
399		1575		389997		3507
400		1575		389997		3507
401		1575		389997		3507
402		1575		389997		3507
403		1575		389997		3507
404		1575		389997		3507
405		1575		389997		3507
406		1575		389997		3507
407		1575		389997		3507
408		1575		389997		3507
409		1575		389997		3507
410		1575		389997		3507
411		1575		389997		3507
412		1575		389997		3507
413		1575		389997		3507
414		1575		389997		3507
415		1575		389997		3507
416		1575		389997		3507
417		1575		389997		3507
418		1575		389997		3507
419		1575		389997		3507
420		1575		389997		3507
421		1575		389997		3507
422		1575		389997		3507
423		1575		389997		3507
424		1575		389997		3507
425		1575		389997		3507
426		1575		389997		3507
427		1575		389997		3507
428		1575		389997		3507
429		1575		389997		3507
430		1575		389997		3507
431		1575		389997		3507
432		1575		389997		3507
433		1575		389997		3507
434		1575		389997		3507
435		1575		389997		3507
436		1575		389997		3507
437		1575		389997		3507
438		1575		389997		3507
439		1575		389997		3507
440		1575		389997		3507
441		1575		389997		3507
442		1575		389997		3507
443		1575		389997		3507
444		1575		389997		3507
445		1575		389997		3507
446		1575		389997		3507
447		1575		389997		3507
448		1575		389997		3507
449		1575		389997		3507
450		1575		389997		3507
451		1575		389997		3507
452		1575		389997		3507
453		1575		389997		3507
454		1575		389997		3507
455		1575		389997		3507
456		1575		389997		3507
457		1575		389997		3507
458		1575		389997		3507
459		1575		389997		3507
460		1575		389997		3507
461		1575		389997		3507
462		1575		389997		3507
463		1575		389997		3507
464		1575		389997		3507
465		1575		389997		3507
466		1575		389997		3507
467		1575		389997		3507
468		1575		389997		3507
469		1575		389997		3507
470		1575		389997		3507
471		1575		389997		3507
472		1575		389997		3507
473		1575		389997		3507
474		1575		389997		3507
475		1575		389997		3507
476		1575		389997		3507
477		1575		389997		3507
478		1575		389997		3507
479		1575		389997		3507
480		1575		389997		3507
481		1575		389997		3507
482		1575		389997		3507
483		1575		389997		3507
484		1575		389997		3507
485		1575		389997		3507
486		1575		389997		3507
487		1575		389997		3507
488		1575		389997		3507
489		1575		389997		3507
490		1575		389997		3507
491		1575		389997		3507
492		1575		389997		3507
493		1575		389997		3507
494		1575		389997		3507
495		1575		389997		3507
496		1575		389997		3507
497		1575		389997		3507
498		1575		389997		3507
499		1575		389997		3507
500		1575		389997		3507
501		1575		389997		3507
502		1575		389997		3507
503		1575		389997		3507
504		1575		389997		3507
505		1575		389997		3507
506		1575		389997		3507
507		1575		389997		3507
508		1575		389997		3507
509		1575		389997		3507
510		1575		389997		3507
511		1575		389997		3507
512		1575		389997		3507
513		1575		389997		3507
514		1575		389997		3507
515		1575		389997		3507
516		1575		389997		3507
517		1575		389997		3507
518		1575		389997		3507
519		1575		389997		3507
520		1575		389997		3507
521		1575		389997		3507
522		1575		389997		3507
523		1575		389997		3507
524		1575		389997		3507
525		1575		389997		3507
526		1575		389997		3507
527		1575		389997		3507
528		1575		389997		3507
529		1575		389997		3507
530		1575		389997		3507
531		1575		389997		3507
532		1575		389997		3507
533		1575		389997		3507
534		1575		389997		3507
535		1575		389997		3507
536		1575		389997		3507
537		1575		389997		3507
538		1575		389997		3507
539		1575		389997		3507
540		1575		389997		3507
541		1575		389997		3507
542		1575		389997		3507
543		1575		389997		3507
544		1575		389997		3507
545		1575		389997		3507
546		1575		389997		3507
547		1575		389997		3507
548		1575		389997		3507
549		1575		389997		3507
550		1575		389997		3507
551		1575		389997		3507
552		1575		389997		3507
553		1575		389997		3507
554		1575		389997		3507
555		1575		389997		3507
556		1575		389997		3507
557		1575		389997		3507
558		1575		389997		3507
559		1575		389997		3507
560		1575		389997		3507
561		1575		389997		3507
562		1575		389997		3507
563		1575		389997		3507
564		1575		389997		3507
565		1575		389997		3507
566		1575		389997		3507
567		1575		389997		3507
568		1575		389997		3507
569		1575		389997		3507
570		1575		389997		3507
571		1575		389997		3507
572		1575		389997		3507
573		1575		389997		3507
574		1575		389997		3507
575		1575		389997		3507
576		1575		389997		3507
577		1575		389997		3507
578		1575		389997		3507
579		1575		389997		3507
580		1575		389997		3507
581		1575		389997		3507
582		1575		389997		3507
583		1575		389997		3507
584		1575		389997		3507
585		1575		389997		3507
586		1575		389997		3507
587		1575		389997		3507
588		1575		389997		3507
589		1575		389997		3507
590		1575		389997		3507
591		1575		389997		3507
592		1575		389997		3507
593		1575		389997		3507
594		1575		389997		3507
595		1575		389997		3507
596		1575		389997		3507
597		1575		389997		3507
598		1575		389997		3507
599		1575		389997		3507
600		1575		389997		3507
601		1575		389997		3507
602		1575		389997		3507
603		1575		389997		3507
604		1575		389997		3507
605		1575		389997		3507
606		1575		389997		3507
607		1575		389997		3507
608		1575		389997		3507
609		1575		389997		3507
610		1575		389997		3507
611		1575		389997		3507
612		1575		389997		3507
613		1575		389997		3507
614		1575		389997		3507
615		1575		389997		3507
616		1575		389997		3507
617		1575		389997		3507
618		1575		389997		3507
619		1575		389997		3507
620		1575		389997		3507
621		1575		389997		3507
622		1575		389997		3507
623		1575		389997		3507
624		1575		389997		3507
625		1575		389997		3507
626		1575		389997		3507
627		1575		389997		3507
628		1575		389997		3507
629		1575		389997		3507
630		1575		389997		3507
631		1575		389997		3507
632		1575		389997		3507
633		1575		389997		3507
634		1575		389997		3507
635		1575		389997		3507
636		1575		389997		3507
637		1575		389997		3507
638		1575		389997		3507
639		1575		389997		3507
640		1575		389997		3507
641		1575		389997		3507
642		1575		389997		3507
643		1575		389997		3507
644		1575		389997		3507
645		1575		389997		3507
646		1575		389997		3507
647		1575		389997		3507
648		1575		389997		3507
649		1575		389997		3507
650		1575		389997		3507
651		1575		389997		3507
652		1575		389997		3507
653		1575		389997		3507
654		1575		389997		3507
655		1575		389997		3507
656		1575		389997		3507
657		1575		389997		3507
658		1575		389997		3507
659		1575		389997		3507
660		1575		389997		3507
661		1575		389997		3507
662		1575		389997		3507
663		1575		389997		3507
664		1575		389997		3507
665		1575		389997		3507
666		1575		389997		3507
667		1575		389997		3507
668		1575		389997		3507
669		1575		389997		3507
670		1575		389997		3507
671		1575		389997		3507
672		1575		389997		3507
673		1575		389997		3507
674		1575		389997		3507
675		1575		389997		3507
676		1575		389997		3507
677		1575		389997		3507
678		1575		389997		3507
679		1575		389997		3507
680		1575		389997		3507
681		1575		389997		3507
682		1575		389997		3507
683		1575		389997		3507
684		1575		389997		3507
685		1575		389997		3507
686		1575		389997		3507
687		1575		389997		3507
688		1575		389997		3507
689		1575		389997		3507
690		1575		389997		3507
691		1575		389997		3507
692		1575		389997		3507
693		1575		389997		3507
694		1575		389997		3507
695		1575		389997		3507
696		1575		389997		3507
697		1575		389997		3507
698		1575		389997		3507
699		1575		389997		3507
700		1575		389997		3507
701		1575		389997		3507
702		1575		389997		3507
703		1575		389997		3507
704		1575		389997		3507
705		1575		389997		3507
706		1575		389997		3507
707		1575		389997		3507
708		1575		389997		3507
709		1575		389997		3507
710		1575		389997		3507
711		1575		389997		3507
712		1575		389997		3507
713		1575		389997		3507
714		1575		389997		3507
715		1575		389997		3507
716		1575		389997		3507
717		1575		389997		3507
718		1575		389997		3507
719		1575		389997		3507
720		1575		389997		3507
721		1575		389997		3507
722		1575		389997		3507
723		1575		389997		3507
724		1575		389997		3507
725		1575		389997		3507
726		1575		389997		3507
727		1575		389997		3507
728		1575		389997		3507
729		1575		389997		3507
730		1575		389997		3507
731		1575		389997		3507
732		1575		389997		3507
733		1575		389997		3507
734		1575		389997		3507
735		1575		389997		3507
736		1575		389997		3507
737		1575		389997		3507
738		1575		389997		3507
739		1575		389997		3507
740		1575		389997		3507
741		1575		389997		3507
742		1575		389997		3507
743		1575		389997		3507
744		1575		389997		3507
745		1575		389997		3507
746		1575		389997		3507
747		1575		389997		3507
748		1575		389997		3507
749		1575		389997		3507
750		1575		389997		3507
751		1575		389997		3507
752		1575		389997		3507
753		1575		389997		3507
754		1575		389997		3507
755		1575		389997		3507
756		1575		389997		3507
757		1575		389997		3507
758		1575		389997		3507
759		1575		389997		3507
760		1575		389997		3507
761		1575		389997		3507
762		1575		389997		3507
763		1575		389997		3507
764		1575		389997		3507
765		1575		389997		3507
766		1575		389997		3507
767		1575		389997		3507
768		1575		389997		3507
769		1575		389997		3507
770		1575		389997		3507
771		1575		389997		3507
772		1575		389997		3507
773		1575		389997		3507
774		1575		389997		3507
775		1575		389997		3507
776		1575		389997		3507
777		1575		389997		3507
778		1575		389997		3507
779		1575		389997		3507
780		1575		389997		3507
781		1575		389997		3507
782		1575		389997		3507
783		1575		389997		3507
784		1575		389997		3507
785		1575		389997		3507
786		1575		389997		3507
787		1575		389997		3507
788		1575		389997		3507
789		1575		389997		3507
790		1575		389997		3507
791		1575		389997		3507
792		1575		389997		3507
793		1575		389997		3507
794		1575		389997		3507
795		1575		389997		3507
796		1575		389997		3507
797		1575		389997		3507
798		1575		389997		3507
799		1575		389997		3507
800		1575		389997		3507
801		1575		389997		3507
802		1575		389997		3507
803		1575		389997		3507
804		1575		389997		3507
805		1575		389997		3507
806		1575		389997		3507
807		1575		389997		3507
808		1575		389997		3507
809		1575		389997		3507
810		1575		389997		3507
811		1575		389997		3507
812		1575		389997		3507
813		1575		389997		3507
814		1575		389997		3507
815		1575		389997		3507
816		1575		389997		3507
817		1575		389997		3507
818		1575		389997		3507
819		1575		389997		3507
820		1575		389997		3507
821		1575		389997		3507
822		1575		389997		3507
823		1575		389997		3507
824		1575		389997		3507
825		1575		389997		3507
826		1575		389997		3507
827		1575		389997		3507
828		1575		389997		3507
829		1575		389997		3507
830		1575		389997		3507
831		1575		389997		3507
832		1575		389997		3507
833		1575		389997		3507
834		1575		389997		3507
835		1575		389997		3507
836		1575		389997		3507
837		1575		389997		3507
838		1575		389997		3507
839		1575		389997		3507
840		1575		389997		3507
841		1575		389997		3507
842		1575		389997		3507
843		1575		389997		3507
844		1575		389997		3507
845		1575		389997		3507
846		1575		389997		3507
847		1575		389997		3507
848		1575		389997		3507
849		1575		389997		3507
850		1575		389997		3507
851		1575		389997		3507
852		1575		389997		3507
853		1575		389997		3507
854		1575		389997		3507
855		1575		389997		3507
856		1575		389997		3507
857		1575		389997		3507
858		1575		389997		3507
859		1575		389997		3507
860		1575		389997		3507
861		1575		389997		3507
862		1575		389997		3507
863		1575		389997		3507
864		1575		389997		3507
865		1575		389997		3507
866		1575		389997		3507
867		1575		389997		3507
868		1575		389997		3507
869		1575		389997		3507
870		1575		389997		3507
871		1575		389997		3507
872		1575		389997		3507
873		1575		389997		3507
874		1575		389997		3507
875		1575		389997		3507
876		1575		389997		3507
877		1575		389997		3507
878		1575		389997		3507
879		1575		389997		3507
880		1575		389997		3507
881		1575		389997		3507
882		1575		389997		3507
883		1575		389997		3507
884		1575		389997		3507
885		1575		389997		3507
886		1575		389997		3507
887		1575		389997		3507
888		1575		389997		3507
889		1575		389997		3507
890		1575		389997		3507
891		1575		389997		3507
892		1575		389997		3507
893		1575		389997		3507
894		1575		389997		3507
895		1575		389997		3507
896		1575		389997		3507
897		1575		389997		3507
898		1575		389997		3507
899		1575		389997		3507
900		1575		389997		3507
901		1575		389997		3507
902		1575		389997		3507
903		1575		389997		3507
904		1575		389997		3507
905		1575		389997		3507
906		1575		389997		3507
907		1575		389997		3507
908		1575		389997		3507
909		1575		389997		3507
910		1575		389997		3507
911		1575		389997		3507
912		1575		389997		3507
913		1575		389997		3507
914		1575		389997		3507
915		1575		389997		3507
916		1575		389997		3507
917		1575		389997		3507
918		1575		389997		3507
919		1575		389997		3507
920		1575		389997		3507
921		1575		389997		3507
922		1575		389997		3507
923		1575		389997		3507
924		1575		389997		3507
925		1575		389997		3507
926		1575		389997		3507
927		1575		389997		3507
928		1575		389997		3507
929		1575		389997		3507
930		1575		389997		3507
931		1575		389997		3507
932		1575		389997		3507
933		1575		389997		3507
934		1575		389997		3507
935		1575		389997		3507
936		1575		389997		3507
937		1575		389997		3507
938		1575		389997		3507
939		1575		389997		3507
940		1575		389997		3507
941		1575		389997		3507
942		1575		389997		3507
943		1575		389997		3507
944		1575		389997		3507
945		1575		389997		3507
946		1575		389997		3507
947		1575		389997		3507
948		1575		389997		3507
949		1575		389997		3507
950		1575		389997		3507
951		1575		389997		3507
952		1575		389997		3507
953		1575		389997		3507
954		1575		389997		3507
955		1575		389997		3507
956		1575		389997		3507
957		1575		389997		3507
958		1575		389997		3507
959		1575		389997		3507
960		1575		389997		3507
961		1575		389997		3507
962		1575		389997		3507
963		1575		389997		3507
964		1575		389997		3507
965		1575		389997		3507
966		1575		389997		3507
967		1575		389997		3507
968		1575		389997		3507
969		1575		389997		3507
970		1575		389997		3507
971		1575		389997		3507
972		1575		389997		3507
973		1575		389997		3507
974		1575		389997		3507
975		1575		389997		3507
976		1575		389997		3507
977		1575		389997		3507
978		1575		389997		3507
979		1575		389997		3507
980		1575		389997		3507
981		1575		389997		3507
982		1575		389997		3507
983		1575		389997		3507
984		1575		389997		3507
985		1575		389997		3507
986		1575		389997		3507
987		1575		389997		3507
988		1575		389997		3507
989		1575		389997		3507
990		1575		389997		3507
991		1575		389997		3507
992		1575		389997		3507
993		1575		389997		3507
994		1575		389997		3507
995		1575		389997		3507
996		1575		389997		3507
997		1575		389997		3507
998		1575		389997		3507
999		1575		389997		3507
