# Migration is number of nodes that have changed color.

Round		Edge-Cut		Swaps		Migrations		Skipped		ExecutionTime 
0		9583		4717		3335		176
1		9329		9428		3348		223
2		9112		14128		3407		267
3		9183		18826		3437		301
4		9102		23525		3517		332
5		9109		28212		3500		364
6		9100		32907		3567		389
7		9061		37596		3492		419
8		9100		42286		3493		440
9		9062		46980		3527		461
10		9080		51673		3543		478
11		9053		56365		3516		495
12		9048		61060		3538		515
13		9146		65756		3516		536
14		9059		70449		3527		554
15		9108		75145		3519		574
16		9058		79847		3499		591
17		9182		84547		3513		607
18		9146		89239		3516		624
19		9084		93938		3511		644
20		9019		98637		3504		661
21		9160		103335		3510		680
22		9072		108027		3526		696
23		9107		112722		3562		713
24		9080		117417		3529		729
25		9110		122120		3542		745
26		9097		126813		3511		761
27		9022		131506		3572		777
28		9039		136201		3574		797
29		9064		140885		3559		812
30		9063		145567		3545		830
31		9090		150270		3566		849
32		9067		154971		3532		864
33		9151		159669		3540		881
34		9111		164366		3510		898
35		9064		169064		3513		914
36		9052		173761		3528		929
37		9117		178462		3521		947
38		9112		183157		3543		965
39		9046		187852		3523		985
40		9007		192550		3528		1003
41		9066		197238		3528		1020
42		9072		201932		3590		1040
43		9103		206630		3514		1068
44		8989		211325		3486		1090
45		9094		216013		3453		1106
46		9121		220706		3504		1122
47		9078		225396		3519		1137
48		9105		230096		3495		1154
49		9071		234796		3519		1171
50		8998		239494		3592		1187
51		9037		244175		3498		1202
52		9082		248861		3559		1217
53		9042		253536		3546		1231
54		9051		258218		3518		1247
55		8964		262898		3585		1263
56		9093		267583		3568		1279
57		9083		272267		3592		1297
58		9042		276952		3535		1313
59		9069		281637		3511		1330
60		9052		286320		3505		1348
61		9056		291009		3583		1367
62		8986		295688		3573		1385
63		8942		300361		3515		1405
64		9055		305045		3568		1421
65		9045		309733		3597		1438
66		9068		314418		3570		1456
67		9075		319089		3530		1476
68		8961		323752		3533		1491
69		8994		328426		3525		1504
70		9071		333100		3510		1518
71		8795		337777		3527		1533
72		8894		342437		3566		1547
73		8879		347099		3576		1564
74		8939		351763		3553		1579
75		9036		356441		3496		1594
76		9000		361103		3508		1608
77		8939		365781		3502		1624
78		8994		370449		3516		1640
79		8928		375126		3551		1658
80		9026		379795		3562		1675
81		8913		384464		3565		1695
82		8916		389129		3528		1710
83		8991		393783		3577		1725
84		8796		398450		3550		1741
85		8804		403104		3583		1756
86		8839		407752		3548		1771
87		8970		412411		3543		1788
88		9056		417085		3513		1803
89		9010		421761		3516		1818
90		8956		426434		3533		1833
91		8958		431105		3507		1848
92		9005		435779		3522		1868
93		8934		440452		3552		1883
94		8928		445132		3630		1898
95		9001		449796		3481		1914
96		8995		454467		3516		1932
97		8950		459139		3478		1946
98		8817		463802		3542		1962
99		8954		468458		3553		1978
100		8993		473123		3507		1993
101		8873		477760		3569		2009
102		8957		482364		3522		2027
103		8863		486991		3557		2043
104		8834		491626		3483		2058
105		8781		496256		3525		2073
106		8945		500880		3512		2088
107		8815		505497		3482		2105
108		8857		510129		3496		2121
109		8927		514766		3532		2135
110		8871		519401		3547		2152
111		8843		524002		3563		2168
112		8887		528635		3543		2181
113		8820		533273		3517		2200
114		8939		537894		3535		2216
115		8810		542518		3563		2231
116		8682		547129		3551		2247
117		8704		551755		3545		2264
118		8681		556349		3526		2281
119		8740		560950		3557		2298
120		8784		565568		3535		2317
121		8849		570191		3545		2333
122		8885		574811		3485		2350
123		8824		579429		3503		2368
124		8888		584053		3510		2385
125		8887		588681		3540		2403
126		8873		593274		3593		2420
127		8864		597889		3480		2436
128		8883		602506		3543		2453
129		8803		607110		3490		2470
130		8829		611721		3543		2490
131		8842		616320		3554		2506
132		8825		620921		3551		2524
133		8890		625541		3537		2540
134		8752		630080		3476		2557
135		8659		634644		3519		2573
136		8508		639132		3514		2591
137		8418		643619		3506		2608
138		8484		648131		3558		2626
139		8608		652661		3524		2643
140		8572		657176		3504		2666
141		8585		661690		3557		2683
142		8604		666203		3533		2701
143		8479		670716		3542		2718
144		8493		675223		3569		2736
145		8498		679712		3528		2754
146		8493		684227		3582		2772
147		8428		688701		3506		2790
148		8471		693203		3566		2806
149		8462		697720		3491		2823
150		8433		702194		3546		2840
151		8355		706562		3546		2857
152		8300		710974		3507		2876
153		8168		715341		3541		2895
154		8231		719708		3578		2913
155		8163		724097		3554		2930
156		8122		728450		3537		2947
157		8048		732748		3550		2965
158		8208		737086		3519		2984
159		8197		741434		3554		3001
160		8163		745772		3582		3018
161		7982		750099		3560		3038
162		8007		754386		3552		3057
163		7961		758714		3545		3075
164		7923		762994		3550		3091
165		8050		767259		3509		3108
166		7970		771568		3582		3126
167		7852		775703		3597		3144
168		7798		779803		3554		3165
169		7627		783872		3571		3183
170		7532		787944		3506		3208
171		7479		791980		3586		3228
172		7437		796003		3531		3249
173		7431		800083		3542		3266
174		7497		804092		3540		3285
175		7399		808137		3556		3302
176		7121		811910		3518		3322
177		6999		815605		3570		3346
178		6858		819224		3560		3366
179		6786		822752		3559		3385
180		6692		826285		3606		3404
181		6357		829472		3538		3427
182		6075		832569		3595		3450
183		5949		835527		3590		3472
184		5808		838445		3541		3496
185		5597		841268		3572		3522
186		5430		844002		3576		3548
187		5236		846592		3544		3571
188		5190		849082		3571		3597
189		5090		851609		3567		3623
190		5041		854068		3582		3653
191		5016		856492		3601		3683
192		4817		858879		3607		3709
193		4727		861181		3592		3734
194		4635		863594		3594		3761
195		4580		865948		3574		3787
196		4471		868190		3577		3813
197		4405		870312		3578		3840
198		4269		872521		3549		3867
199		4295		874623		3577		3896
200		4193		876625		3589		3924
201		3689		877762		3582		3957
202		3349		878595		3563		3988
203		3089		879260		3591		4027
204		2927		879800		3566		4061
205		2791		880294		3595		4097
206		2678		880714		3583		4135
207		2558		881035		3603		4174
208		2513		881316		3594		4214
209		2466		881537		3598		4249
210		2412		881771		3605		4286
211		2375		881972		3609		4322
212		2355		882140		3604		4358
213		2323		882332		3598		4395
214		2293		882492		3605		4431
215		2243		882640		3604		4472
216		2230		882749		3605		4513
217		2213		882843		3599		4551
218		2188		882943		3603		4590
219		2158		883038		3600		4630
220		2154		883121		3594		4673
221		2130		883195		3588		4713
222		2120		883264		3586		4755
223		2118		883322		3595		4795
224		2116		883395		3589		4833
225		2091		883461		3592		4872
226		2071		883520		3593		4910
227		2065		883592		3594		4949
228		2054		883652		3591		4987
229		2049		883717		3594		5031
230		2041		883774		3591		5069
231		2032		883840		3592		5107
232		2024		883905		3588		5145
233		2021		883976		3588		5183
234		2010		884034		3587		5220
235		1998		884095		3591		5263
236		1990		884142		3597		5302
237		1979		884191		3596		5343
238		1973		884230		3598		5382
239		1964		884273		3594		5424
240		1960		884310		3595		5463
241		1960		884332		3595		5504
242		1959		884358		3599		5549
243		1956		884388		3593		5592
244		1942		884423		3594		5635
245		1946		884456		3598		5677
246		1940		884484		3593		5721
247		1929		884511		3593		5766
248		1926		884543		3592		5808
249		1924		884573		3593		5850
250		1925		884598		3595		5893
251		1922		884621		3594		5934
252		1917		884648		3596		5973
253		1911		884671		3592		6013
254		1909		884690		3595		6054
255		1903		884706		3592		6094
256		1893		884728		3593		6136
257		1893		884742		3593		6185
258		1895		884754		3591		6226
259		1894		884766		3594		6275
260		1892		884780		3593		6315
261		1891		884788		3590		6355
262		1890		884799		3588		6394
263		1890		884809		3590		6439
264		1890		884824		3587		6480
265		1886		884837		3588		6520
266		1885		884845		3589		6562
267		1881		884852		3592		6608
268		1881		884858		3593		6648
269		1881		884863		3593		6692
270		1885		884871		3591		6734
271		1883		884882		3594		6774
272		1881		884888		3594		6814
273		1881		884895		3593		6855
274		1881		884902		3595		6896
275		1881		884909		3594		6936
276		1875		884914		3593		6978
277		1875		884915		3593		7021
278		1875		884917		3594		7061
279		1875		884917		3594		7105
280		1875		884917		3594		7146
281		1874		884918		3593		7186
282		1874		884919		3593		7227
283		1874		884923		3593		7267
284		1874		884926		3592		7310
285		1873		884928		3595		7351
286		1874		884930		3592		7390
287		1872		884936		3590		7430
288		1874		884940		3590		7469
289		1874		884946		3590		7507
290		1871		884950		3593		7554
291		1871		884953		3592		7601
292		1871		884954		3593		7645
293		1872		884957		3591		7688
294		1872		884962		3590		7727
295		1871		884965		3592		7769
296		1872		884967		3591		7811
297		1870		884975		3588		7853
298		1868		884982		3589		7895
299		1866		884991		3588		7937
300		1866		884996		3589		7980
301		1865		885006		3591		8019
302		1864		885011		3590		8057
303		1865		885015		3590		8095
304		1863		885020		3591		8136
305		1860		885022		3591		8178
306		1861		885023		3589		8216
307		1860		885024		3591		8256
308		1860		885026		3591		8293
309		1861		885027		3589		8335
310		1860		885028		3591		8375
311		1860		885028		3591		8412
312		1861		885029		3589		8456
313		1861		885031		3589		8494
314		1860		885032		3591		8530
315		1860		885032		3591		8572
316		1861		885033		3589		8611
317		1861		885035		3589		8652
318		1861		885037		3589		8693
319		1860		885038		3590		8737
320		1860		885038		3590		8773
321		1860		885038		3590		8814
322		1860		885038		3590		8859
323		1860		885038		3590		8904
324		1860		885038		3590		8946
325		1860		885038		3590		8990
326		1860		885038		3590		9036
327		1860		885038		3590		9081
328		1860		885038		3590		9126
329		1860		885038		3590		9174
330		1860		885038		3590		9221
331		1860		885038		3590		9269
332		1860		885038		3590		9321
333		1860		885038		3590		9369
334		1860		885038		3590		9421
335		1860		885038		3590		9468
336		1860		885038		3590		9515
337		1860		885038		3590		9564
338		1860		885038		3590		9616
339		1860		885038		3590		9656
340		1860		885038		3590		9705
341		1860		885038		3590		9749
342		1860		885038		3590		9792
343		1860		885038		3590		9836
344		1860		885038		3590		9879
345		1860		885038		3590		9917
346		1860		885038		3590		9956
347		1860		885038		3590		9992
348		1860		885038		3590		10033
349		1860		885038		3590		10071
350		1860		885038		3590		10110
351		1860		885038		3590		10156
352		1860		885038		3590		10199
353		1860		885038		3590		10238
354		1860		885038		3590		10280
355		1860		885038		3590		10317
356		1860		885038		3590		10358
357		1860		885038		3590		10401
358		1860		885038		3590		10445
359		1860		885038		3590		10490
360		1860		885038		3590		10533
361		1860		885038		3590		10573
362		1860		885038		3590		10615
363		1860		885038		3590		10654
364		1860		885038		3590		10701
365		1860		885038		3590		10738
366		1860		885038		3590		10779
367		1860		885038		3590		10818
368		1860		885038		3590		10858
369		1860		885038		3590		10901
370		1860		885038		3590		10942
371		1860		885038		3590		10985
372		1860		885038		3590		11031
373		1860		885038		3590		11071
374		1860		885038		3590		11111
375		1860		885038		3590		11148
376		1860		885038		3590		11187
377		1860		885038		3590		11225
378		1860		885038		3590		11270
379		1860		885038		3590		11313
380		1860		885038		3590		11352
381		1860		885038		3590		11393
382		1860		885038		3590		11432
383		1860		885038		3590		11471
384		1860		885038		3590		11509
385		1860		885038		3590		11551
386		1860		885038		3590		11591
387		1860		885038		3590		11631
388		1860		885038		3590		11674
389		1860		885038		3590		11709
390		1860		885038		3590		11745
391		1860		885038		3590		11782
392		1860		885038		3590		11826
393		1860		885038		3590		11866
394		1860		885038		3590		11902
395		1860		885038		3590		11940
396		1860		885038		3590		11976
397		1860		885038		3590		12015
398		1860		885038		3590		12053
399		1860		885038		3590		12094
400		1860		885038		3590		12141
401		1860		885038		3590		12181
402		1860		885038		3590		12222
403		1860		885038		3590		12262
404		1860		885038		3590		12299
405		1860		885038		3590		12338
406		1860		885038		3590		12376
407		1860		885038		3590		12417
408		1860		885038		3590		12455
409		1860		885038		3590		12493
410		1860		885038		3590		12529
411		1860		885038		3590		12566
412		1860		885038		3590		12605
413		1860		885038		3590		12646
414		1860		885038		3590		12689
415		1860		885038		3590		12729
416		1860		885038		3590		12766
417		1860		885038		3590		12804
418		1860		885038		3590		12841
419		1860		885038		3590		12877
420		1860		885038		3590		12914
421		1860		885038		3590		12956
422		1860		885038		3590		12994
423		1860		885038		3590		13032
424		1860		885038		3590		13073
425		1860		885038		3590		13109
426		1860		885038		3590		13153
427		1860		885038		3590		13191
428		1860		885038		3590		13230
429		1860		885038		3590		13271
430		1860		885038		3590		13308
431		1860		885038		3590		13345
432		1860		885038		3590		13383
433		1860		885038		3590		13424
434		1860		885038		3590		13464
435		1860		885038		3590		13501
436		1860		885038		3590		13543
437		1860		885038		3590		13582
438		1860		885038		3590		13621
439		1860		885038		3590		13659
440		1860		885038		3590		13698
441		1860		885038		3590		13737
442		1860		885038		3590		13774
443		1860		885038		3590		13814
444		1860		885038		3590		13855
445		1860		885038		3590		13892
446		1860		885038		3590		13932
447		1860		885038		3590		13972
448		1860		885038		3590		14011
449		1860		885038		3590		14049
450		1860		885038		3590		14091
451		1860		885038		3590		14136
452		1860		885038		3590		14175
453		1860		885038		3590		14215
454		1860		885038		3590		14255
455		1860		885038		3590		14296
456		1860		885038		3590		14334
457		1860		885038		3590		14376
458		1860		885038		3590		14414
459		1860		885038		3590		14452
460		1860		885038		3590		14490
461		1860		885038		3590		14525
462		1860		885038		3590		14564
463		1860		885038		3590		14602
464		1860		885038		3590		14641
465		1860		885038		3590		14684
466		1860		885038		3590		14722
467		1860		885038		3590		14762
468		1860		885038		3590		14804
469		1860		885038		3590		14841
470		1860		885038		3590		14878
471		1860		885038		3590		14915
472		1860		885038		3590		14957
473		1860		885038		3590		14994
474		1860		885038		3590		15032
475		1860		885038		3590		15071
476		1860		885038		3590		15108
477		1860		885038		3590		15146
478		1860		885038		3590		15184
479		1860		885038		3590		15222
480		1860		885038		3590		15259
481		1860		885038		3590		15297
482		1860		885038		3590		15334
483		1860		885038		3590		15373
484		1860		885038		3590		15409
485		1860		885038		3590		15449
486		1860		885038		3590		15488
487		1860		885038		3590		15532
488		1860		885038		3590		15569
489		1860		885038		3590		15608
490		1860		885038		3590		15649
491		1860		885038		3590		15697
492		1860		885038		3590		15736
493		1860		885038		3590		15778
494		1860		885038		3590		15822
495		1860		885038		3590		15861
496		1860		885038		3590		15899
497		1860		885038		3590		15937
498		1860		885038		3590		15974
499		1860		885038		3590		16014
500		1860		885038		3590		16055
501		1860		885038		3590		16099
502		1860		885038		3590		16138
503		1860		885038		3590		16176
504		1860		885038		3590		16218
505		1860		885038		3590		16256
506		1860		885038		3590		16296
507		1860		885038		3590		16335
508		1860		885038		3590		16377
509		1860		885038		3590		16418
510		1860		885038		3590		16456
511		1860		885038		3590		16492
512		1860		885038		3590		16531
513		1860		885038		3590		16569
514		1860		885038		3590		16614
515		1860		885038		3590		16658
516		1860		885038		3590		16702
517		1860		885038		3590		16739
518		1860		885038		3590		16780
519		1860		885038		3590		16821
520		1860		885038		3590		16862
521		1860		885038		3590		16901
522		1860		885038		3590		16952
523		1860		885038		3590		16993
524		1860		885038		3590		17040
525		1860		885038		3590		17083
526		1860		885038		3590		17126
527		1860		885038		3590		17168
528		1860		885038		3590		17214
529		1860		885038		3590		17265
530		1860		885038		3590		17308
531		1860		885038		3590		17355
532		1860		885038		3590		17399
533		1860		885038		3590		17445
534		1860		885038		3590		17489
535		1860		885038		3590		17529
536		1860		885038		3590		17566
537		1860		885038		3590		17605
538		1860		885038		3590		17647
539		1860		885038		3590		17693
540		1860		885038		3590		17731
541		1860		885038		3590		17772
542		1860		885038		3590		17812
543		1860		885038		3590		17853
544		1860		885038		3590		17892
545		1860		885038		3590		17929
546		1860		885038		3590		17969
547		1860		885038		3590		18006
548		1860		885038		3590		18048
549		1860		885038		3590		18092
550		1860		885038		3590		18132
551		1860		885038		3590		18181
552		1860		885038		3590		18221
553		1860		885038		3590		18265
554		1860		885038		3590		18303
555		1860		885038		3590		18345
556		1860		885038		3590		18383
557		1860		885038		3590		18422
558		1860		885038		3590		18464
559		1860		885038		3590		18504
560		1860		885038		3590		18542
561		1860		885038		3590		18585
562		1860		885038		3590		18631
563		1860		885038		3590		18680
564		1860		885038		3590		18717
565		1860		885038		3590		18752
566		1860		885038		3590		18788
567		1860		885038		3590		18824
568		1860		885038		3590		18860
569		1860		885038		3590		18899
570		1860		885038		3590		18943
571		1860		885038		3590		18979
572		1860		885038		3590		19015
573		1860		885038		3590		19056
574		1860		885038		3590		19092
575		1860		885038		3590		19129
576		1860		885038		3590		19165
577		1860		885038		3590		19204
578		1860		885038		3590		19242
579		1860		885038		3590		19280
580		1860		885038		3590		19321
581		1860		885038		3590		19359
582		1860		885038		3590		19396
583		1860		885038		3590		19434
584		1860		885038		3590		19475
585		1860		885038		3590		19511
586		1860		885038		3590		19552
587		1860		885038		3590		19590
588		1860		885038		3590		19630
589		1860		885038		3590		19670
590		1860		885038		3590		19715
591		1860		885038		3590		19751
592		1860		885038		3590		19790
593		1860		885038		3590		19825
594		1860		885038		3590		19860
595		1860		885038		3590		19898
596		1860		885038		3590		19934
597		1860		885038		3590		19971
598		1860		885038		3590		20009
599		1860		885038		3590		20053
600		1860		885038		3590		20092
601		1860		885038		3590		20132
602		1860		885038		3590		20172
603		1860		885038		3590		20215
604		1860		885038		3590		20256
605		1860		885038		3590		20298
606		1860		885038		3590		20347
607		1860		885038		3590		20387
608		1860		885038		3590		20428
609		1860		885038		3590		20467
610		1860		885038		3590		20505
611		1860		885038		3590		20545
612		1860		885038		3590		20583
613		1860		885038		3590		20626
614		1860		885038		3590		20665
615		1860		885038		3590		20706
616		1860		885038		3590		20745
617		1860		885038		3590		20782
618		1860		885038		3590		20827
619		1860		885038		3590		20871
620		1860		885038		3590		20913
621		1860		885038		3590		20953
622		1860		885038		3590		20994
623		1860		885038		3590		21033
624		1860		885038		3590		21075
625		1860		885038		3590		21113
626		1860		885038		3590		21154
627		1860		885038		3590		21194
628		1860		885038		3590		21234
629		1860		885038		3590		21272
630		1860		885038		3590		21309
631		1860		885038		3590		21353
632		1860		885038		3590		21392
633		1860		885038		3590		21436
634		1860		885038		3590		21482
635		1860		885038		3590		21524
636		1860		885038		3590		21568
637		1860		885038		3590		21609
638		1860		885038		3590		21651
639		1860		885038		3590		21699
640		1860		885038		3590		21753
641		1860		885038		3590		21794
642		1860		885038		3590		21837
643		1860		885038		3590		21876
644		1860		885038		3590		21915
645		1860		885038		3590		21955
646		1860		885038		3590		21992
647		1860		885038		3590		22036
648		1860		885038		3590		22073
649		1860		885038		3590		22112
650		1860		885038		3590		22151
651		1860		885038		3590		22191
652		1860		885038		3590		22231
653		1860		885038		3590		22274
654		1860		885038		3590		22317
655		1860		885038		3590		22357
656		1860		885038		3590		22400
657		1860		885038		3590		22443
658		1860		885038		3590		22485
659		1860		885038		3590		22525
660		1860		885038		3590		22566
661		1860		885038		3590		22607
662		1860		885038		3590		22648
663		1860		885038		3590		22695
664		1860		885038		3590		22733
665		1860		885038		3590		22773
666		1860		885038		3590		22814
667		1860		885038		3590		22853
668		1860		885038		3590		22895
669		1860		885038		3590		22933
670		1860		885038		3590		22972
671		1860		885038		3590		23012
672		1860		885038		3590		23053
673		1860		885038		3590		23094
674		1860		885038		3590		23132
675		1860		885038		3590		23174
676		1860		885038		3590		23213
677		1860		885038		3590		23253
678		1860		885038		3590		23294
679		1860		885038		3590		23332
680		1860		885038		3590		23371
681		1860		885038		3590		23414
682		1860		885038		3590		23458
683		1860		885038		3590		23498
684		1860		885038		3590		23540
685		1860		885038		3590		23581
686		1860		885038		3590		23623
687		1860		885038		3590		23666
688		1860		885038		3590		23714
689		1860		885038		3590		23756
690		1860		885038		3590		23802
691		1860		885038		3590		23844
692		1860		885038		3590		23885
693		1860		885038		3590		23924
694		1860		885038		3590		23964
695		1860		885038		3590		24006
696		1860		885038		3590		24045
697		1860		885038		3590		24084
698		1860		885038		3590		24123
699		1860		885038		3590		24163
700		1860		885038		3590		24204
701		1860		885038		3590		24245
702		1860		885038		3590		24288
703		1860		885038		3590		24329
704		1860		885038		3590		24367
705		1860		885038		3590		24407
706		1860		885038		3590		24446
707		1860		885038		3590		24485
708		1860		885038		3590		24532
709		1860		885038		3590		24576
710		1860		885038		3590		24615
711		1860		885038		3590		24654
712		1860		885038		3590		24697
713		1860		885038		3590		24736
714		1860		885038		3590		24774
715		1860		885038		3590		24815
716		1860		885038		3590		24857
717		1860		885038		3590		24896
718		1860		885038		3590		24933
719		1860		885038		3590		24972
720		1860		885038		3590		25010
721		1860		885038		3590		25050
722		1860		885038		3590		25088
723		1860		885038		3590		25129
724		1860		885038		3590		25168
725		1860		885038		3590		25207
726		1860		885038		3590		25246
727		1860		885038		3590		25289
728		1860		885038		3590		25327
729		1860		885038		3590		25364
730		1860		885038		3590		25407
731		1860		885038		3590		25450
732		1860		885038		3590		25489
733		1860		885038		3590		25526
734		1860		885038		3590		25565
735		1860		885038		3590		25602
736		1860		885038		3590		25641
737		1860		885038		3590		25686
738		1860		885038		3590		25726
739		1860		885038		3590		25763
740		1860		885038		3590		25803
741		1860		885038		3590		25851
742		1860		885038		3590		25896
743		1860		885038		3590		25936
744		1860		885038		3590		25984
745		1860		885038		3590		26027
746		1860		885038		3590		26071
747		1860		885038		3590		26111
748		1860		885038		3590		26153
749		1860		885038		3590		26195
750		1860		885038		3590		26237
751		1860		885038		3590		26289
752		1860		885038		3590		26329
753		1860		885038		3590		26369
754		1860		885038		3590		26408
755		1860		885038		3590		26444
756		1860		885038		3590		26484
757		1860		885038		3590		26521
758		1860		885038		3590		26565
759		1860		885038		3590		26605
760		1860		885038		3590		26643
761		1860		885038		3590		26686
762		1860		885038		3590		26725
763		1860		885038		3590		26763
764		1860		885038		3590		26804
765		1860		885038		3590		26848
766		1860		885038		3590		26888
767		1860		885038		3590		26929
768		1860		885038		3590		26967
769		1860		885038		3590		27008
770		1860		885038		3590		27048
771		1860		885038		3590		27086
772		1860		885038		3590		27128
773		1860		885038		3590		27168
774		1860		885038		3590		27205
775		1860		885038		3590		27247
776		1860		885038		3590		27288
777		1860		885038		3590		27326
778		1860		885038		3590		27364
779		1860		885038		3590		27406
780		1860		885038		3590		27446
781		1860		885038		3590		27485
782		1860		885038		3590		27523
783		1860		885038		3590		27561
784		1860		885038		3590		27600
785		1860		885038		3590		27638
786		1860		885038		3590		27684
787		1860		885038		3590		27722
788		1860		885038		3590		27761
789		1860		885038		3590		27804
790		1860		885038		3590		27845
791		1860		885038		3590		27886
792		1860		885038		3590		27926
793		1860		885038		3590		27972
794		1860		885038		3590		28015
795		1860		885038		3590		28056
796		1860		885038		3590		28094
797		1860		885038		3590		28132
798		1860		885038		3590		28171
799		1860		885038		3590		28213
800		1860		885038		3590		28257
801		1860		885038		3590		28295
802		1860		885038		3590		28333
803		1860		885038		3590		28371
804		1860		885038		3590		28407
805		1860		885038		3590		28449
806		1860		885038		3590		28486
807		1860		885038		3590		28529
808		1860		885038		3590		28568
809		1860		885038		3590		28610
810		1860		885038		3590		28653
811		1860		885038		3590		28703
812		1860		885038		3590		28752
813		1860		885038		3590		28794
814		1860		885038		3590		28835
815		1860		885038		3590		28875
816		1860		885038		3590		28914
817		1860		885038		3590		28952
818		1860		885038		3590		28990
819		1860		885038		3590		29031
820		1860		885038		3590		29071
821		1860		885038		3590		29115
822		1860		885038		3590		29154
823		1860		885038		3590		29193
824		1860		885038		3590		29232
825		1860		885038		3590		29272
826		1860		885038		3590		29310
827		1860		885038		3590		29347
828		1860		885038		3590		29388
829		1860		885038		3590		29426
830		1860		885038		3590		29464
831		1860		885038		3590		29501
832		1860		885038		3590		29538
833		1860		885038		3590		29577
834		1860		885038		3590		29619
835		1860		885038		3590		29665
836		1860		885038		3590		29708
837		1860		885038		3590		29747
838		1860		885038		3590		29785
839		1860		885038		3590		29825
840		1860		885038		3590		29861
841		1860		885038		3590		29898
842		1860		885038		3590		29935
843		1860		885038		3590		29976
844		1860		885038		3590		30017
845		1860		885038		3590		30061
846		1860		885038		3590		30098
847		1860		885038		3590		30137
848		1860		885038		3590		30176
849		1860		885038		3590		30215
850		1860		885038		3590		30255
851		1860		885038		3590		30292
852		1860		885038		3590		30331
853		1860		885038		3590		30369
854		1860		885038		3590		30410
855		1860		885038		3590		30448
856		1860		885038		3590		30485
857		1860		885038		3590		30526
858		1860		885038		3590		30565
859		1860		885038		3590		30606
860		1860		885038		3590		30648
861		1860		885038		3590		30691
862		1860		885038		3590		30730
863		1860		885038		3590		30768
864		1860		885038		3590		30811
865		1860		885038		3590		30850
866		1860		885038		3590		30884
867		1860		885038		3590		30921
868		1860		885038		3590		30957
869		1860		885038		3590		30993
870		1860		885038		3590		31026
871		1860		885038		3590		31068
872		1860		885038		3590		31104
873		1860		885038		3590		31139
874		1860		885038		3590		31175
875		1860		885038		3590		31211
876		1860		885038		3590		31248
877		1860		885038		3590		31283
878		1860		885038		3590		31318
879		1860		885038		3590		31359
880		1860		885038		3590		31395
881		1860		885038		3590		31430
882		1860		885038		3590		31465
883		1860		885038		3590		31500
884		1860		885038		3590		31536
885		1860		885038		3590		31572
886		1860		885038		3590		31607
887		1860		885038		3590		31645
888		1860		885038		3590		31694
889		1860		885038		3590		31730
890		1860		885038		3590		31764
891		1860		885038		3590		31801
892		1860		885038		3590		31839
893		1860		885038		3590		31880
894		1860		885038		3590		31926
895		1860		885038		3590		31971
896		1860		885038		3590		32017
897		1860		885038		3590		32064
898		1860		885038		3590		32116
899		1860		885038		3590		32163
900		1860		885038		3590		32211
901		1860		885038		3590		32261
902		1860		885038		3590		32305
903		1860		885038		3590		32348
904		1860		885038		3590		32391
905		1860		885038		3590		32433
906		1860		885038		3590		32475
907		1860		885038		3590		32517
908		1860		885038		3590		32559
909		1860		885038		3590		32601
910		1860		885038		3590		32641
911		1860		885038		3590		32684
912		1860		885038		3590		32725
913		1860		885038		3590		32768
914		1860		885038		3590		32815
915		1860		885038		3590		32855
916		1860		885038		3590		32898
917		1860		885038		3590		32940
918		1860		885038		3590		32983
919		1860		885038		3590		33023
920		1860		885038		3590		33068
921		1860		885038		3590		33111
922		1860		885038		3590		33151
923		1860		885038		3590		33190
924		1860		885038		3590		33230
925		1860		885038		3590		33271
926		1860		885038		3590		33311
927		1860		885038		3590		33353
928		1860		885038		3590		33393
929		1860		885038		3590		33437
930		1860		885038		3590		33476
931		1860		885038		3590		33517
932		1860		885038		3590		33557
933		1860		885038		3590		33602
934		1860		885038		3590		33646
935		1860		885038		3590		33689
936		1860		885038		3590		33729
937		1860		885038		3590		33769
938		1860		885038		3590		33810
939		1860		885038		3590		33850
940		1860		885038		3590		33892
941		1860		885038		3590		33934
942		1860		885038		3590		33974
943		1860		885038		3590		34016
944		1860		885038		3590		34057
945		1860		885038		3590		34098
946		1860		885038		3590		34138
947		1860		885038		3590		34180
948		1860		885038		3590		34223
949		1860		885038		3590		34257
950		1860		885038		3590		34294
951		1860		885038		3590		34332
952		1860		885038		3590		34369
953		1860		885038		3590		34405
954		1860		885038		3590		34442
955		1860		885038		3590		34484
956		1860		885038		3590		34521
957		1860		885038		3590		34558
958		1860		885038		3590		34595
959		1860		885038		3590		34635
960		1860		885038		3590		34677
961		1860		885038		3590		34716
962		1860		885038		3590		34759
963		1860		885038		3590		34797
964		1860		885038		3590		34835
965		1860		885038		3590		34873
966		1860		885038		3590		34909
967		1860		885038		3590		34948
968		1860		885038		3590		34984
969		1860		885038		3590		35024
970		1860		885038		3590		35064
971		1860		885038		3590		35101
972		1860		885038		3590		35139
973		1860		885038		3590		35177
974		1860		885038		3590		35219
975		1860		885038		3590		35262
976		1860		885038		3590		35301
977		1860		885038		3590		35342
978		1860		885038		3590		35381
979		1860		885038		3590		35418
980		1860		885038		3590		35456
981		1860		885038		3590		35493
982		1860		885038		3590		35530
983		1860		885038		3590		35567
984		1860		885038		3590		35607
985		1860		885038		3590		35644
986		1860		885038		3590		35685
987		1860		885038		3590		35723
988		1860		885038		3590		35760
989		1860		885038		3590		35799
990		1860		885038		3590		35841
991		1860		885038		3590		35882
992		1860		885038		3590		35920
993		1860		885038		3590		35957
994		1860		885038		3590		35996
995		1860		885038		3590		36033
996		1860		885038		3590		36070
997		1860		885038		3590		36108
998		1860		885038		3590		36145
999		1860		885038		3590		36188
