# Migration is number of nodes that have changed color.

Round		Edge-Cut		Swaps		Migrations		Skipped
0		8991		4433		3236
1		8285		8515		3263
2		6901		11201		3323
3		6047		13149		3293
4		5427		14630		3258
5		4904		15767		3283
6		4566		16787		3304
7		4268		17592		3310
8		4021		18221		3319
9		3819		18775		3326
10		3671		19186		3304
11		3575		19563		3310
12		3445		19948		3316
13		3369		20234		3340
14		3296		20494		3331
15		3212		20746		3326
16		3154		20945		3345
17		3104		21126		3344
18		3088		21287		3348
19		3011		21467		3347
20		2960		21640		3349
21		2945		21789		3339
22		2923		21952		3351
23		2890		22095		3346
24		2880		22233		3343
25		2858		22360		3340
26		2831		22469		3336
27		2810		22556		3332
28		2807		22658		3339
29		2792		22764		3327
30		2762		22862		3337
31		2739		22957		3333
32		2719		23038		3336
33		2700		23115		3333
34		2686		23189		3346
35		2693		23257		3341
36		2689		23333		3344
37		2668		23414		3332
38		2650		23481		3338
39		2649		23542		3336
40		2628		23598		3327
41		2628		23672		3336
42		2619		23728		3333
43		2599		23782		3334
44		2594		23839		3338
45		2588		23876		3343
46		2576		23913		3347
47		2569		23940		3347
48		2558		23969		3349
49		2555		23998		3346
50		2539		24035		3347
51		2524		24086		3352
52		2523		24119		3354
53		2523		24145		3349
54		2518		24182		3353
55		2509		24238		3359
56		2507		24272		3358
57		2502		24310		3363
58		2492		24335		3366
59		2494		24357		3363
60		2482		24380		3363
61		2477		24397		3359
62		2471		24417		3359
63		2474		24442		3354
64		2466		24465		3359
65		2469		24486		3361
66		2462		24503		3354
67		2460		24523		3353
68		2455		24538		3356
69		2455		24551		3352
70		2453		24567		3353
71		2448		24582		3351
72		2449		24597		3353
73		2445		24614		3353
74		2434		24644		3355
75		2435		24661		3354
76		2433		24678		3353
77		2430		24690		3349
78		2430		24696		3349
79		2427		24710		3351
80		2421		24733		3350
81		2423		24749		3351
82		2421		24770		3345
83		2413		24788		3346
84		2412		24805		3348
85		2413		24820		3345
86		2411		24834		3347
87		2408		24846		3344
88		2404		24852		3344
89		2408		24871		3347
90		2403		24893		3348
91		2399		24904		3346
92		2400		24912		3348
93		2398		24927		3344
94		2397		24941		3346
95		2393		24947		3346
96		2390		24958		3345
97		2388		24965		3343
98		2388		24977		3349
99		2386		24987		3350
100		2383		24995		3346
101		2383		25005		3345
102		2384		25012		3345
103		2382		25014		3347
104		2377		25021		3347
105		2377		25028		3347
106		2378		25030		3345
107		2377		25036		3344
108		2376		25041		3346
109		2376		25044		3346
110		2374		25054		3347
111		2373		25060		3349
112		2373		25068		3349
113		2373		25075		3349
114		2371		25085		3348
115		2372		25090		3348
116		2372		25094		3347
117		2371		25099		3346
118		2371		25102		3349
119		2371		25107		3350
120		2371		25113		3348
121		2370		25122		3346
122		2373		25133		3347
123		2369		25144		3346
124		2366		25153		3346
125		2366		25162		3345
126		2364		25166		3346
127		2364		25177		3345
128		2364		25187		3341
129		2362		25197		3342
130		2361		25208		3341
131		2358		25216		3344
132		2355		25222		3344
133		2355		25226		3344
134		2355		25231		3343
135		2356		25236		3345
136		2356		25243		3344
137		2354		25246		3344
138		2354		25250		3345
139		2355		25254		3346
140		2356		25259		3346
141		2354		25265		3345
142		2356		25273		3345
143		2354		25281		3345
144		2353		25288		3347
145		2353		25295		3346
146		2352		25301		3345
147		2352		25307		3342
148		2352		25312		3345
149		2350		25323		3345
150		2350		25334		3345
151		2350		25341		3347
152		2347		25356		3343
153		2347		25364		3343
154		2346		25372		3342
155		2344		25380		3345
156		2345		25387		3344
157		2346		25392		3344
158		2344		25402		3347
159		2346		25407		3343
160		2346		25414		3344
161		2344		25420		3341
162		2343		25424		3344
163		2347		25428		3344
164		2345		25439		3346
165		2343		25443		3345
166		2345		25452		3347
167		2343		25459		3346
168		2342		25469		3345
169		2342		25476		3345
170		2339		25483		3346
171		2341		25488		3345
172		2340		25491		3348
173		2340		25498		3345
174		2339		25504		3345
175		2342		25510		3345
176		2340		25516		3346
177		2337		25521		3344
178		2338		25525		3344
179		2339		25528		3345
180		2339		25532		3345
181		2338		25533		3346
182		2337		25534		3345
183		2337		25541		3343
184		2337		25547		3344
185		2336		25550		3345
186		2335		25554		3345
187		2333		25558		3347
188		2336		25561		3347
189		2334		25565		3346
190		2334		25566		3347
191		2334		25568		3347
192		2334		25570		3347
193		2335		25573		3346
194		2334		25577		3344
195		2335		25580		3346
196		2334		25584		3345
197		2332		25587		3346
198		2332		25593		3346
199		2333		25594		3345
200		2331		25595		3346
201		2331		25595		3346
202		2331		25595		3346
203		2331		25595		3346
204		2331		25595		3346
205		2331		25595		3346
206		2331		25595		3346
207		2331		25595		3346
208		2331		25595		3346
209		2331		25595		3346
210		2331		25595		3346
211		2331		25595		3346
212		2331		25595		3346
213		2331		25595		3346
214		2331		25595		3346
215		2331		25595		3346
216		2331		25595		3346
217		2331		25595		3346
218		2331		25595		3346
219		2331		25595		3346
220		2331		25595		3346
221		2331		25595		3346
222		2331		25595		3346
223		2331		25595		3346
224		2331		25595		3346
225		2331		25595		3346
226		2331		25595		3346
227		2331		25595		3346
228		2331		25595		3346
229		2331		25595		3346
230		2331		25595		3346
231		2331		25595		3346
232		2331		25595		3346
233		2331		25595		3346
234		2331		25595		3346
235		2331		25595		3346
236		2331		25595		3346
237		2331		25595		3346
238		2331		25595		3346
239		2331		25595		3346
240		2331		25595		3346
241		2331		25595		3346
242		2331		25595		3346
243		2331		25595		3346
244		2331		25595		3346
245		2331		25595		3346
246		2331		25595		3346
247		2331		25595		3346
248		2331		25595		3346
249		2331		25595		3346
250		2331		25595		3346
251		2331		25595		3346
252		2331		25595		3346
253		2331		25595		3346
254		2331		25595		3346
255		2331		25595		3346
256		2331		25595		3346
257		2331		25595		3346
258		2331		25595		3346
259		2331		25595		3346
260		2331		25595		3346
261		2331		25595		3346
262		2331		25595		3346
263		2331		25595		3346
264		2331		25595		3346
265		2331		25595		3346
266		2331		25595		3346
267		2331		25595		3346
268		2331		25595		3346
269		2331		25595		3346
270		2331		25595		3346
271		2331		25595		3346
272		2331		25595		3346
273		2331		25595		3346
274		2331		25595		3346
275		2331		25595		3346
276		2331		25595		3346
277		2331		25595		3346
278		2331		25595		3346
279		2331		25595		3346
280		2331		25595		3346
281		2331		25595		3346
282		2331		25595		3346
283		2331		25595		3346
284		2331		25595		3346
285		2331		25595		3346
286		2331		25595		3346
287		2331		25595		3346
288		2331		25595		3346
289		2331		25595		3346
290		2331		25595		3346
291		2331		25595		3346
292		2331		25595		3346
293		2331		25595		3346
294		2331		25595		3346
295		2331		25595		3346
296		2331		25595		3346
297		2331		25595		3346
298		2331		25595		3346
299		2331		25595		3346
300		2331		25595		3346
301		2331		25595		3346
302		2331		25595		3346
303		2331		25595		3346
304		2331		25595		3346
305		2331		25595		3346
306		2331		25595		3346
307		2331		25595		3346
308		2331		25595		3346
309		2331		25595		3346
310		2331		25595		3346
311		2331		25595		3346
312		2331		25595		3346
313		2331		25595		3346
314		2331		25595		3346
315		2331		25595		3346
316		2331		25595		3346
317		2331		25595		3346
318		2331		25595		3346
319		2331		25595		3346
320		2331		25595		3346
321		2331		25595		3346
322		2331		25595		3346
323		2331		25595		3346
324		2331		25595		3346
325		2331		25595		3346
326		2331		25595		3346
327		2331		25595		3346
328		2331		25595		3346
329		2331		25595		3346
330		2331		25595		3346
331		2331		25595		3346
332		2331		25595		3346
333		2331		25595		3346
334		2331		25595		3346
335		2331		25595		3346
336		2331		25595		3346
337		2331		25595		3346
338		2331		25595		3346
339		2331		25595		3346
340		2331		25595		3346
341		2331		25595		3346
342		2331		25595		3346
343		2331		25595		3346
344		2331		25595		3346
345		2331		25595		3346
346		2331		25595		3346
347		2331		25595		3346
348		2331		25595		3346
349		2331		25595		3346
350		2331		25595		3346
351		2331		25595		3346
352		2331		25595		3346
353		2331		25595		3346
354		2331		25595		3346
355		2331		25595		3346
356		2331		25595		3346
357		2331		25595		3346
358		2331		25595		3346
359		2331		25595		3346
360		2331		25595		3346
361		2331		25595		3346
362		2331		25595		3346
363		2331		25595		3346
364		2331		25595		3346
365		2331		25595		3346
366		2331		25595		3346
367		2331		25595		3346
368		2331		25595		3346
369		2331		25595		3346
370		2331		25595		3346
371		2331		25595		3346
372		2331		25595		3346
373		2331		25595		3346
374		2331		25595		3346
375		2331		25595		3346
376		2331		25595		3346
377		2331		25595		3346
378		2331		25595		3346
379		2331		25595		3346
380		2331		25595		3346
381		2331		25595		3346
382		2331		25595		3346
383		2331		25595		3346
384		2331		25595		3346
385		2331		25595		3346
386		2331		25595		3346
387		2331		25595		3346
388		2331		25595		3346
389		2331		25595		3346
390		2331		25595		3346
391		2331		25595		3346
392		2331		25595		3346
393		2331		25595		3346
394		2331		25595		3346
395		2331		25595		3346
396		2331		25595		3346
397		2331		25595		3346
398		2331		25595		3346
399		2331		25595		3346
400		2331		25595		3346
401		2331		25595		3346
402		2331		25595		3346
403		2331		25595		3346
404		2331		25595		3346
405		2331		25595		3346
406		2331		25595		3346
407		2331		25595		3346
408		2331		25595		3346
409		2331		25595		3346
410		2331		25595		3346
411		2331		25595		3346
412		2331		25595		3346
413		2331		25595		3346
414		2331		25595		3346
415		2331		25595		3346
416		2331		25595		3346
417		2331		25595		3346
418		2331		25595		3346
419		2331		25595		3346
420		2331		25595		3346
421		2331		25595		3346
422		2331		25595		3346
423		2331		25595		3346
424		2331		25595		3346
425		2331		25595		3346
426		2331		25595		3346
427		2331		25595		3346
428		2331		25595		3346
429		2331		25595		3346
430		2331		25595		3346
431		2331		25595		3346
432		2331		25595		3346
433		2331		25595		3346
434		2331		25595		3346
435		2331		25595		3346
436		2331		25595		3346
437		2331		25595		3346
438		2331		25595		3346
439		2331		25595		3346
440		2331		25595		3346
441		2331		25595		3346
442		2331		25595		3346
443		2331		25595		3346
444		2331		25595		3346
445		2331		25595		3346
446		2331		25595		3346
447		2331		25595		3346
448		2331		25595		3346
449		2331		25595		3346
450		2331		25595		3346
451		2331		25595		3346
452		2331		25595		3346
453		2331		25595		3346
454		2331		25595		3346
455		2331		25595		3346
456		2331		25595		3346
457		2331		25595		3346
458		2331		25595		3346
459		2331		25595		3346
460		2331		25595		3346
461		2331		25595		3346
462		2331		25595		3346
463		2331		25595		3346
464		2331		25595		3346
465		2331		25595		3346
466		2331		25595		3346
467		2331		25595		3346
468		2331		25595		3346
469		2331		25595		3346
470		2331		25595		3346
471		2331		25595		3346
472		2331		25595		3346
473		2331		25595		3346
474		2331		25595		3346
475		2331		25595		3346
476		2331		25595		3346
477		2331		25595		3346
478		2331		25595		3346
479		2331		25595		3346
480		2331		25595		3346
481		2331		25595		3346
482		2331		25595		3346
483		2331		25595		3346
484		2331		25595		3346
485		2331		25595		3346
486		2331		25595		3346
487		2331		25595		3346
488		2331		25595		3346
489		2331		25595		3346
490		2331		25595		3346
491		2331		25595		3346
492		2331		25595		3346
493		2331		25595		3346
494		2331		25595		3346
495		2331		25595		3346
496		2331		25595		3346
497		2331		25595		3346
498		2331		25595		3346
499		2331		25595		3346
500		2331		25595		3346
501		2331		25595		3346
502		2331		25595		3346
503		2331		25595		3346
504		2331		25595		3346
505		2331		25595		3346
506		2331		25595		3346
507		2331		25595		3346
508		2331		25595		3346
509		2331		25595		3346
510		2331		25595		3346
511		2331		25595		3346
512		2331		25595		3346
513		2331		25595		3346
514		2331		25595		3346
515		2331		25595		3346
516		2331		25595		3346
517		2331		25595		3346
518		2331		25595		3346
519		2331		25595		3346
520		2331		25595		3346
521		2331		25595		3346
522		2331		25595		3346
523		2331		25595		3346
524		2331		25595		3346
525		2331		25595		3346
526		2331		25595		3346
527		2331		25595		3346
528		2331		25595		3346
529		2331		25595		3346
530		2331		25595		3346
531		2331		25595		3346
532		2331		25595		3346
533		2331		25595		3346
534		2331		25595		3346
535		2331		25595		3346
536		2331		25595		3346
537		2331		25595		3346
538		2331		25595		3346
539		2331		25595		3346
540		2331		25595		3346
541		2331		25595		3346
542		2331		25595		3346
543		2331		25595		3346
544		2331		25595		3346
545		2331		25595		3346
546		2331		25595		3346
547		2331		25595		3346
548		2331		25595		3346
549		2331		25595		3346
550		2331		25595		3346
551		2331		25595		3346
552		2331		25595		3346
553		2331		25595		3346
554		2331		25595		3346
555		2331		25595		3346
556		2331		25595		3346
557		2331		25595		3346
558		2331		25595		3346
559		2331		25595		3346
560		2331		25595		3346
561		2331		25595		3346
562		2331		25595		3346
563		2331		25595		3346
564		2331		25595		3346
565		2331		25595		3346
566		2331		25595		3346
567		2331		25595		3346
568		2331		25595		3346
569		2331		25595		3346
570		2331		25595		3346
571		2331		25595		3346
572		2331		25595		3346
573		2331		25595		3346
574		2331		25595		3346
575		2331		25595		3346
576		2331		25595		3346
577		2331		25595		3346
578		2331		25595		3346
579		2331		25595		3346
580		2331		25595		3346
581		2331		25595		3346
582		2331		25595		3346
583		2331		25595		3346
584		2331		25595		3346
585		2331		25595		3346
586		2331		25595		3346
587		2331		25595		3346
588		2331		25595		3346
589		2331		25595		3346
590		2331		25595		3346
591		2331		25595		3346
592		2331		25595		3346
593		2331		25595		3346
594		2331		25595		3346
595		2331		25595		3346
596		2331		25595		3346
597		2331		25595		3346
598		2331		25595		3346
599		2331		25595		3346
600		2331		25595		3346
601		2331		25595		3346
602		2331		25595		3346
603		2331		25595		3346
604		2331		25595		3346
605		2331		25595		3346
606		2331		25595		3346
607		2331		25595		3346
608		2331		25595		3346
609		2331		25595		3346
610		2331		25595		3346
611		2331		25595		3346
612		2331		25595		3346
613		2331		25595		3346
614		2331		25595		3346
615		2331		25595		3346
616		2331		25595		3346
617		2331		25595		3346
618		2331		25595		3346
619		2331		25595		3346
620		2331		25595		3346
621		2331		25595		3346
622		2331		25595		3346
623		2331		25595		3346
624		2331		25595		3346
625		2331		25595		3346
626		2331		25595		3346
627		2331		25595		3346
628		2331		25595		3346
629		2331		25595		3346
630		2331		25595		3346
631		2331		25595		3346
632		2331		25595		3346
633		2331		25595		3346
634		2331		25595		3346
635		2331		25595		3346
636		2331		25595		3346
637		2331		25595		3346
638		2331		25595		3346
639		2331		25595		3346
640		2331		25595		3346
641		2331		25595		3346
642		2331		25595		3346
643		2331		25595		3346
644		2331		25595		3346
645		2331		25595		3346
646		2331		25595		3346
647		2331		25595		3346
648		2331		25595		3346
649		2331		25595		3346
650		2331		25595		3346
651		2331		25595		3346
652		2331		25595		3346
653		2331		25595		3346
654		2331		25595		3346
655		2331		25595		3346
656		2331		25595		3346
657		2331		25595		3346
658		2331		25595		3346
659		2331		25595		3346
660		2331		25595		3346
661		2331		25595		3346
662		2331		25595		3346
663		2331		25595		3346
664		2331		25595		3346
665		2331		25595		3346
666		2331		25595		3346
667		2331		25595		3346
668		2331		25595		3346
669		2331		25595		3346
670		2331		25595		3346
671		2331		25595		3346
672		2331		25595		3346
673		2331		25595		3346
674		2331		25595		3346
675		2331		25595		3346
676		2331		25595		3346
677		2331		25595		3346
678		2331		25595		3346
679		2331		25595		3346
680		2331		25595		3346
681		2331		25595		3346
682		2331		25595		3346
683		2331		25595		3346
684		2331		25595		3346
685		2331		25595		3346
686		2331		25595		3346
687		2331		25595		3346
688		2331		25595		3346
689		2331		25595		3346
690		2331		25595		3346
691		2331		25595		3346
692		2331		25595		3346
693		2331		25595		3346
694		2331		25595		3346
695		2331		25595		3346
696		2331		25595		3346
697		2331		25595		3346
698		2331		25595		3346
699		2331		25595		3346
700		2331		25595		3346
701		2331		25595		3346
702		2331		25595		3346
703		2331		25595		3346
704		2331		25595		3346
705		2331		25595		3346
706		2331		25595		3346
707		2331		25595		3346
708		2331		25595		3346
709		2331		25595		3346
710		2331		25595		3346
711		2331		25595		3346
712		2331		25595		3346
713		2331		25595		3346
714		2331		25595		3346
715		2331		25595		3346
716		2331		25595		3346
717		2331		25595		3346
718		2331		25595		3346
719		2331		25595		3346
720		2331		25595		3346
721		2331		25595		3346
722		2331		25595		3346
723		2331		25595		3346
724		2331		25595		3346
725		2331		25595		3346
726		2331		25595		3346
727		2331		25595		3346
728		2331		25595		3346
729		2331		25595		3346
730		2331		25595		3346
731		2331		25595		3346
732		2331		25595		3346
733		2331		25595		3346
734		2331		25595		3346
735		2331		25595		3346
736		2331		25595		3346
737		2331		25595		3346
738		2331		25595		3346
739		2331		25595		3346
740		2331		25595		3346
741		2331		25595		3346
742		2331		25595		3346
743		2331		25595		3346
744		2331		25595		3346
745		2331		25595		3346
746		2331		25595		3346
747		2331		25595		3346
748		2331		25595		3346
749		2331		25595		3346
750		2331		25595		3346
751		2331		25595		3346
752		2331		25595		3346
753		2331		25595		3346
754		2331		25595		3346
755		2331		25595		3346
756		2331		25595		3346
757		2331		25595		3346
758		2331		25595		3346
759		2331		25595		3346
760		2331		25595		3346
761		2331		25595		3346
762		2331		25595		3346
763		2331		25595		3346
764		2331		25595		3346
765		2331		25595		3346
766		2331		25595		3346
767		2331		25595		3346
768		2331		25595		3346
769		2331		25595		3346
770		2331		25595		3346
771		2331		25595		3346
772		2331		25595		3346
773		2331		25595		3346
774		2331		25595		3346
775		2331		25595		3346
776		2331		25595		3346
777		2331		25595		3346
778		2331		25595		3346
779		2331		25595		3346
780		2331		25595		3346
781		2331		25595		3346
782		2331		25595		3346
783		2331		25595		3346
784		2331		25595		3346
785		2331		25595		3346
786		2331		25595		3346
787		2331		25595		3346
788		2331		25595		3346
789		2331		25595		3346
790		2331		25595		3346
791		2331		25595		3346
792		2331		25595		3346
793		2331		25595		3346
794		2331		25595		3346
795		2331		25595		3346
796		2331		25595		3346
797		2331		25595		3346
798		2331		25595		3346
799		2331		25595		3346
800		2331		25595		3346
801		2331		25595		3346
802		2331		25595		3346
803		2331		25595		3346
804		2331		25595		3346
805		2331		25595		3346
806		2331		25595		3346
807		2331		25595		3346
808		2331		25595		3346
809		2331		25595		3346
810		2331		25595		3346
811		2331		25595		3346
812		2331		25595		3346
813		2331		25595		3346
814		2331		25595		3346
815		2331		25595		3346
816		2331		25595		3346
817		2331		25595		3346
818		2331		25595		3346
819		2331		25595		3346
820		2331		25595		3346
821		2331		25595		3346
822		2331		25595		3346
823		2331		25595		3346
824		2331		25595		3346
825		2331		25595		3346
826		2331		25595		3346
827		2331		25595		3346
828		2331		25595		3346
829		2331		25595		3346
830		2331		25595		3346
831		2331		25595		3346
832		2331		25595		3346
833		2331		25595		3346
834		2331		25595		3346
835		2331		25595		3346
836		2331		25595		3346
837		2331		25595		3346
838		2331		25595		3346
839		2331		25595		3346
840		2331		25595		3346
841		2331		25595		3346
842		2331		25595		3346
843		2331		25595		3346
844		2331		25595		3346
845		2331		25595		3346
846		2331		25595		3346
847		2331		25595		3346
848		2331		25595		3346
849		2331		25595		3346
850		2331		25595		3346
851		2331		25595		3346
852		2331		25595		3346
853		2331		25595		3346
854		2331		25595		3346
855		2331		25595		3346
856		2331		25595		3346
857		2331		25595		3346
858		2331		25595		3346
859		2331		25595		3346
860		2331		25595		3346
861		2331		25595		3346
862		2331		25595		3346
863		2331		25595		3346
864		2331		25595		3346
865		2331		25595		3346
866		2331		25595		3346
867		2331		25595		3346
868		2331		25595		3346
869		2331		25595		3346
870		2331		25595		3346
871		2331		25595		3346
872		2331		25595		3346
873		2331		25595		3346
874		2331		25595		3346
875		2331		25595		3346
876		2331		25595		3346
877		2331		25595		3346
878		2331		25595		3346
879		2331		25595		3346
880		2331		25595		3346
881		2331		25595		3346
882		2331		25595		3346
883		2331		25595		3346
884		2331		25595		3346
885		2331		25595		3346
886		2331		25595		3346
887		2331		25595		3346
888		2331		25595		3346
889		2331		25595		3346
890		2331		25595		3346
891		2331		25595		3346
892		2331		25595		3346
893		2331		25595		3346
894		2331		25595		3346
895		2331		25595		3346
896		2331		25595		3346
897		2331		25595		3346
898		2331		25595		3346
899		2331		25595		3346
900		2331		25595		3346
901		2331		25595		3346
902		2331		25595		3346
903		2331		25595		3346
904		2331		25595		3346
905		2331		25595		3346
906		2331		25595		3346
907		2331		25595		3346
908		2331		25595		3346
909		2331		25595		3346
910		2331		25595		3346
911		2331		25595		3346
912		2331		25595		3346
913		2331		25595		3346
914		2331		25595		3346
915		2331		25595		3346
916		2331		25595		3346
917		2331		25595		3346
918		2331		25595		3346
919		2331		25595		3346
920		2331		25595		3346
921		2331		25595		3346
922		2331		25595		3346
923		2331		25595		3346
924		2331		25595		3346
925		2331		25595		3346
926		2331		25595		3346
927		2331		25595		3346
928		2331		25595		3346
929		2331		25595		3346
930		2331		25595		3346
931		2331		25595		3346
932		2331		25595		3346
933		2331		25595		3346
934		2331		25595		3346
935		2331		25595		3346
936		2331		25595		3346
937		2331		25595		3346
938		2331		25595		3346
939		2331		25595		3346
940		2331		25595		3346
941		2331		25595		3346
942		2331		25595		3346
943		2331		25595		3346
944		2331		25595		3346
945		2331		25595		3346
946		2331		25595		3346
947		2331		25595		3346
948		2331		25595		3346
949		2331		25595		3346
950		2331		25595		3346
951		2331		25595		3346
952		2331		25595		3346
953		2331		25595		3346
954		2331		25595		3346
955		2331		25595		3346
956		2331		25595		3346
957		2331		25595		3346
958		2331		25595		3346
959		2331		25595		3346
960		2331		25595		3346
961		2331		25595		3346
962		2331		25595		3346
963		2331		25595		3346
964		2331		25595		3346
965		2331		25595		3346
966		2331		25595		3346
967		2331		25595		3346
968		2331		25595		3346
969		2331		25595		3346
970		2331		25595		3346
971		2331		25595		3346
972		2331		25595		3346
973		2331		25595		3346
974		2331		25595		3346
975		2331		25595		3346
976		2331		25595		3346
977		2331		25595		3346
978		2331		25595		3346
979		2331		25595		3346
980		2331		25595		3346
981		2331		25595		3346
982		2331		25595		3346
983		2331		25595		3346
984		2331		25595		3346
985		2331		25595		3346
986		2331		25595		3346
987		2331		25595		3346
988		2331		25595		3346
989		2331		25595		3346
990		2331		25595		3346
991		2331		25595		3346
992		2331		25595		3346
993		2331		25595		3346
994		2331		25595		3346
995		2331		25595		3346
996		2331		25595		3346
997		2331		25595		3346
998		2331		25595		3346
999		2331		25595		3346
