# Migration is number of nodes that have changed color.

Round		Edge-Cut		Swaps		Migrations		Skipped
0		9527		4697		3294
1		8006		8495		3244
2		7040		11528		3335
3		6316		14015		3333
4		5786		16062		3343
5		5354		17771		3322
6		5054		19226		3338
7		4772		20498		3335
8		4572		21645		3358
9		4416		22658		3337
10		4200		23658		3365
11		4071		24521		3390
12		3934		25374		3365
13		3807		26049		3340
14		3659		26585		3365
15		3556		27087		3344
16		3465		27580		3379
17		3395		27995		3373
18		3307		28447		3361
19		3250		28761		3358
20		3203		29080		3345
21		3157		29339		3369
22		3107		29709		3383
23		3101		30040		3386
24		3045		30353		3382
25		3027		30690		3378
26		2983		30991		3383
27		2953		31337		3380
28		2917		31654		3387
29		2892		31957		3383
30		2860		32210		3380
31		2817		32479		3396
32		2787		32705		3386
33		2754		32938		3374
34		2762		33249		3377
35		2721		33513		3383
36		2683		33772		3383
37		2630		33988		3395
38		2609		34159		3388
39		2579		34299		3380
40		2562		34426		3381
41		2523		34529		3384
42		2515		34633		3386
43		2507		34721		3391
44		2496		34792		3390
45		2488		34892		3392
46		2478		34983		3390
47		2464		35060		3394
48		2471		35173		3394
49		2438		35273		3400
50		2421		35372		3393
51		2417		35488		3400
52		2402		35561		3393
53		2403		35633		3397
54		2384		35695		3397
55		2392		35802		3405
56		2393		35900		3395
57		2384		35972		3395
58		2377		36087		3398
59		2361		36176		3396
60		2351		36250		3393
61		2344		36362		3396
62		2338		36448		3389
63		2334		36524		3395
64		2338		36619		3393
65		2338		36707		3391
66		2332		36791		3383
67		2333		36862		3382
68		2313		36950		3393
69		2305		37015		3394
70		2286		37080		3397
71		2278		37121		3398
72		2257		37176		3403
73		2256		37216		3406
74		2255		37253		3400
75		2250		37315		3403
76		2251		37355		3401
77		2242		37435		3409
78		2234		37473		3406
79		2235		37517		3409
80		2232		37550		3408
81		2235		37596		3409
82		2226		37643		3410
83		2221		37697		3410
84		2218		37742		3411
85		2215		37786		3415
86		2211		37828		3411
87		2200		37865		3405
88		2198		37899		3409
89		2189		37954		3408
90		2185		38006		3405
91		2178		38035		3401
92		2179		38056		3402
93		2174		38079		3395
94		2175		38100		3398
95		2171		38119		3401
96		2171		38133		3402
97		2165		38150		3406
98		2165		38168		3406
99		2161		38183		3406
100		2164		38199		3411
101		2164		38214		3407
102		2161		38230		3413
103		2157		38240		3410
104		2155		38250		3410
105		2154		38259		3410
106		2154		38264		3409
107		2154		38267		3410
108		2155		38274		3409
109		2154		38285		3412
110		2153		38291		3410
111		2152		38296		3412
112		2150		38300		3410
113		2148		38307		3409
114		2149		38326		3412
115		2151		38334		3411
116		2149		38341		3412
117		2149		38361		3413
118		2145		38367		3415
119		2145		38373		3413
120		2142		38380		3418
121		2140		38383		3415
122		2140		38388		3415
123		2140		38391		3416
124		2141		38395		3418
125		2140		38402		3418
126		2142		38408		3414
127		2141		38412		3416
128		2144		38435		3415
129		2143		38444		3418
130		2139		38453		3415
131		2136		38457		3416
132		2142		38485		3417
133		2142		38503		3418
134		2133		38529		3414
135		2132		38535		3411
136		2133		38539		3413
137		2130		38551		3414
138		2131		38557		3413
139		2127		38561		3414
140		2127		38569		3412
141		2127		38575		3415
142		2126		38583		3417
143		2124		38590		3416
144		2125		38592		3416
145		2121		38597		3417
146		2120		38599		3421
147		2115		38615		3421
148		2111		38621		3420
149		2106		38633		3419
150		2104		38636		3419
151		2105		38641		3418
152		2105		38645		3418
153		2103		38651		3416
154		2103		38656		3415
155		2103		38660		3415
156		2103		38663		3416
157		2103		38666		3415
158		2103		38669		3416
159		2104		38671		3415
160		2101		38673		3414
161		2101		38675		3414
162		2101		38676		3415
163		2098		38679		3416
164		2096		38680		3414
165		2097		38683		3415
166		2096		38684		3414
167		2097		38685		3415
168		2097		38687		3415
169		2096		38688		3416
170		2096		38688		3416
171		2096		38688		3416
172		2096		38688		3416
173		2096		38688		3416
174		2096		38688		3416
175		2096		38688		3416
176		2096		38688		3416
177		2096		38688		3416
178		2096		38688		3416
179		2096		38688		3416
180		2096		38688		3416
181		2096		38688		3416
182		2096		38688		3416
183		2096		38688		3416
184		2096		38688		3416
185		2096		38688		3416
186		2096		38688		3416
187		2096		38688		3416
188		2096		38688		3416
189		2096		38688		3416
190		2096		38688		3416
191		2096		38688		3416
192		2096		38688		3416
193		2096		38688		3416
194		2096		38688		3416
195		2096		38688		3416
196		2096		38688		3416
197		2096		38688		3416
198		2096		38688		3416
199		2096		38688		3416
200		2096		38688		3416
201		2096		38688		3416
202		2096		38688		3416
203		2096		38688		3416
204		2096		38688		3416
205		2096		38688		3416
206		2096		38688		3416
207		2096		38688		3416
208		2096		38688		3416
209		2096		38688		3416
210		2096		38688		3416
211		2096		38688		3416
212		2096		38688		3416
213		2096		38688		3416
214		2096		38688		3416
215		2096		38688		3416
216		2096		38688		3416
217		2096		38688		3416
218		2096		38688		3416
219		2096		38688		3416
220		2096		38688		3416
221		2096		38688		3416
222		2096		38688		3416
223		2096		38688		3416
224		2096		38688		3416
225		2096		38688		3416
226		2096		38688		3416
227		2096		38688		3416
228		2096		38688		3416
229		2096		38688		3416
230		2096		38688		3416
231		2096		38688		3416
232		2096		38688		3416
233		2096		38688		3416
234		2096		38688		3416
235		2096		38688		3416
236		2096		38688		3416
237		2096		38688		3416
238		2096		38688		3416
239		2096		38688		3416
240		2096		38688		3416
241		2096		38688		3416
242		2096		38688		3416
243		2096		38688		3416
244		2096		38688		3416
245		2096		38688		3416
246		2096		38688		3416
247		2096		38688		3416
248		2096		38688		3416
249		2096		38688		3416
250		2096		38688		3416
251		2096		38688		3416
252		2096		38688		3416
253		2096		38688		3416
254		2096		38688		3416
255		2096		38688		3416
256		2096		38688		3416
257		2096		38688		3416
258		2096		38688		3416
259		2096		38688		3416
260		2096		38688		3416
261		2096		38688		3416
262		2096		38688		3416
263		2096		38688		3416
264		2096		38688		3416
265		2096		38688		3416
266		2096		38688		3416
267		2096		38688		3416
268		2096		38688		3416
269		2096		38688		3416
270		2096		38688		3416
271		2096		38688		3416
272		2096		38688		3416
273		2096		38688		3416
274		2096		38688		3416
275		2096		38688		3416
276		2096		38688		3416
277		2096		38688		3416
278		2096		38688		3416
279		2096		38688		3416
280		2096		38688		3416
281		2096		38688		3416
282		2096		38688		3416
283		2096		38688		3416
284		2096		38688		3416
285		2096		38688		3416
286		2096		38688		3416
287		2096		38688		3416
288		2096		38688		3416
289		2096		38688		3416
290		2096		38688		3416
291		2096		38688		3416
292		2096		38688		3416
293		2096		38688		3416
294		2096		38688		3416
295		2096		38688		3416
296		2096		38688		3416
297		2096		38688		3416
298		2096		38688		3416
299		2096		38688		3416
300		2096		38688		3416
301		2096		38688		3416
302		2096		38688		3416
303		2096		38688		3416
304		2096		38688		3416
305		2096		38688		3416
306		2096		38688		3416
307		2096		38688		3416
308		2096		38688		3416
309		2096		38688		3416
310		2096		38688		3416
311		2096		38688		3416
312		2096		38688		3416
313		2096		38688		3416
314		2096		38688		3416
315		2096		38688		3416
316		2096		38688		3416
317		2096		38688		3416
318		2096		38688		3416
319		2096		38688		3416
320		2096		38688		3416
321		2096		38688		3416
322		2096		38688		3416
323		2096		38688		3416
324		2096		38688		3416
325		2096		38688		3416
326		2096		38688		3416
327		2096		38688		3416
328		2096		38688		3416
329		2096		38688		3416
330		2096		38688		3416
331		2096		38688		3416
332		2096		38688		3416
333		2096		38688		3416
334		2096		38688		3416
335		2096		38688		3416
336		2096		38688		3416
337		2096		38688		3416
338		2096		38688		3416
339		2096		38688		3416
340		2096		38688		3416
341		2096		38688		3416
342		2096		38688		3416
343		2096		38688		3416
344		2096		38688		3416
345		2096		38688		3416
346		2096		38688		3416
347		2096		38688		3416
348		2096		38688		3416
349		2096		38688		3416
350		2096		38688		3416
351		2096		38688		3416
352		2096		38688		3416
353		2096		38688		3416
354		2096		38688		3416
355		2096		38688		3416
356		2096		38688		3416
357		2096		38688		3416
358		2096		38688		3416
359		2096		38688		3416
360		2096		38688		3416
361		2096		38688		3416
362		2096		38688		3416
363		2096		38688		3416
364		2096		38688		3416
365		2096		38688		3416
366		2096		38688		3416
367		2096		38688		3416
368		2096		38688		3416
369		2096		38688		3416
370		2096		38688		3416
371		2096		38688		3416
372		2096		38688		3416
373		2096		38688		3416
374		2096		38688		3416
375		2096		38688		3416
376		2096		38688		3416
377		2096		38688		3416
378		2096		38688		3416
379		2096		38688		3416
380		2096		38688		3416
381		2096		38688		3416
382		2096		38688		3416
383		2096		38688		3416
384		2096		38688		3416
385		2096		38688		3416
386		2096		38688		3416
387		2096		38688		3416
388		2096		38688		3416
389		2096		38688		3416
390		2096		38688		3416
391		2096		38688		3416
392		2096		38688		3416
393		2096		38688		3416
394		2096		38688		3416
395		2096		38688		3416
396		2096		38688		3416
397		2096		38688		3416
398		2096		38688		3416
399		2096		38688		3416
400		2096		38688		3416
401		2096		38688		3416
402		2096		38688		3416
403		2096		38688		3416
404		2096		38688		3416
405		2096		38688		3416
406		2096		38688		3416
407		2096		38688		3416
408		2096		38688		3416
409		2096		38688		3416
410		2096		38688		3416
411		2096		38688		3416
412		2096		38688		3416
413		2096		38688		3416
414		2096		38688		3416
415		2096		38688		3416
416		2096		38688		3416
417		2096		38688		3416
418		2096		38688		3416
419		2096		38688		3416
420		2096		38688		3416
421		2096		38688		3416
422		2096		38688		3416
423		2096		38688		3416
424		2096		38688		3416
425		2096		38688		3416
426		2096		38688		3416
427		2096		38688		3416
428		2096		38688		3416
429		2096		38688		3416
430		2096		38688		3416
431		2096		38688		3416
432		2096		38688		3416
433		2096		38688		3416
434		2096		38688		3416
435		2096		38688		3416
436		2096		38688		3416
437		2096		38688		3416
438		2096		38688		3416
439		2096		38688		3416
440		2096		38688		3416
441		2096		38688		3416
442		2096		38688		3416
443		2096		38688		3416
444		2096		38688		3416
445		2096		38688		3416
446		2096		38688		3416
447		2096		38688		3416
448		2096		38688		3416
449		2096		38688		3416
450		2096		38688		3416
451		2096		38688		3416
452		2096		38688		3416
453		2096		38688		3416
454		2096		38688		3416
455		2096		38688		3416
456		2096		38688		3416
457		2096		38688		3416
458		2096		38688		3416
459		2096		38688		3416
460		2096		38688		3416
461		2096		38688		3416
462		2096		38688		3416
463		2096		38688		3416
464		2096		38688		3416
465		2096		38688		3416
466		2096		38688		3416
467		2096		38688		3416
468		2096		38688		3416
469		2096		38688		3416
470		2096		38688		3416
471		2096		38688		3416
472		2096		38688		3416
473		2096		38688		3416
474		2096		38688		3416
475		2096		38688		3416
476		2096		38688		3416
477		2096		38688		3416
478		2096		38688		3416
479		2096		38688		3416
480		2096		38688		3416
481		2096		38688		3416
482		2096		38688		3416
483		2096		38688		3416
484		2096		38688		3416
485		2096		38688		3416
486		2096		38688		3416
487		2096		38688		3416
488		2096		38688		3416
489		2096		38688		3416
490		2096		38688		3416
491		2096		38688		3416
492		2096		38688		3416
493		2096		38688		3416
494		2096		38688		3416
495		2096		38688		3416
496		2096		38688		3416
497		2096		38688		3416
498		2096		38688		3416
499		2096		38688		3416
500		2096		38688		3416
501		2096		38688		3416
502		2096		38688		3416
503		2096		38688		3416
504		2096		38688		3416
505		2096		38688		3416
506		2096		38688		3416
507		2096		38688		3416
508		2096		38688		3416
509		2096		38688		3416
510		2096		38688		3416
511		2096		38688		3416
512		2096		38688		3416
513		2096		38688		3416
514		2096		38688		3416
515		2096		38688		3416
516		2096		38688		3416
517		2096		38688		3416
518		2096		38688		3416
519		2096		38688		3416
520		2096		38688		3416
521		2096		38688		3416
522		2096		38688		3416
523		2096		38688		3416
524		2096		38688		3416
525		2096		38688		3416
526		2096		38688		3416
527		2096		38688		3416
528		2096		38688		3416
529		2096		38688		3416
530		2096		38688		3416
531		2096		38688		3416
532		2096		38688		3416
533		2096		38688		3416
534		2096		38688		3416
535		2096		38688		3416
536		2096		38688		3416
537		2096		38688		3416
538		2096		38688		3416
539		2096		38688		3416
540		2096		38688		3416
541		2096		38688		3416
542		2096		38688		3416
543		2096		38688		3416
544		2096		38688		3416
545		2096		38688		3416
546		2096		38688		3416
547		2096		38688		3416
548		2096		38688		3416
549		2096		38688		3416
550		2096		38688		3416
551		2096		38688		3416
552		2096		38688		3416
553		2096		38688		3416
554		2096		38688		3416
555		2096		38688		3416
556		2096		38688		3416
557		2096		38688		3416
558		2096		38688		3416
559		2096		38688		3416
560		2096		38688		3416
561		2096		38688		3416
562		2096		38688		3416
563		2096		38688		3416
564		2096		38688		3416
565		2096		38688		3416
566		2096		38688		3416
567		2096		38688		3416
568		2096		38688		3416
569		2096		38688		3416
570		2096		38688		3416
571		2096		38688		3416
572		2096		38688		3416
573		2096		38688		3416
574		2096		38688		3416
575		2096		38688		3416
576		2096		38688		3416
577		2096		38688		3416
578		2096		38688		3416
579		2096		38688		3416
580		2096		38688		3416
581		2096		38688		3416
582		2096		38688		3416
583		2096		38688		3416
584		2096		38688		3416
585		2096		38688		3416
586		2096		38688		3416
587		2096		38688		3416
588		2096		38688		3416
589		2096		38688		3416
590		2096		38688		3416
591		2096		38688		3416
592		2096		38688		3416
593		2096		38688		3416
594		2096		38688		3416
595		2096		38688		3416
596		2096		38688		3416
597		2096		38688		3416
598		2096		38688		3416
599		2096		38688		3416
600		2096		38688		3416
601		2096		38688		3416
602		2096		38688		3416
603		2096		38688		3416
604		2096		38688		3416
605		2096		38688		3416
606		2096		38688		3416
607		2096		38688		3416
608		2096		38688		3416
609		2096		38688		3416
610		2096		38688		3416
611		2096		38688		3416
612		2096		38688		3416
613		2096		38688		3416
614		2096		38688		3416
615		2096		38688		3416
616		2096		38688		3416
617		2096		38688		3416
618		2096		38688		3416
619		2096		38688		3416
620		2096		38688		3416
621		2096		38688		3416
622		2096		38688		3416
623		2096		38688		3416
624		2096		38688		3416
625		2096		38688		3416
626		2096		38688		3416
627		2096		38688		3416
628		2096		38688		3416
629		2096		38688		3416
630		2096		38688		3416
631		2096		38688		3416
632		2096		38688		3416
633		2096		38688		3416
634		2096		38688		3416
635		2096		38688		3416
636		2096		38688		3416
637		2096		38688		3416
638		2096		38688		3416
639		2096		38688		3416
640		2096		38688		3416
641		2096		38688		3416
642		2096		38688		3416
643		2096		38688		3416
644		2096		38688		3416
645		2096		38688		3416
646		2096		38688		3416
647		2096		38688		3416
648		2096		38688		3416
649		2096		38688		3416
650		2096		38688		3416
651		2096		38688		3416
652		2096		38688		3416
653		2096		38688		3416
654		2096		38688		3416
655		2096		38688		3416
656		2096		38688		3416
657		2096		38688		3416
658		2096		38688		3416
659		2096		38688		3416
660		2096		38688		3416
661		2096		38688		3416
662		2096		38688		3416
663		2096		38688		3416
664		2096		38688		3416
665		2096		38688		3416
666		2096		38688		3416
667		2096		38688		3416
668		2096		38688		3416
669		2096		38688		3416
670		2096		38688		3416
671		2096		38688		3416
672		2096		38688		3416
673		2096		38688		3416
674		2096		38688		3416
675		2096		38688		3416
676		2096		38688		3416
677		2096		38688		3416
678		2096		38688		3416
679		2096		38688		3416
680		2096		38688		3416
681		2096		38688		3416
682		2096		38688		3416
683		2096		38688		3416
684		2096		38688		3416
685		2096		38688		3416
686		2096		38688		3416
687		2096		38688		3416
688		2096		38688		3416
689		2096		38688		3416
690		2096		38688		3416
691		2096		38688		3416
692		2096		38688		3416
693		2096		38688		3416
694		2096		38688		3416
695		2096		38688		3416
696		2096		38688		3416
697		2096		38688		3416
698		2096		38688		3416
699		2096		38688		3416
700		2096		38688		3416
701		2096		38688		3416
702		2096		38688		3416
703		2096		38688		3416
704		2096		38688		3416
705		2096		38688		3416
706		2096		38688		3416
707		2096		38688		3416
708		2096		38688		3416
709		2096		38688		3416
710		2096		38688		3416
711		2096		38688		3416
712		2096		38688		3416
713		2096		38688		3416
714		2096		38688		3416
715		2096		38688		3416
716		2096		38688		3416
717		2096		38688		3416
718		2096		38688		3416
719		2096		38688		3416
720		2096		38688		3416
721		2096		38688		3416
722		2096		38688		3416
723		2096		38688		3416
724		2096		38688		3416
725		2096		38688		3416
726		2096		38688		3416
727		2096		38688		3416
728		2096		38688		3416
729		2096		38688		3416
730		2096		38688		3416
731		2096		38688		3416
732		2096		38688		3416
733		2096		38688		3416
734		2096		38688		3416
735		2096		38688		3416
736		2096		38688		3416
737		2096		38688		3416
738		2096		38688		3416
739		2096		38688		3416
740		2096		38688		3416
741		2096		38688		3416
742		2096		38688		3416
743		2096		38688		3416
744		2096		38688		3416
745		2096		38688		3416
746		2096		38688		3416
747		2096		38688		3416
748		2096		38688		3416
749		2096		38688		3416
750		2096		38688		3416
751		2096		38688		3416
752		2096		38688		3416
753		2096		38688		3416
754		2096		38688		3416
755		2096		38688		3416
756		2096		38688		3416
757		2096		38688		3416
758		2096		38688		3416
759		2096		38688		3416
760		2096		38688		3416
761		2096		38688		3416
762		2096		38688		3416
763		2096		38688		3416
764		2096		38688		3416
765		2096		38688		3416
766		2096		38688		3416
767		2096		38688		3416
768		2096		38688		3416
769		2096		38688		3416
770		2096		38688		3416
771		2096		38688		3416
772		2096		38688		3416
773		2096		38688		3416
774		2096		38688		3416
775		2096		38688		3416
776		2096		38688		3416
777		2096		38688		3416
778		2096		38688		3416
779		2096		38688		3416
780		2096		38688		3416
781		2096		38688		3416
782		2096		38688		3416
783		2096		38688		3416
784		2096		38688		3416
785		2096		38688		3416
786		2096		38688		3416
787		2096		38688		3416
788		2096		38688		3416
789		2096		38688		3416
790		2096		38688		3416
791		2096		38688		3416
792		2096		38688		3416
793		2096		38688		3416
794		2096		38688		3416
795		2096		38688		3416
796		2096		38688		3416
797		2096		38688		3416
798		2096		38688		3416
799		2096		38688		3416
800		2096		38688		3416
801		2096		38688		3416
802		2096		38688		3416
803		2096		38688		3416
804		2096		38688		3416
805		2096		38688		3416
806		2096		38688		3416
807		2096		38688		3416
808		2096		38688		3416
809		2096		38688		3416
810		2096		38688		3416
811		2096		38688		3416
812		2096		38688		3416
813		2096		38688		3416
814		2096		38688		3416
815		2096		38688		3416
816		2096		38688		3416
817		2096		38688		3416
818		2096		38688		3416
819		2096		38688		3416
820		2096		38688		3416
821		2096		38688		3416
822		2096		38688		3416
823		2096		38688		3416
824		2096		38688		3416
825		2096		38688		3416
826		2096		38688		3416
827		2096		38688		3416
828		2096		38688		3416
829		2096		38688		3416
830		2096		38688		3416
831		2096		38688		3416
832		2096		38688		3416
833		2096		38688		3416
834		2096		38688		3416
835		2096		38688		3416
836		2096		38688		3416
837		2096		38688		3416
838		2096		38688		3416
839		2096		38688		3416
840		2096		38688		3416
841		2096		38688		3416
842		2096		38688		3416
843		2096		38688		3416
844		2096		38688		3416
845		2096		38688		3416
846		2096		38688		3416
847		2096		38688		3416
848		2096		38688		3416
849		2096		38688		3416
850		2096		38688		3416
851		2096		38688		3416
852		2096		38688		3416
853		2096		38688		3416
854		2096		38688		3416
855		2096		38688		3416
856		2096		38688		3416
857		2096		38688		3416
858		2096		38688		3416
859		2096		38688		3416
860		2096		38688		3416
861		2096		38688		3416
862		2096		38688		3416
863		2096		38688		3416
864		2096		38688		3416
865		2096		38688		3416
866		2096		38688		3416
867		2096		38688		3416
868		2096		38688		3416
869		2096		38688		3416
870		2096		38688		3416
871		2096		38688		3416
872		2096		38688		3416
873		2096		38688		3416
874		2096		38688		3416
875		2096		38688		3416
876		2096		38688		3416
877		2096		38688		3416
878		2096		38688		3416
879		2096		38688		3416
880		2096		38688		3416
881		2096		38688		3416
882		2096		38688		3416
883		2096		38688		3416
884		2096		38688		3416
885		2096		38688		3416
886		2096		38688		3416
887		2096		38688		3416
888		2096		38688		3416
889		2096		38688		3416
890		2096		38688		3416
891		2096		38688		3416
892		2096		38688		3416
893		2096		38688		3416
894		2096		38688		3416
895		2096		38688		3416
896		2096		38688		3416
897		2096		38688		3416
898		2096		38688		3416
899		2096		38688		3416
900		2096		38688		3416
901		2096		38688		3416
902		2096		38688		3416
903		2096		38688		3416
904		2096		38688		3416
905		2096		38688		3416
906		2096		38688		3416
907		2096		38688		3416
908		2096		38688		3416
909		2096		38688		3416
910		2096		38688		3416
911		2096		38688		3416
912		2096		38688		3416
913		2096		38688		3416
914		2096		38688		3416
915		2096		38688		3416
916		2096		38688		3416
917		2096		38688		3416
918		2096		38688		3416
919		2096		38688		3416
920		2096		38688		3416
921		2096		38688		3416
922		2096		38688		3416
923		2096		38688		3416
924		2096		38688		3416
925		2096		38688		3416
926		2096		38688		3416
927		2096		38688		3416
928		2096		38688		3416
929		2096		38688		3416
930		2096		38688		3416
931		2096		38688		3416
932		2096		38688		3416
933		2096		38688		3416
934		2096		38688		3416
935		2096		38688		3416
936		2096		38688		3416
937		2096		38688		3416
938		2096		38688		3416
939		2096		38688		3416
940		2096		38688		3416
941		2096		38688		3416
942		2096		38688		3416
943		2096		38688		3416
944		2096		38688		3416
945		2096		38688		3416
946		2096		38688		3416
947		2096		38688		3416
948		2096		38688		3416
949		2096		38688		3416
950		2096		38688		3416
951		2096		38688		3416
952		2096		38688		3416
953		2096		38688		3416
954		2096		38688		3416
955		2096		38688		3416
956		2096		38688		3416
957		2096		38688		3416
958		2096		38688		3416
959		2096		38688		3416
960		2096		38688		3416
961		2096		38688		3416
962		2096		38688		3416
963		2096		38688		3416
964		2096		38688		3416
965		2096		38688		3416
966		2096		38688		3416
967		2096		38688		3416
968		2096		38688		3416
969		2096		38688		3416
970		2096		38688		3416
971		2096		38688		3416
972		2096		38688		3416
973		2096		38688		3416
974		2096		38688		3416
975		2096		38688		3416
976		2096		38688		3416
977		2096		38688		3416
978		2096		38688		3416
979		2096		38688		3416
980		2096		38688		3416
981		2096		38688		3416
982		2096		38688		3416
983		2096		38688		3416
984		2096		38688		3416
985		2096		38688		3416
986		2096		38688		3416
987		2096		38688		3416
988		2096		38688		3416
989		2096		38688		3416
990		2096		38688		3416
991		2096		38688		3416
992		2096		38688		3416
993		2096		38688		3416
994		2096		38688		3416
995		2096		38688		3416
996		2096		38688		3416
997		2096		38688		3416
998		2096		38688		3416
999		2096		38688		3416
