# Migration is number of nodes that have changed color.

Round		Edge-Cut		Swaps		Migrations		Skipped		ExecutionTime 
0		8249		3740		3070		225
1		6960		6392		3092		284
2		6089		8377		3071		334
3		5467		9938		3152		380
4		4978		11259		3154		425
5		4540		12279		3159		471
6		4216		13033		3154		518
7		4013		13628		3162		567
8		3826		14155		3172		615
9		3708		14640		3177		651
10		3588		15046		3178		688
11		3481		15430		3198		727
12		3375		15751		3198		765
13		3315		16059		3196		810
14		3216		16346		3193		847
15		3151		16601		3212		888
16		3089		16827		3202		926
17		3037		17033		3209		968
18		2975		17260		3207		1009
19		2922		17474		3198		1057
20		2879		17659		3202		1096
21		2857		17857		3203		1146
22		2818		18036		3198		1187
23		2778		18190		3203		1228
24		2744		18338		3199		1269
25		2734		18471		3203		1310
26		2704		18602		3206		1349
27		2684		18734		3211		1389
28		2667		18868		3208		1426
29		2651		19001		3212		1467
30		2623		19131		3209		1506
31		2605		19251		3214		1549
32		2581		19354		3215		1592
33		2551		19476		3219		1633
34		2522		19583		3220		1673
35		2502		19674		3224		1721
36		2489		19766		3228		1757
37		2478		19864		3222		1799
38		2464		19952		3224		1836
39		2443		20036		3225		1873
40		2425		20099		3231		1911
41		2416		20160		3226		1958
42		2408		20213		3232		1998
43		2401		20272		3231		2038
44		2398		20322		3227		2081
45		2387		20372		3232		2121
46		2377		20436		3232		2160
47		2365		20500		3231		2200
48		2362		20550		3230		2239
49		2356		20610		3232		2282
50		2349		20668		3238		2320
51		2341		20726		3240		2360
52		2327		20775		3246		2401
53		2317		20818		3248		2439
54		2309		20868		3244		2480
55		2306		20909		3249		2518
56		2301		20951		3245		2556
57		2300		20994		3243		2590
58		2284		21035		3238		2625
59		2272		21074		3238		2663
60		2271		21105		3243		2703
61		2266		21134		3240		2740
62		2259		21158		3238		2781
63		2255		21194		3237		2820
64		2244		21224		3236		2856
65		2237		21253		3245		2903
66		2230		21272		3245		2944
67		2228		21295		3250		2985
68		2220		21328		3250		3023
69		2215		21357		3250		3065
70		2207		21374		3243		3103
71		2199		21396		3248		3145
72		2196		21432		3247		3181
73		2191		21465		3252		3217
74		2188		21481		3252		3251
75		2185		21506		3251		3289
76		2184		21528		3251		3338
77		2177		21553		3251		3380
78		2169		21567		3253		3419
79		2169		21576		3252		3457
80		2162		21588		3250		3492
81		2163		21599		3251		3529
82		2164		21608		3251		3566
83		2164		21615		3251		3604
84		2161		21625		3250		3641
85		2162		21631		3252		3676
86		2160		21638		3251		3711
87		2161		21643		3250		3746
88		2161		21652		3250		3787
89		2156		21663		3252		3841
90		2157		21664		3252		3885
91		2153		21670		3252		3924
92		2153		21670		3252		3960
93		2153		21673		3251		3999
94		2152		21676		3252		4044
95		2152		21678		3252		4094
96		2152		21681		3252		4146
97		2153		21686		3255		4196
98		2152		21692		3256		4246
99		2150		21694		3255		4296
100		2149		21698		3253		4348
101		2149		21699		3251		4391
102		2147		21701		3252		4440
103		2147		21702		3252		4476
104		2147		21702		3252		4517
105		2147		21706		3254		4558
106		2146		21707		3254		4596
107		2145		21708		3254		4634
108		2145		21708		3254		4671
109		2145		21708		3254		4708
110		2145		21708		3254		4750
111		2145		21708		3254		4795
112		2145		21708		3254		4835
113		2145		21708		3254		4873
114		2145		21708		3254		4914
115		2145		21708		3254		4953
116		2145		21708		3254		4996
117		2145		21708		3254		5048
118		2145		21708		3254		5094
119		2145		21708		3254		5133
120		2145		21708		3254		5176
121		2145		21708		3254		5219
122		2145		21708		3254		5262
123		2145		21708		3254		5301
124		2145		21708		3254		5345
125		2145		21708		3254		5393
126		2145		21708		3254		5438
127		2145		21708		3254		5484
128		2145		21708		3254		5528
129		2145		21708		3254		5570
130		2145		21708		3254		5612
131		2145		21708		3254		5653
132		2145		21708		3254		5697
133		2145		21708		3254		5740
134		2145		21708		3254		5789
135		2145		21708		3254		5832
136		2145		21708		3254		5873
137		2145		21708		3254		5915
138		2145		21708		3254		5956
139		2145		21708		3254		6002
140		2145		21708		3254		6045
141		2145		21708		3254		6085
142		2145		21708		3254		6125
143		2145		21708		3254		6175
144		2145		21708		3254		6215
145		2145		21708		3254		6261
146		2145		21708		3254		6303
147		2145		21708		3254		6344
148		2145		21708		3254		6388
149		2145		21708		3254		6428
150		2145		21708		3254		6469
151		2145		21708		3254		6513
152		2145		21708		3254		6553
153		2145		21708		3254		6593
154		2145		21708		3254		6637
155		2145		21708		3254		6682
156		2145		21708		3254		6730
157		2145		21708		3254		6772
158		2145		21708		3254		6815
159		2145		21708		3254		6860
160		2145		21708		3254		6902
161		2145		21708		3254		6943
162		2145		21708		3254		6987
163		2145		21708		3254		7033
164		2145		21708		3254		7086
165		2145		21708		3254		7130
166		2145		21708		3254		7174
167		2145		21708		3254		7221
168		2145		21708		3254		7261
169		2145		21708		3254		7306
170		2145		21708		3254		7346
171		2145		21708		3254		7390
172		2145		21708		3254		7430
173		2145		21708		3254		7473
174		2145		21708		3254		7517
175		2145		21708		3254		7564
176		2145		21708		3254		7611
177		2145		21708		3254		7655
178		2145		21708		3254		7700
179		2145		21708		3254		7745
180		2145		21708		3254		7793
181		2145		21708		3254		7842
182		2145		21708		3254		7894
183		2145		21708		3254		7937
184		2145		21708		3254		7981
185		2145		21708		3254		8033
186		2145		21708		3254		8084
187		2145		21708		3254		8125
188		2145		21708		3254		8167
189		2145		21708		3254		8208
190		2145		21708		3254		8254
191		2145		21708		3254		8298
192		2145		21708		3254		8343
193		2145		21708		3254		8392
194		2145		21708		3254		8446
195		2145		21708		3254		8488
196		2145		21708		3254		8530
197		2145		21708		3254		8574
198		2145		21708		3254		8614
199		2145		21708		3254		8655
200		2145		21708		3254		8697
201		2145		21708		3254		8752
202		2145		21708		3254		8798
203		2145		21708		3254		8841
204		2145		21708		3254		8885
205		2145		21708		3254		8927
206		2145		21708		3254		8972
207		2145		21708		3254		9015
208		2145		21708		3254		9060
209		2145		21708		3254		9100
210		2145		21708		3254		9148
211		2145		21708		3254		9195
212		2145		21708		3254		9237
213		2145		21708		3254		9281
214		2145		21708		3254		9321
215		2145		21708		3254		9362
216		2145		21708		3254		9404
217		2145		21708		3254		9452
218		2145		21708		3254		9495
219		2145		21708		3254		9538
220		2145		21708		3254		9579
221		2145		21708		3254		9619
222		2145		21708		3254		9664
223		2145		21708		3254		9706
224		2145		21708		3254		9746
225		2145		21708		3254		9790
226		2145		21708		3254		9841
227		2145		21708		3254		9886
228		2145		21708		3254		9930
229		2145		21708		3254		9972
230		2145		21708		3254		10015
231		2145		21708		3254		10060
232		2145		21708		3254		10103
233		2145		21708		3254		10146
234		2145		21708		3254		10188
235		2145		21708		3254		10230
236		2145		21708		3254		10278
237		2145		21708		3254		10321
238		2145		21708		3254		10365
239		2145		21708		3254		10410
240		2145		21708		3254		10451
241		2145		21708		3254		10491
242		2145		21708		3254		10531
243		2145		21708		3254		10576
244		2145		21708		3254		10617
245		2145		21708		3254		10659
246		2145		21708		3254		10706
247		2145		21708		3254		10750
248		2145		21708		3254		10794
249		2145		21708		3254		10840
250		2145		21708		3254		10877
251		2145		21708		3254		10914
252		2145		21708		3254		10953
253		2145		21708		3254		10999
254		2145		21708		3254		11054
255		2145		21708		3254		11098
256		2145		21708		3254		11134
257		2145		21708		3254		11184
258		2145		21708		3254		11223
259		2145		21708		3254		11267
260		2145		21708		3254		11309
261		2145		21708		3254		11348
262		2145		21708		3254		11384
263		2145		21708		3254		11426
264		2145		21708		3254		11469
265		2145		21708		3254		11522
266		2145		21708		3254		11562
267		2145		21708		3254		11604
268		2145		21708		3254		11642
269		2145		21708		3254		11682
270		2145		21708		3254		11717
271		2145		21708		3254		11760
272		2145		21708		3254		11808
273		2145		21708		3254		11852
274		2145		21708		3254		11888
275		2145		21708		3254		11928
276		2145		21708		3254		11965
277		2145		21708		3254		12007
278		2145		21708		3254		12045
279		2145		21708		3254		12094
280		2145		21708		3254		12142
281		2145		21708		3254		12187
282		2145		21708		3254		12235
283		2145		21708		3254		12277
284		2145		21708		3254		12321
285		2145		21708		3254		12367
286		2145		21708		3254		12422
287		2145		21708		3254		12475
288		2145		21708		3254		12535
289		2145		21708		3254		12588
290		2145		21708		3254		12643
291		2145		21708		3254		12703
292		2145		21708		3254		12751
293		2145		21708		3254		12804
294		2145		21708		3254		12851
295		2145		21708		3254		12906
296		2145		21708		3254		12951
297		2145		21708		3254		13000
298		2145		21708		3254		13057
299		2145		21708		3254		13107
300		2145		21708		3254		13154
301		2145		21708		3254		13195
302		2145		21708		3254		13234
303		2145		21708		3254		13274
304		2145		21708		3254		13313
305		2145		21708		3254		13352
306		2145		21708		3254		13394
307		2145		21708		3254		13430
308		2145		21708		3254		13470
309		2145		21708		3254		13507
310		2145		21708		3254		13557
311		2145		21708		3254		13604
312		2145		21708		3254		13649
313		2145		21708		3254		13694
314		2145		21708		3254		13736
315		2145		21708		3254		13782
316		2145		21708		3254		13832
317		2145		21708		3254		13889
318		2145		21708		3254		13932
319		2145		21708		3254		13975
320		2145		21708		3254		14018
321		2145		21708		3254		14066
322		2145		21708		3254		14108
323		2145		21708		3254		14149
324		2145		21708		3254		14191
325		2145		21708		3254		14232
326		2145		21708		3254		14273
327		2145		21708		3254		14324
328		2145		21708		3254		14369
329		2145		21708		3254		14411
330		2145		21708		3254		14454
331		2145		21708		3254		14495
332		2145		21708		3254		14539
333		2145		21708		3254		14580
334		2145		21708		3254		14620
335		2145		21708		3254		14661
336		2145		21708		3254		14704
337		2145		21708		3254		14746
338		2145		21708		3254		14793
339		2145		21708		3254		14832
340		2145		21708		3254		14879
341		2145		21708		3254		14919
342		2145		21708		3254		14959
343		2145		21708		3254		15004
344		2145		21708		3254		15050
345		2145		21708		3254		15090
346		2145		21708		3254		15134
347		2145		21708		3254		15172
348		2145		21708		3254		15217
349		2145		21708		3254		15257
350		2145		21708		3254		15299
351		2145		21708		3254		15347
352		2145		21708		3254		15388
353		2145		21708		3254		15430
354		2145		21708		3254		15482
355		2145		21708		3254		15520
356		2145		21708		3254		15560
357		2145		21708		3254		15599
358		2145		21708		3254		15639
359		2145		21708		3254		15680
360		2145		21708		3254		15723
361		2145		21708		3254		15761
362		2145		21708		3254		15803
363		2145		21708		3254		15849
364		2145		21708		3254		15886
365		2145		21708		3254		15930
366		2145		21708		3254		15969
367		2145		21708		3254		16017
368		2145		21708		3254		16064
369		2145		21708		3254		16105
370		2145		21708		3254		16148
371		2145		21708		3254		16196
372		2145		21708		3254		16234
373		2145		21708		3254		16274
374		2145		21708		3254		16314
375		2145		21708		3254		16355
376		2145		21708		3254		16401
377		2145		21708		3254		16441
378		2145		21708		3254		16481
379		2145		21708		3254		16523
380		2145		21708		3254		16571
381		2145		21708		3254		16610
382		2145		21708		3254		16652
383		2145		21708		3254		16693
384		2145		21708		3254		16733
385		2145		21708		3254		16775
386		2145		21708		3254		16819
387		2145		21708		3254		16865
388		2145		21708		3254		16910
389		2145		21708		3254		16953
390		2145		21708		3254		16998
391		2145		21708		3254		17042
392		2145		21708		3254		17082
393		2145		21708		3254		17129
394		2145		21708		3254		17176
395		2145		21708		3254		17214
396		2145		21708		3254		17252
397		2145		21708		3254		17294
398		2145		21708		3254		17339
399		2145		21708		3254		17378
400		2145		21708		3254		17419
401		2145		21708		3254		17461
402		2145		21708		3254		17500
403		2145		21708		3254		17541
404		2145		21708		3254		17584
405		2145		21708		3254		17626
406		2145		21708		3254		17666
407		2145		21708		3254		17706
408		2145		21708		3254		17752
409		2145		21708		3254		17798
410		2145		21708		3254		17842
411		2145		21708		3254		17881
412		2145		21708		3254		17922
413		2145		21708		3254		17964
414		2145		21708		3254		18005
415		2145		21708		3254		18052
416		2145		21708		3254		18095
417		2145		21708		3254		18130
418		2145		21708		3254		18172
419		2145		21708		3254		18210
420		2145		21708		3254		18252
421		2145		21708		3254		18294
422		2145		21708		3254		18337
423		2145		21708		3254		18379
424		2145		21708		3254		18423
425		2145		21708		3254		18462
426		2145		21708		3254		18506
427		2145		21708		3254		18544
428		2145		21708		3254		18585
429		2145		21708		3254		18631
430		2145		21708		3254		18673
431		2145		21708		3254		18711
432		2145		21708		3254		18754
433		2145		21708		3254		18797
434		2145		21708		3254		18840
435		2145		21708		3254		18878
436		2145		21708		3254		18921
437		2145		21708		3254		18977
438		2145		21708		3254		19014
439		2145		21708		3254		19057
440		2145		21708		3254		19096
441		2145		21708		3254		19135
442		2145		21708		3254		19171
443		2145		21708		3254		19212
444		2145		21708		3254		19252
445		2145		21708		3254		19293
446		2145		21708		3254		19331
447		2145		21708		3254		19370
448		2145		21708		3254		19408
449		2145		21708		3254		19455
450		2145		21708		3254		19495
451		2145		21708		3254		19533
452		2145		21708		3254		19578
453		2145		21708		3254		19620
454		2145		21708		3254		19661
455		2145		21708		3254		19701
456		2145		21708		3254		19739
457		2145		21708		3254		19779
458		2145		21708		3254		19820
459		2145		21708		3254		19860
460		2145		21708		3254		19904
461		2145		21708		3254		19941
462		2145		21708		3254		19979
463		2145		21708		3254		20019
464		2145		21708		3254		20059
465		2145		21708		3254		20102
466		2145		21708		3254		20145
467		2145		21708		3254		20188
468		2145		21708		3254		20233
469		2145		21708		3254		20277
470		2145		21708		3254		20322
471		2145		21708		3254		20369
472		2145		21708		3254		20415
473		2145		21708		3254		20457
474		2145		21708		3254		20501
475		2145		21708		3254		20551
476		2145		21708		3254		20596
477		2145		21708		3254		20648
478		2145		21708		3254		20700
479		2145		21708		3254		20744
480		2145		21708		3254		20792
481		2145		21708		3254		20851
482		2145		21708		3254		20912
483		2145		21708		3254		20964
484		2145		21708		3254		21012
485		2145		21708		3254		21061
486		2145		21708		3254		21104
487		2145		21708		3254		21150
488		2145		21708		3254		21193
489		2145		21708		3254		21236
490		2145		21708		3254		21273
491		2145		21708		3254		21318
492		2145		21708		3254		21357
493		2145		21708		3254		21394
494		2145		21708		3254		21432
495		2145		21708		3254		21471
496		2145		21708		3254		21511
497		2145		21708		3254		21552
498		2145		21708		3254		21587
499		2145		21708		3254		21627
500		2145		21708		3254		21662
501		2145		21708		3254		21698
502		2145		21708		3254		21735
503		2145		21708		3254		21777
504		2145		21708		3254		21818
505		2145		21708		3254		21856
506		2145		21708		3254		21893
507		2145		21708		3254		21928
508		2145		21708		3254		21963
509		2145		21708		3254		22009
510		2145		21708		3254		22055
511		2145		21708		3254		22094
512		2145		21708		3254		22131
513		2145		21708		3254		22166
514		2145		21708		3254		22201
515		2145		21708		3254		22239
516		2145		21708		3254		22276
517		2145		21708		3254		22311
518		2145		21708		3254		22349
519		2145		21708		3254		22384
520		2145		21708		3254		22421
521		2145		21708		3254		22469
522		2145		21708		3254		22512
523		2145		21708		3254		22551
524		2145		21708		3254		22594
525		2145		21708		3254		22633
526		2145		21708		3254		22676
527		2145		21708		3254		22717
528		2145		21708		3254		22759
529		2145		21708		3254		22806
530		2145		21708		3254		22850
531		2145		21708		3254		22892
532		2145		21708		3254		22937
533		2145		21708		3254		22979
534		2145		21708		3254		23022
535		2145		21708		3254		23071
536		2145		21708		3254		23116
537		2145		21708		3254		23159
538		2145		21708		3254		23201
539		2145		21708		3254		23241
540		2145		21708		3254		23282
541		2145		21708		3254		23324
542		2145		21708		3254		23368
543		2145		21708		3254		23412
544		2145		21708		3254		23453
545		2145		21708		3254		23493
546		2145		21708		3254		23535
547		2145		21708		3254		23577
548		2145		21708		3254		23622
549		2145		21708		3254		23666
550		2145		21708		3254		23713
551		2145		21708		3254		23756
552		2145		21708		3254		23799
553		2145		21708		3254		23844
554		2145		21708		3254		23885
555		2145		21708		3254		23928
556		2145		21708		3254		23970
557		2145		21708		3254		24012
558		2145		21708		3254		24052
559		2145		21708		3254		24098
560		2145		21708		3254		24141
561		2145		21708		3254		24184
562		2145		21708		3254		24227
563		2145		21708		3254		24266
564		2145		21708		3254		24305
565		2145		21708		3254		24348
566		2145		21708		3254		24384
567		2145		21708		3254		24425
568		2145		21708		3254		24462
569		2145		21708		3254		24503
570		2145		21708		3254		24541
571		2145		21708		3254		24582
572		2145		21708		3254		24620
573		2145		21708		3254		24660
574		2145		21708		3254		24701
575		2145		21708		3254		24747
576		2145		21708		3254		24810
577		2145		21708		3254		24867
578		2145		21708		3254		24923
579		2145		21708		3254		24969
580		2145		21708		3254		25026
581		2145		21708		3254		25081
582		2145		21708		3254		25133
583		2145		21708		3254		25174
584		2145		21708		3254		25212
585		2145		21708		3254		25253
586		2145		21708		3254		25293
587		2145		21708		3254		25332
588		2145		21708		3254		25371
589		2145		21708		3254		25411
590		2145		21708		3254		25452
591		2145		21708		3254		25498
592		2145		21708		3254		25540
593		2145		21708		3254		25584
594		2145		21708		3254		25623
595		2145		21708		3254		25664
596		2145		21708		3254		25703
597		2145		21708		3254		25744
598		2145		21708		3254		25787
599		2145		21708		3254		25833
600		2145		21708		3254		25872
601		2145		21708		3254		25910
602		2145		21708		3254		25951
603		2145		21708		3254		25988
604		2145		21708		3254		26026
605		2145		21708		3254		26067
606		2145		21708		3254		26108
607		2145		21708		3254		26151
608		2145		21708		3254		26191
609		2145		21708		3254		26233
610		2145		21708		3254		26273
611		2145		21708		3254		26314
612		2145		21708		3254		26353
613		2145		21708		3254		26392
614		2145		21708		3254		26432
615		2145		21708		3254		26475
616		2145		21708		3254		26510
617		2145		21708		3254		26550
618		2145		21708		3254		26587
619		2145		21708		3254		26624
620		2145		21708		3254		26667
621		2145		21708		3254		26705
622		2145		21708		3254		26750
623		2145		21708		3254		26790
624		2145		21708		3254		26834
625		2145		21708		3254		26874
626		2145		21708		3254		26921
627		2145		21708		3254		26963
628		2145		21708		3254		27004
629		2145		21708		3254		27045
630		2145		21708		3254		27086
631		2145		21708		3254		27133
632		2145		21708		3254		27173
633		2145		21708		3254		27219
634		2145		21708		3254		27266
635		2145		21708		3254		27313
636		2145		21708		3254		27356
637		2145		21708		3254		27400
638		2145		21708		3254		27443
639		2145		21708		3254		27486
640		2145		21708		3254		27527
641		2145		21708		3254		27568
642		2145		21708		3254		27613
643		2145		21708		3254		27654
644		2145		21708		3254		27695
645		2145		21708		3254		27737
646		2145		21708		3254		27778
647		2145		21708		3254		27825
648		2145		21708		3254		27872
649		2145		21708		3254		27919
650		2145		21708		3254		27963
651		2145		21708		3254		28004
652		2145		21708		3254		28045
653		2145		21708		3254		28091
654		2145		21708		3254		28131
655		2145		21708		3254		28174
656		2145		21708		3254		28212
657		2145		21708		3254		28249
658		2145		21708		3254		28293
659		2145		21708		3254		28337
660		2145		21708		3254		28374
661		2145		21708		3254		28412
662		2145		21708		3254		28451
663		2145		21708		3254		28489
664		2145		21708		3254		28529
665		2145		21708		3254		28568
666		2145		21708		3254		28609
667		2145		21708		3254		28647
668		2145		21708		3254		28689
669		2145		21708		3254		28730
670		2145		21708		3254		28768
671		2145		21708		3254		28811
672		2145		21708		3254		28857
673		2145		21708		3254		28895
674		2145		21708		3254		28933
675		2145		21708		3254		28973
676		2145		21708		3254		29016
677		2145		21708		3254		29051
678		2145		21708		3254		29091
679		2145		21708		3254		29134
680		2145		21708		3254		29179
681		2145		21708		3254		29229
682		2145		21708		3254		29288
683		2145		21708		3254		29336
684		2145		21708		3254		29380
685		2145		21708		3254		29430
686		2145		21708		3254		29477
687		2145		21708		3254		29527
688		2145		21708		3254		29569
689		2145		21708		3254		29612
690		2145		21708		3254		29654
691		2145		21708		3254		29693
692		2145		21708		3254		29739
693		2145		21708		3254		29779
694		2145		21708		3254		29821
695		2145		21708		3254		29865
696		2145		21708		3254		29901
697		2145		21708		3254		29941
698		2145		21708		3254		29983
699		2145		21708		3254		30026
700		2145		21708		3254		30068
701		2145		21708		3254		30113
702		2145		21708		3254		30154
703		2145		21708		3254		30197
704		2145		21708		3254		30239
705		2145		21708		3254		30280
706		2145		21708		3254		30324
707		2145		21708		3254		30366
708		2145		21708		3254		30410
709		2145		21708		3254		30451
710		2145		21708		3254		30491
711		2145		21708		3254		30535
712		2145		21708		3254		30577
713		2145		21708		3254		30618
714		2145		21708		3254		30661
715		2145		21708		3254		30701
716		2145		21708		3254		30741
717		2145		21708		3254		30777
718		2145		21708		3254		30820
719		2145		21708		3254		30868
720		2145		21708		3254		30915
721		2145		21708		3254		30956
722		2145		21708		3254		30995
723		2145		21708		3254		31030
724		2145		21708		3254		31069
725		2145		21708		3254		31110
726		2145		21708		3254		31150
727		2145		21708		3254		31189
728		2145		21708		3254		31233
729		2145		21708		3254		31271
730		2145		21708		3254		31310
731		2145		21708		3254		31350
732		2145		21708		3254		31390
733		2145		21708		3254		31428
734		2145		21708		3254		31468
735		2145		21708		3254		31506
736		2145		21708		3254		31551
737		2145		21708		3254		31597
738		2145		21708		3254		31641
739		2145		21708		3254		31684
740		2145		21708		3254		31725
741		2145		21708		3254		31766
742		2145		21708		3254		31805
743		2145		21708		3254		31845
744		2145		21708		3254		31884
745		2145		21708		3254		31922
746		2145		21708		3254		31959
747		2145		21708		3254		31997
748		2145		21708		3254		32038
749		2145		21708		3254		32080
750		2145		21708		3254		32118
751		2145		21708		3254		32158
752		2145		21708		3254		32200
753		2145		21708		3254		32239
754		2145		21708		3254		32285
755		2145		21708		3254		32332
756		2145		21708		3254		32374
757		2145		21708		3254		32414
758		2145		21708		3254		32451
759		2145		21708		3254		32493
760		2145		21708		3254		32534
761		2145		21708		3254		32575
762		2145		21708		3254		32614
763		2145		21708		3254		32654
764		2145		21708		3254		32694
765		2145		21708		3254		32736
766		2145		21708		3254		32779
767		2145		21708		3254		32825
768		2145		21708		3254		32870
769		2145		21708		3254		32912
770		2145		21708		3254		32951
771		2145		21708		3254		32996
772		2145		21708		3254		33035
773		2145		21708		3254		33079
774		2145		21708		3254		33121
775		2145		21708		3254		33162
776		2145		21708		3254		33202
777		2145		21708		3254		33243
778		2145		21708		3254		33281
779		2145		21708		3254		33323
780		2145		21708		3254		33361
781		2145		21708		3254		33401
782		2145		21708		3254		33439
783		2145		21708		3254		33478
784		2145		21708		3254		33516
785		2145		21708		3254		33555
786		2145		21708		3254		33599
787		2145		21708		3254		33642
788		2145		21708		3254		33680
789		2145		21708		3254		33718
790		2145		21708		3254		33752
791		2145		21708		3254		33788
792		2145		21708		3254		33834
793		2145		21708		3254		33870
794		2145		21708		3254		33909
795		2145		21708		3254		33944
796		2145		21708		3254		33980
797		2145		21708		3254		34019
798		2145		21708		3254		34058
799		2145		21708		3254		34095
800		2145		21708		3254		34133
801		2145		21708		3254		34172
802		2145		21708		3254		34207
803		2145		21708		3254		34244
804		2145		21708		3254		34281
805		2145		21708		3254		34318
806		2145		21708		3254		34355
807		2145		21708		3254		34396
808		2145		21708		3254		34435
809		2145		21708		3254		34476
810		2145		21708		3254		34519
811		2145		21708		3254		34565
812		2145		21708		3254		34608
813		2145		21708		3254		34651
814		2145		21708		3254		34694
815		2145		21708		3254		34735
816		2145		21708		3254		34775
817		2145		21708		3254		34819
818		2145		21708		3254		34863
819		2145		21708		3254		34905
820		2145		21708		3254		34947
821		2145		21708		3254		34992
822		2145		21708		3254		35034
823		2145		21708		3254		35077
824		2145		21708		3254		35121
825		2145		21708		3254		35168
826		2145		21708		3254		35211
827		2145		21708		3254		35257
828		2145		21708		3254		35297
829		2145		21708		3254		35341
830		2145		21708		3254		35380
831		2145		21708		3254		35423
832		2145		21708		3254		35465
833		2145		21708		3254		35506
834		2145		21708		3254		35546
835		2145		21708		3254		35587
836		2145		21708		3254		35624
837		2145		21708		3254		35662
838		2145		21708		3254		35701
839		2145		21708		3254		35741
840		2145		21708		3254		35788
841		2145		21708		3254		35831
842		2145		21708		3254		35869
843		2145		21708		3254		35909
844		2145		21708		3254		35946
845		2145		21708		3254		35985
846		2145		21708		3254		36026
847		2145		21708		3254		36067
848		2145		21708		3254		36107
849		2145		21708		3254		36147
850		2145		21708		3254		36187
851		2145		21708		3254		36225
852		2145		21708		3254		36266
853		2145		21708		3254		36309
854		2145		21708		3254		36351
855		2145		21708		3254		36393
856		2145		21708		3254		36431
857		2145		21708		3254		36475
858		2145		21708		3254		36519
859		2145		21708		3254		36557
860		2145		21708		3254		36599
861		2145		21708		3254		36638
862		2145		21708		3254		36679
863		2145		21708		3254		36721
864		2145		21708		3254		36760
865		2145		21708		3254		36799
866		2145		21708		3254		36842
867		2145		21708		3254		36882
868		2145		21708		3254		36922
869		2145		21708		3254		36961
870		2145		21708		3254		37006
871		2145		21708		3254		37044
872		2145		21708		3254		37088
873		2145		21708		3254		37127
874		2145		21708		3254		37169
875		2145		21708		3254		37210
876		2145		21708		3254		37250
877		2145		21708		3254		37289
878		2145		21708		3254		37331
879		2145		21708		3254		37371
880		2145		21708		3254		37413
881		2145		21708		3254		37454
882		2145		21708		3254		37494
883		2145		21708		3254		37534
884		2145		21708		3254		37573
885		2145		21708		3254		37612
886		2145		21708		3254		37653
887		2145		21708		3254		37695
888		2145		21708		3254		37734
889		2145		21708		3254		37773
890		2145		21708		3254		37821
891		2145		21708		3254		37863
892		2145		21708		3254		37904
893		2145		21708		3254		37943
894		2145		21708		3254		37981
895		2145		21708		3254		38027
896		2145		21708		3254		38074
897		2145		21708		3254		38124
898		2145		21708		3254		38173
899		2145		21708		3254		38225
900		2145		21708		3254		38268
901		2145		21708		3254		38308
902		2145		21708		3254		38350
903		2145		21708		3254		38394
904		2145		21708		3254		38428
905		2145		21708		3254		38471
906		2145		21708		3254		38514
907		2145		21708		3254		38559
908		2145		21708		3254		38601
909		2145		21708		3254		38643
910		2145		21708		3254		38686
911		2145		21708		3254		38734
912		2145		21708		3254		38777
913		2145		21708		3254		38830
914		2145		21708		3254		38872
915		2145		21708		3254		38916
916		2145		21708		3254		38957
917		2145		21708		3254		39001
918		2145		21708		3254		39043
919		2145		21708		3254		39088
920		2145		21708		3254		39135
921		2145		21708		3254		39172
922		2145		21708		3254		39218
923		2145		21708		3254		39255
924		2145		21708		3254		39300
925		2145		21708		3254		39346
926		2145		21708		3254		39387
927		2145		21708		3254		39425
928		2145		21708		3254		39470
929		2145		21708		3254		39511
930		2145		21708		3254		39555
931		2145		21708		3254		39598
932		2145		21708		3254		39639
933		2145		21708		3254		39683
934		2145		21708		3254		39724
935		2145		21708		3254		39767
936		2145		21708		3254		39812
937		2145		21708		3254		39857
938		2145		21708		3254		39899
939		2145		21708		3254		39944
940		2145		21708		3254		39993
941		2145		21708		3254		40036
942		2145		21708		3254		40079
943		2145		21708		3254		40120
944		2145		21708		3254		40160
945		2145		21708		3254		40200
946		2145		21708		3254		40246
947		2145		21708		3254		40287
948		2145		21708		3254		40328
949		2145		21708		3254		40369
950		2145		21708		3254		40409
951		2145		21708		3254		40450
952		2145		21708		3254		40498
953		2145		21708		3254		40544
954		2145		21708		3254		40586
955		2145		21708		3254		40631
956		2145		21708		3254		40672
957		2145		21708		3254		40715
958		2145		21708		3254		40759
959		2145		21708		3254		40800
960		2145		21708		3254		40848
961		2145		21708		3254		40893
962		2145		21708		3254		40938
963		2145		21708		3254		40981
964		2145		21708		3254		41025
965		2145		21708		3254		41066
966		2145		21708		3254		41116
967		2145		21708		3254		41158
968		2145		21708		3254		41200
969		2145		21708		3254		41242
970		2145		21708		3254		41281
971		2145		21708		3254		41318
972		2145		21708		3254		41358
973		2145		21708		3254		41400
974		2145		21708		3254		41443
975		2145		21708		3254		41481
976		2145		21708		3254		41521
977		2145		21708		3254		41562
978		2145		21708		3254		41603
979		2145		21708		3254		41643
980		2145		21708		3254		41685
981		2145		21708		3254		41722
982		2145		21708		3254		41764
983		2145		21708		3254		41811
984		2145		21708		3254		41856
985		2145		21708		3254		41900
986		2145		21708		3254		41942
987		2145		21708		3254		41982
988		2145		21708		3254		42022
989		2145		21708		3254		42060
990		2145		21708		3254		42099
991		2145		21708		3254		42144
992		2145		21708		3254		42184
993		2145		21708		3254		42224
994		2145		21708		3254		42263
995		2145		21708		3254		42297
996		2145		21708		3254		42342
997		2145		21708		3254		42379
998		2145		21708		3254		42422
999		2145		21708		3254		42462
