# Migration is number of nodes that have changed color.

Round		Edge-Cut		Swaps		Migrations		Skipped
0		9604		4720		3333
1		9247		9440		3322
2		9252		14157		3385
3		9260		18873		3470
4		9120		23588		3474
5		9226		28302		3496
6		9079		33019		3426
7		9182		37733		3462
8		9228		42450		3512
9		9208		47165		3499
10		9136		51883		3464
11		9132		56598		3491
12		9230		61316		3540
13		9194		66034		3541
14		9183		70747		3547
15		9189		75462		3520
16		9157		80177		3543
17		9172		84895		3561
18		9203		89613		3582
19		9187		94330		3499
20		9244		99046		3494
21		9225		103764		3603
22		9240		108480		3531
23		9287		113196		3547
24		9210		117914		3513
25		9212		122632		3503
26		9187		127349		3481
27		9244		132065		3509
28		9143		136783		3539
29		9185		141497		3593
30		9102		146215		3562
31		9176		150931		3555
32		9173		155649		3546
33		9197		160368		3537
34		9181		165084		3516
35		9167		169799		3494
36		9146		174515		3544
37		9053		179232		3564
38		9129		183950		3566
39		9198		188666		3514
40		9179		193385		3583
41		9183		198103		3530
42		9210		202819		3512
43		9231		207534		3510
44		9211		212251		3528
45		9201		216969		3552
46		9191		221682		3542
47		9122		226400		3561
48		9123		231116		3592
49		9172		235834		3544
50		9220		240550		3522
51		9192		245264		3554
52		9223		249982		3465
53		9153		254700		3522
54		9240		259413		3551
55		9109		264132		3566
56		9058		268850		3484
57		9191		273565		3587
58		9151		278283		3557
59		9140		283001		3581
60		9165		287718		3561
61		9094		292436		3543
62		9074		297154		3502
63		9277		301872		3528
64		9163		306587		3546
65		9136		311304		3573
66		9081		316020		3532
67		9133		320736		3554
68		9174		325446		3572
69		9150		330162		3573
70		9163		334878		3536
71		9152		339597		3543
72		9098		344315		3535
73		9058		349026		3493
74		9117		353742		3557
75		9103		358460		3581
76		9106		363177		3532
77		9201		367894		3592
78		9160		372612		3530
79		9159		377328		3559
80		9222		382042		3586
81		9158		386760		3542
82		9239		391478		3561
83		9241		396196		3580
84		9236		400915		3506
85		9161		405633		3527
86		9137		410351		3549
87		9121		415068		3547
88		9066		419784		3539
89		9091		424495		3568
90		9127		429209		3552
91		9132		433924		3555
92		9119		438641		3557
93		9028		443357		3561
94		9111		448072		3544
95		9106		452791		3562
96		9128		457507		3549
97		9298		462224		3508
98		9126		466943		3541
99		9174		471660		3496
100		9168		476375		3538
101		9201		481093		3526
102		9105		485807		3515
103		9107		490524		3512
104		9197		495236		3522
105		9061		499949		3578
106		9179		504658		3567
107		9238		509372		3565
108		9224		514090		3526
109		9123		518806		3526
110		9078		523522		3513
111		9153		528229		3573
112		9178		532945		3518
113		9199		537661		3555
114		9140		542374		3552
115		9224		547086		3517
116		9218		551800		3534
117		9220		556519		3519
118		9066		561234		3470
119		9117		565952		3532
120		9091		570665		3544
121		9191		575380		3557
122		9172		580094		3517
123		9152		584807		3542
124		9225		589527		3498
125		9231		594242		3557
126		9189		598958		3509
127		9147		603673		3565
128		9170		608389		3535
129		9154		613102		3531
130		9124		617817		3545
131		9194		622531		3531
132		9287		627246		3482
133		9137		631961		3527
134		9114		636676		3550
135		9092		641391		3524
136		9244		646105		3591
137		9134		650824		3534
138		9065		655539		3499
139		9113		660253		3547
140		9102		664960		3527
141		9038		669671		3571
142		9196		674387		3535
143		9205		679101		3532
144		9170		683813		3524
145		9133		688529		3480
146		9141		693244		3541
147		9138		697959		3481
148		9089		702673		3508
149		9145		707385		3537
150		9087		712094		3451
151		9088		716813		3520
152		9066		721529		3545
153		9019		726243		3553
154		9111		730956		3519
155		9154		735673		3540
156		9081		740390		3582
157		9186		745100		3572
158		9186		749813		3550
159		9054		754529		3533
160		9087		759242		3532
161		9109		763953		3588
162		9089		768669		3535
163		9076		773386		3526
164		9180		778099		3519
165		9084		782816		3565
166		9081		787532		3600
167		9141		792247		3534
168		9122		796966		3521
169		9102		801679		3537
170		9077		806394		3528
171		9125		811106		3506
172		9025		815819		3538
173		9134		820530		3523
174		9136		825244		3497
175		9063		829958		3492
176		9133		834677		3499
177		9063		839393		3494
178		9213		844106		3584
179		9190		848820		3587
180		9141		853534		3542
181		9142		858249		3509
182		9165		862961		3551
183		9150		867676		3560
184		9191		872389		3563
185		9234		877101		3532
186		9188		881813		3567
187		9166		886530		3553
188		9229		891244		3557
189		9181		895959		3549
190		9115		900675		3607
191		9132		905390		3536
192		9099		910101		3567
193		9132		914814		3539
194		9126		919531		3482
195		9080		924245		3576
196		9132		928962		3575
197		9095		933674		3548
198		9122		938391		3500
199		9104		943099		3565
200		9180		947814		3514
201		9125		952524		3461
202		9055		957236		3550
203		9036		961947		3498
204		9083		966659		3544
205		9095		971369		3524
206		9109		976081		3503
207		9076		980789		3509
208		9152		985497		3508
209		9091		990207		3450
210		9111		994920		3493
211		9055		999632		3550
212		9133		1004340		3557
213		9113		1009057		3528
214		9099		1013766		3528
215		9223		1018478		3583
216		9125		1023194		3577
217		9107		1027907		3501
218		9155		1032614		3537
219		9027		1037324		3523
220		9015		1042035		3510
221		9150		1046747		3551
222		9086		1051463		3523
223		9140		1056173		3514
224		9102		1060880		3524
225		9016		1065590		3525
226		9109		1070295		3540
227		9141		1075004		3537
228		9223		1079718		3509
229		9131		1084431		3561
230		9114		1089144		3562
231		9126		1093854		3513
232		9158		1098569		3566
233		9149		1103278		3548
234		9072		1107988		3549
235		9246		1112702		3541
236		9018		1117416		3567
237		9165		1122126		3539
238		9136		1126839		3531
239		9162		1131555		3546
240		9176		1136265		3508
241		9135		1140977		3540
242		9165		1145691		3536
243		9164		1150402		3523
244		9231		1155115		3520
245		9219		1159824		3516
246		9125		1164537		3570
247		9187		1169247		3564
248		9249		1173963		3577
249		9200		1178678		3533
250		9112		1183393		3571
251		8982		1188094		3557
252		9012		1192799		3572
253		8967		1197507		3530
254		9045		1202208		3541
255		9022		1206911		3497
256		9100		1211619		3520
257		9122		1216323		3545
258		9121		1221021		3544
259		9152		1225731		3578
260		9059		1230436		3549
261		9172		1235144		3476
262		9049		1239850		3534
263		9124		1244551		3525
264		9178		1249252		3607
265		9079		1253960		3496
266		9119		1258664		3527
267		9068		1263363		3535
268		9152		1268069		3575
269		9205		1272770		3523
270		9078		1277476		3551
271		9079		1282183		3577
272		9121		1286890		3572
273		9163		1291599		3569
274		9200		1296308		3577
275		9059		1301015		3601
276		9039		1305720		3523
277		9054		1310428		3536
278		9052		1315134		3557
279		9136		1319841		3524
280		9075		1324551		3572
281		9015		1329251		3549
282		9094		1333960		3529
283		9108		1338666		3536
284		9160		1343375		3568
285		9076		1348080		3545
286		9135		1352791		3549
287		9104		1357500		3569
288		9029		1362208		3533
289		9071		1366910		3511
290		9093		1371621		3525
291		8977		1376328		3542
292		9140		1381032		3521
293		9069		1385736		3561
294		9128		1390445		3578
295		9007		1395147		3576
296		9160		1399848		3489
297		9266		1404550		3558
298		9141		1409256		3559
299		9134		1413959		3531
300		9082		1418659		3521
301		9055		1423356		3516
302		9076		1428054		3506
303		9094		1432756		3510
304		9097		1437456		3548
305		9085		1442153		3526
306		9069		1446851		3511
307		8996		1451547		3514
308		9053		1456237		3542
309		9068		1460940		3548
310		9083		1465637		3552
311		8931		1470322		3561
312		9055		1475013		3510
313		9007		1479709		3520
314		9032		1484397		3593
315		9065		1489094		3483
316		9180		1493786		3504
317		9073		1498482		3502
318		9025		1503175		3521
319		9112		1507875		3531
320		9051		1512574		3535
321		9062		1517271		3585
322		9124		1521960		3573
323		9050		1526659		3515
324		9110		1531359		3509
325		9024		1536055		3553
326		9028		1540755		3589
327		9085		1545457		3544
328		8981		1550152		3544
329		9158		1554843		3559
330		9110		1559541		3549
331		9116		1564230		3559
332		9024		1568927		3525
333		9113		1573622		3531
334		9102		1578311		3545
335		9037		1583007		3577
336		9041		1587702		3548
337		8985		1592389		3541
338		9049		1597077		3549
339		9082		1601759		3551
340		9083		1606446		3519
341		9085		1611138		3522
342		9159		1615838		3501
343		9109		1620534		3478
344		9116		1625225		3572
345		8980		1629916		3577
346		9037		1634611		3555
347		9107		1639301		3545
348		8954		1643987		3555
349		9116		1648682		3541
350		9146		1653381		3514
351		9035		1658070		3563
352		9032		1662744		3559
353		9090		1667426		3553
354		9121		1672105		3498
355		9101		1676795		3516
356		9004		1681476		3552
357		9034		1686151		3545
358		9094		1690831		3539
359		8992		1695504		3566
360		9005		1700188		3566
361		9005		1704872		3469
362		9117		1709554		3533
363		9045		1714255		3590
364		9046		1718943		3522
365		9029		1723627		3587
366		8966		1728318		3540
367		8822		1732993		3527
368		8951		1737671		3601
369		9084		1742346		3557
370		8972		1747020		3557
371		8882		1751685		3530
372		8891		1756345		3515
373		9026		1761004		3545
374		8944		1765660		3504
375		8950		1770336		3541
376		8903		1775007		3476
377		8961		1779677		3525
378		8892		1784349		3562
379		8873		1789006		3574
380		8885		1793673		3540
381		8943		1798319		3538
382		8895		1802978		3509
383		8899		1807628		3516
384		8883		1812286		3526
385		8967		1816959		3508
386		9018		1821635		3567
387		9133		1826312		3533
388		9016		1830989		3519
389		8929		1835661		3521
390		8978		1840326		3493
391		8962		1844991		3544
392		8992		1849657		3573
393		8966		1854322		3557
394		8876		1858993		3521
395		8870		1863656		3533
396		8956		1868321		3525
397		9063		1872992		3576
398		9013		1877659		3555
399		9008		1882319		3509
400		8964		1886972		3518
401		8934		1891590		3553
402		8926		1896222		3499
403		8923		1900844		3525
404		8883		1905494		3510
405		8923		1910130		3550
406		8895		1914766		3522
407		8820		1919391		3536
408		8755		1924006		3471
409		8731		1928632		3530
410		8782		1933245		3502
411		8791		1937861		3508
412		8715		1942489		3510
413		8782		1947099		3506
414		8817		1951717		3485
415		8753		1956342		3536
416		8783		1960971		3545
417		8764		1965564		3491
418		8572		1970176		3557
419		8718		1974789		3533
420		8779		1979408		3550
421		8780		1984009		3516
422		8763		1988621		3549
423		8652		1993230		3526
424		8723		1997821		3528
425		8789		2002435		3537
426		8786		2007041		3527
427		8697		2011662		3537
428		8765		2016274		3553
429		8774		2020886		3589
430		8767		2025480		3578
431		8810		2030092		3551
432		8829		2034706		3478
433		8810		2039309		3582
434		8690		2043854		3531
435		8691		2048371		3609
436		8651		2052905		3526
437		8620		2057425		3497
438		8534		2061963		3521
439		8352		2066489		3529
440		8302		2070998		3499
441		8413		2075484		3553
442		8523		2080012		3536
443		8519		2084532		3555
444		8451		2089059		3540
445		8468		2093582		3499
446		8497		2098082		3565
447		8548		2102614		3528
448		8359		2107132		3518
449		8362		2111627		3542
450		8406		2116106		3527
451		8362		2120521		3525
452		8324		2124910		3519
453		8202		2129328		3550
454		8250		2133700		3553
455		8197		2138064		3546
456		8089		2142348		3501
457		8125		2146710		3592
458		8162		2151060		3533
459		8106		2155405		3547
460		8054		2159748		3535
461		7859		2164010		3521
462		7843		2168277		3528
463		7825		2172461		3535
464		7763		2176740		3540
465		7854		2180960		3519
466		7921		2185196		3542
467		7767		2189334		3476
468		7662		2193432		3515
469		7636		2197425		3533
470		7530		2201492		3551
471		7487		2205547		3529
472		7441		2209584		3566
473		7498		2213610		3568
474		7557		2217669		3559
475		7545		2221743		3530
476		7319		2225554		3540
477		7057		2229198		3506
478		6913		2232876		3583
479		6746		2236449		3535
480		6666		2239902		3577
481		6390		2243096		3546
482		6170		2246156		3572
483		5887		2249016		3529
484		5757		2251803		3573
485		5642		2254568		3572
486		5496		2257291		3549
487		5313		2259901		3511
488		5207		2262489		3507
489		4994		2264999		3539
490		4967		2267412		3523
491		4853		2269740		3520
492		4810		2272098		3511
493		4715		2274453		3501
494		4651		2276759		3532
495		4539		2279066		3521
496		4520		2281327		3528
497		4447		2283584		3511
498		4464		2285813		3522
499		4316		2288009		3561
500		4165		2290189		3534
501		3666		2291320		3559
502		3388		2292166		3567
503		3192		2292775		3530
504		3024		2293397		3516
505		2883		2293984		3520
506		2764		2294458		3518
507		2638		2294851		3537
508		2560		2295190		3516
509		2480		2295511		3508
510		2412		2295763		3520
511		2361		2296002		3518
512		2307		2296239		3526
513		2249		2296417		3527
514		2221		2296602		3513
515		2195		2296762		3518
516		2156		2296927		3523
517		2117		2297060		3519
518		2086		2297168		3506
519		2067		2297274		3521
520		2032		2297398		3522
521		2019		2297493		3514
522		2000		2297564		3520
523		1991		2297637		3524
524		1980		2297703		3520
525		1971		2297777		3523
526		1961		2297842		3525
527		1958		2297898		3520
528		1961		2297953		3521
529		1948		2298028		3528
530		1933		2298090		3522
531		1919		2298155		3529
532		1908		2298215		3526
533		1895		2298276		3531
534		1897		2298323		3528
535		1883		2298375		3532
536		1874		2298420		3528
537		1877		2298470		3534
538		1880		2298531		3526
539		1871		2298599		3533
540		1857		2298650		3527
541		1848		2298694		3526
542		1833		2298729		3532
543		1832		2298764		3531
544		1828		2298804		3530
545		1823		2298835		3527
546		1823		2298876		3531
547		1821		2298913		3525
548		1813		2298953		3528
549		1807		2298984		3526
550		1802		2299034		3529
551		1798		2299073		3527
552		1786		2299106		3532
553		1776		2299139		3531
554		1771		2299159		3529
555		1772		2299183		3530
556		1771		2299202		3539
557		1771		2299224		3539
558		1768		2299255		3535
559		1763		2299284		3534
560		1761		2299302		3535
561		1757		2299325		3537
562		1755		2299343		3534
563		1750		2299360		3538
564		1751		2299377		3537
565		1748		2299393		3530
566		1745		2299408		3532
567		1744		2299421		3529
568		1744		2299437		3528
569		1736		2299451		3529
570		1733		2299461		3530
571		1733		2299469		3529
572		1731		2299477		3530
573		1728		2299485		3529
574		1728		2299501		3530
575		1729		2299512		3530
576		1728		2299522		3531
577		1725		2299530		3528
578		1726		2299538		3529
579		1725		2299546		3531
580		1724		2299557		3527
581		1723		2299563		3528
582		1725		2299571		3530
583		1722		2299582		3531
584		1723		2299591		3528
585		1718		2299599		3527
586		1717		2299605		3529
587		1717		2299612		3527
588		1712		2299621		3525
589		1714		2299629		3530
590		1709		2299634		3530
591		1706		2299637		3530
592		1706		2299645		3527
593		1704		2299650		3528
594		1704		2299654		3528
595		1704		2299657		3529
596		1705		2299660		3529
597		1705		2299661		3528
598		1705		2299664		3529
599		1705		2299668		3529
600		1703		2299671		3527
601		1704		2299672		3527
602		1704		2299674		3527
603		1703		2299676		3528
604		1704		2299678		3527
605		1703		2299681		3527
606		1701		2299682		3529
607		1701		2299682		3529
608		1701		2299684		3529
609		1702		2299685		3529
610		1701		2299686		3529
611		1701		2299688		3529
612		1701		2299690		3529
613		1702		2299691		3529
614		1701		2299692		3529
615		1702		2299693		3529
616		1701		2299694		3529
617		1701		2299694		3529
618		1701		2299694		3529
619		1701		2299696		3529
620		1702		2299697		3529
621		1701		2299698		3529
622		1701		2299700		3529
623		1702		2299701		3529
624		1701		2299702		3529
625		1701		2299704		3529
626		1702		2299705		3529
627		1701		2299706		3529
628		1701		2299708		3530
629		1701		2299708		3530
630		1701		2299708		3530
631		1701		2299708		3530
632		1701		2299708		3530
633		1701		2299708		3530
634		1701		2299708		3530
635		1701		2299708		3530
636		1701		2299708		3530
637		1701		2299708		3530
638		1701		2299708		3530
639		1701		2299708		3530
640		1701		2299708		3530
641		1701		2299708		3530
642		1701		2299708		3530
643		1701		2299708		3530
644		1701		2299708		3530
645		1701		2299708		3530
646		1701		2299708		3530
647		1701		2299708		3530
648		1701		2299708		3530
649		1701		2299708		3530
650		1701		2299708		3530
651		1701		2299708		3530
652		1701		2299708		3530
653		1701		2299708		3530
654		1701		2299708		3530
655		1701		2299708		3530
656		1701		2299708		3530
657		1701		2299708		3530
658		1701		2299708		3530
659		1701		2299708		3530
660		1701		2299708		3530
661		1701		2299708		3530
662		1701		2299708		3530
663		1701		2299708		3530
664		1701		2299708		3530
665		1701		2299708		3530
666		1701		2299708		3530
667		1701		2299708		3530
668		1701		2299708		3530
669		1701		2299708		3530
670		1701		2299708		3530
671		1701		2299708		3530
672		1701		2299708		3530
673		1701		2299708		3530
674		1701		2299708		3530
675		1701		2299708		3530
676		1701		2299708		3530
677		1701		2299708		3530
678		1701		2299708		3530
679		1701		2299708		3530
680		1701		2299708		3530
681		1701		2299708		3530
682		1701		2299708		3530
683		1701		2299708		3530
684		1701		2299708		3530
685		1701		2299708		3530
686		1701		2299708		3530
687		1701		2299708		3530
688		1701		2299708		3530
689		1701		2299708		3530
690		1701		2299708		3530
691		1701		2299708		3530
692		1701		2299708		3530
693		1701		2299708		3530
694		1701		2299708		3530
695		1701		2299708		3530
696		1701		2299708		3530
697		1701		2299708		3530
698		1701		2299708		3530
699		1701		2299708		3530
700		1701		2299708		3530
701		1701		2299708		3530
702		1701		2299708		3530
703		1701		2299708		3530
704		1701		2299708		3530
705		1701		2299708		3530
706		1701		2299708		3530
707		1701		2299708		3530
708		1701		2299708		3530
709		1701		2299708		3530
710		1701		2299708		3530
711		1701		2299708		3530
712		1701		2299708		3530
713		1701		2299708		3530
714		1701		2299708		3530
715		1701		2299708		3530
716		1701		2299708		3530
717		1701		2299708		3530
718		1701		2299708		3530
719		1701		2299708		3530
720		1701		2299708		3530
721		1701		2299708		3530
722		1701		2299708		3530
723		1701		2299708		3530
724		1701		2299708		3530
725		1701		2299708		3530
726		1701		2299708		3530
727		1701		2299708		3530
728		1701		2299708		3530
729		1701		2299708		3530
730		1701		2299708		3530
731		1701		2299708		3530
732		1701		2299708		3530
733		1701		2299708		3530
734		1701		2299708		3530
735		1701		2299708		3530
736		1701		2299708		3530
737		1701		2299708		3530
738		1701		2299708		3530
739		1701		2299708		3530
740		1701		2299708		3530
741		1701		2299708		3530
742		1701		2299708		3530
743		1701		2299708		3530
744		1701		2299708		3530
745		1701		2299708		3530
746		1701		2299708		3530
747		1701		2299708		3530
748		1701		2299708		3530
749		1701		2299708		3530
750		1701		2299708		3530
751		1701		2299708		3530
752		1701		2299708		3530
753		1701		2299708		3530
754		1701		2299708		3530
755		1701		2299708		3530
756		1701		2299708		3530
757		1701		2299708		3530
758		1701		2299708		3530
759		1701		2299708		3530
760		1701		2299708		3530
761		1701		2299708		3530
762		1701		2299708		3530
763		1701		2299708		3530
764		1701		2299708		3530
765		1701		2299708		3530
766		1701		2299708		3530
767		1701		2299708		3530
768		1701		2299708		3530
769		1701		2299708		3530
770		1701		2299708		3530
771		1701		2299708		3530
772		1701		2299708		3530
773		1701		2299708		3530
774		1701		2299708		3530
775		1701		2299708		3530
776		1701		2299708		3530
777		1701		2299708		3530
778		1701		2299708		3530
779		1701		2299708		3530
780		1701		2299708		3530
781		1701		2299708		3530
782		1701		2299708		3530
783		1701		2299708		3530
784		1701		2299708		3530
785		1701		2299708		3530
786		1701		2299708		3530
787		1701		2299708		3530
788		1701		2299708		3530
789		1701		2299708		3530
790		1701		2299708		3530
791		1701		2299708		3530
792		1701		2299708		3530
793		1701		2299708		3530
794		1701		2299708		3530
795		1701		2299708		3530
796		1701		2299708		3530
797		1701		2299708		3530
798		1701		2299708		3530
799		1701		2299708		3530
800		1701		2299708		3530
801		1701		2299708		3530
802		1701		2299708		3530
803		1701		2299708		3530
804		1701		2299708		3530
805		1701		2299708		3530
806		1701		2299708		3530
807		1701		2299708		3530
808		1701		2299708		3530
809		1701		2299708		3530
810		1701		2299708		3530
811		1701		2299708		3530
812		1701		2299708		3530
813		1701		2299708		3530
814		1701		2299708		3530
815		1701		2299708		3530
816		1701		2299708		3530
817		1701		2299708		3530
818		1701		2299708		3530
819		1701		2299708		3530
820		1701		2299708		3530
821		1701		2299708		3530
822		1701		2299708		3530
823		1701		2299708		3530
824		1701		2299708		3530
825		1701		2299708		3530
826		1701		2299708		3530
827		1701		2299708		3530
828		1701		2299708		3530
829		1701		2299708		3530
830		1701		2299708		3530
831		1701		2299708		3530
832		1701		2299708		3530
833		1701		2299708		3530
834		1701		2299708		3530
835		1701		2299708		3530
836		1701		2299708		3530
837		1701		2299708		3530
838		1701		2299708		3530
839		1701		2299708		3530
840		1701		2299708		3530
841		1701		2299708		3530
842		1701		2299708		3530
843		1701		2299708		3530
844		1701		2299708		3530
845		1701		2299708		3530
846		1701		2299708		3530
847		1701		2299708		3530
848		1701		2299708		3530
849		1701		2299708		3530
850		1701		2299708		3530
851		1701		2299708		3530
852		1701		2299708		3530
853		1701		2299708		3530
854		1701		2299708		3530
855		1701		2299708		3530
856		1701		2299708		3530
857		1701		2299708		3530
858		1701		2299708		3530
859		1701		2299708		3530
860		1701		2299708		3530
861		1701		2299708		3530
862		1701		2299708		3530
863		1701		2299708		3530
864		1701		2299708		3530
865		1701		2299708		3530
866		1701		2299708		3530
867		1701		2299708		3530
868		1701		2299708		3530
869		1701		2299708		3530
870		1701		2299708		3530
871		1701		2299708		3530
872		1701		2299708		3530
873		1701		2299708		3530
874		1701		2299708		3530
875		1701		2299708		3530
876		1701		2299708		3530
877		1701		2299708		3530
878		1701		2299708		3530
879		1701		2299708		3530
880		1701		2299708		3530
881		1701		2299708		3530
882		1701		2299708		3530
883		1701		2299708		3530
884		1701		2299708		3530
885		1701		2299708		3530
886		1701		2299708		3530
887		1701		2299708		3530
888		1701		2299708		3530
889		1701		2299708		3530
890		1701		2299708		3530
891		1701		2299708		3530
892		1701		2299708		3530
893		1701		2299708		3530
894		1701		2299708		3530
895		1701		2299708		3530
896		1701		2299708		3530
897		1701		2299708		3530
898		1701		2299708		3530
899		1701		2299708		3530
900		1701		2299708		3530
901		1701		2299708		3530
902		1701		2299708		3530
903		1701		2299708		3530
904		1701		2299708		3530
905		1701		2299708		3530
906		1701		2299708		3530
907		1701		2299708		3530
908		1701		2299708		3530
909		1701		2299708		3530
910		1701		2299708		3530
911		1701		2299708		3530
912		1701		2299708		3530
913		1701		2299708		3530
914		1701		2299708		3530
915		1701		2299708		3530
916		1701		2299708		3530
917		1701		2299708		3530
918		1701		2299708		3530
919		1701		2299708		3530
920		1701		2299708		3530
921		1701		2299708		3530
922		1701		2299708		3530
923		1701		2299708		3530
924		1701		2299708		3530
925		1701		2299708		3530
926		1701		2299708		3530
927		1701		2299708		3530
928		1701		2299708		3530
929		1701		2299708		3530
930		1701		2299708		3530
931		1701		2299708		3530
932		1701		2299708		3530
933		1701		2299708		3530
934		1701		2299708		3530
935		1701		2299708		3530
936		1701		2299708		3530
937		1701		2299708		3530
938		1701		2299708		3530
939		1701		2299708		3530
940		1701		2299708		3530
941		1701		2299708		3530
942		1701		2299708		3530
943		1701		2299708		3530
944		1701		2299708		3530
945		1701		2299708		3530
946		1701		2299708		3530
947		1701		2299708		3530
948		1701		2299708		3530
949		1701		2299708		3530
950		1701		2299708		3530
951		1701		2299708		3530
952		1701		2299708		3530
953		1701		2299708		3530
954		1701		2299708		3530
955		1701		2299708		3530
956		1701		2299708		3530
957		1701		2299708		3530
958		1701		2299708		3530
959		1701		2299708		3530
960		1701		2299708		3530
961		1701		2299708		3530
962		1701		2299708		3530
963		1701		2299708		3530
964		1701		2299708		3530
965		1701		2299708		3530
966		1701		2299708		3530
967		1701		2299708		3530
968		1701		2299708		3530
969		1701		2299708		3530
970		1701		2299708		3530
971		1701		2299708		3530
972		1701		2299708		3530
973		1701		2299708		3530
974		1701		2299708		3530
975		1701		2299708		3530
976		1701		2299708		3530
977		1701		2299708		3530
978		1701		2299708		3530
979		1701		2299708		3530
980		1701		2299708		3530
981		1701		2299708		3530
982		1701		2299708		3530
983		1701		2299708		3530
984		1701		2299708		3530
985		1701		2299708		3530
986		1701		2299708		3530
987		1701		2299708		3530
988		1701		2299708		3530
989		1701		2299708		3530
990		1701		2299708		3530
991		1701		2299708		3530
992		1701		2299708		3530
993		1701		2299708		3530
994		1701		2299708		3530
995		1701		2299708		3530
996		1701		2299708		3530
997		1701		2299708		3530
998		1701		2299708		3530
999		1701		2299708		3530
