# Migration is number of nodes that have changed color.

Round		Edge-Cut		Swaps		Migrations		Skipped
0		9081		4544		3254
1		8567		8795		3291
2		8037		12784		3323
3		7692		16500		3418
4		7251		20111		3454
5		6946		23512		3499
6		6732		26798		3457
7		6516		29932		3465
8		6433		33041		3523
9		6308		36052		3468
10		6181		39012		3505
11		6063		41963		3477
12		5941		44831		3491
13		5831		47638		3503
14		5635		50390		3517
15		5518		52995		3462
16		5402		55624		3492
17		5264		58194		3506
18		5240		60724		3509
19		5029		63262		3503
20		4955		65632		3519
21		4955		67946		3511
22		4810		70329		3478
23		4776		72657		3461
24		4634		74976		3497
25		4633		77232		3472
26		4649		79545		3485
27		4524		81896		3485
28		4490		84187		3499
29		4509		86409		3477
30		4476		88636		3512
31		4291		90964		3474
32		4244		93117		3456
33		4164		95331		3475
34		4048		97447		3487
35		4007		99536		3462
36		3953		101563		3543
37		3929		103644		3480
38		3865		105711		3518
39		3850		107661		3512
40		3707		109615		3530
41		3677		111468		3524
42		3723		113438		3524
43		3748		115343		3530
44		3719		117161		3541
45		3728		119085		3514
46		3736		120925		3477
47		3692		122905		3502
48		3649		124877		3496
49		3601		126800		3488
50		3643		128642		3454
51		3651		130459		3475
52		3597		132375		3482
53		3608		134262		3511
54		3490		136115		3504
55		3401		137932		3511
56		3372		139606		3508
57		3350		141417		3499
58		3440		143146		3520
59		3450		145044		3512
60		3368		146894		3520
61		3405		148735		3525
62		3410		150494		3527
63		3367		152358		3552
64		3301		154076		3484
65		3316		155833		3498
66		3299		157552		3485
67		3272		159321		3511
68		3209		161113		3525
69		3264		162937		3490
70		3146		164665		3507
71		3066		166449		3485
72		3051		168123		3507
73		2960		169896		3536
74		2996		171525		3527
75		2974		173112		3520
76		2956		174739		3502
77		2937		176278		3533
78		2933		177923		3507
79		2896		179577		3520
80		2838		181060		3534
81		2809		182619		3525
82		2755		184114		3538
83		2680		185558		3510
84		2719		186964		3503
85		2785		188417		3503
86		2708		189952		3528
87		2775		191548		3536
88		2756		193158		3545
89		2715		194772		3559
90		2635		196347		3550
91		2648		197941		3540
92		2583		199380		3535
93		2581		200787		3548
94		2551		202369		3542
95		2463		203767		3557
96		2519		205084		3564
97		2569		206468		3561
98		2536		207992		3547
99		2547		209427		3556
100		2522		210812		3541
101		2535		212236		3546
102		2584		213687		3567
103		2557		215138		3561
104		2559		216615		3556
105		2473		217986		3561
106		2466		219341		3557
107		2483		220692		3528
108		2532		222121		3533
109		2522		223581		3540
110		2498		225027		3531
111		2550		226499		3557
112		2472		227961		3508
113		2452		229420		3552
114		2443		230748		3533
115		2367		231988		3544
116		2394		233215		3535
117		2482		234573		3541
118		2413		235952		3535
119		2410		237326		3546
120		2438		238597		3546
121		2380		239898		3554
122		2389		241279		3554
123		2429		242676		3544
124		2403		243999		3548
125		2421		245377		3532
126		2458		246749		3524
127		2359		248156		3545
128		2436		249539		3508
129		2416		250945		3517
130		2359		252224		3527
131		2312		253555		3535
132		2327		254889		3532
133		2359		256114		3491
134		2367		257337		3499
135		2360		258685		3492
136		2408		260029		3527
137		2419		261373		3540
138		2435		262719		3512
139		2396		264150		3500
140		2411		265547		3522
141		2301		266927		3519
142		2269		268169		3529
143		2291		269482		3517
144		2366		270788		3510
145		2318		272110		3491
146		2346		273405		3511
147		2338		274705		3520
148		2326		276063		3531
149		2338		277383		3518
150		2343		278746		3545
151		2339		280176		3514
152		2367		281627		3539
153		2353		283069		3537
154		2313		284480		3535
155		2334		285883		3512
156		2317		287239		3525
157		2381		288683		3531
158		2353		290080		3529
159		2347		291498		3519
160		2331		292903		3523
161		2277		294250		3519
162		2336		295574		3508
163		2346		296954		3512
164		2310		298365		3502
165		2252		299657		3501
166		2273		301005		3508
167		2287		302428		3524
168		2230		303748		3500
169		2246		305061		3511
170		2194		306252		3515
171		2284		307511		3499
172		2285		308791		3527
173		2269		310090		3486
174		2297		311439		3509
175		2294		312788		3528
176		2255		314111		3532
177		2308		315497		3523
178		2284		316929		3515
179		2224		318253		3523
180		2279		319548		3535
181		2229		320876		3525
182		2330		322187		3518
183		2368		323621		3536
184		2289		324952		3526
185		2313		326390		3528
186		2232		327708		3532
187		2250		328985		3525
188		2251		330328		3503
189		2281		331565		3501
190		2287		332986		3520
191		2262		334344		3513
192		2226		335659		3496
193		2213		336910		3521
194		2189		338147		3528
195		2270		339521		3527
196		2251		340852		3522
197		2220		342053		3529
198		2221		343352		3518
199		2195		344583		3523
200		2282		345912		3536
201		2327		347310		3522
202		2317		348747		3531
203		2231		350106		3525
204		2211		351383		3512
205		2287		352781		3553
206		2333		354187		3548
207		2293		355694		3537
208		2281		357086		3528
209		2303		358509		3522
210		2319		359909		3507
211		2288		361303		3515
212		2270		362676		3521
213		2265		363989		3520
214		2291		365364		3530
215		2362		366752		3513
216		2313		368140		3541
217		2299		369600		3545
218		2317		371030		3539
219		2355		372312		3537
220		2321		373745		3538
221		2359		375156		3548
222		2285		376509		3520
223		2252		377759		3530
224		2254		379009		3547
225		2308		380431		3553
226		2299		381837		3543
227		2256		383155		3534
228		2297		384456		3541
229		2332		385858		3532
230		2298		387257		3548
231		2275		388589		3539
232		2326		389920		3550
233		2264		391205		3524
234		2307		392612		3544
235		2259		393809		3541
236		2216		395103		3543
237		2267		396444		3551
238		2283		397786		3544
239		2257		399122		3569
240		2242		400502		3549
241		2227		401856		3565
242		2237		403249		3558
243		2236		404570		3577
244		2208		405776		3542
245		2243		407019		3575
246		2237		408405		3577
247		2219		409651		3564
248		2248		411031		3558
249		2180		412398		3566
250		2176		413665		3551
251		2153		414945		3538
252		2143		416175		3523
253		2162		417514		3550
254		2090		418863		3564
255		2150		420145		3578
256		2098		421309		3553
257		2099		422428		3588
258		2117		423591		3569
259		2100		424793		3562
260		2108		425931		3563
261		2113		427095		3541
262		2096		428361		3545
263		2124		429593		3533
264		2134		430731		3556
265		2149		432042		3532
266		2068		433207		3543
267		2048		434431		3545
268		2056		435609		3548
269		2087		436827		3551
270		2124		437957		3553
271		2106		439202		3545
272		2066		440441		3557
273		2117		441640		3568
274		2095		442815		3562
275		2064		444019		3566
276		2065		445182		3553
277		2101		446282		3552
278		2094		447418		3580
279		2123		448613		3554
280		2100		449754		3576
281		2050		450822		3563
282		2086		451973		3583
283		2122		453174		3562
284		2108		454248		3569
285		2070		455502		3563
286		2071		456613		3566
287		2120		457645		3572
288		2109		458858		3567
289		2162		460020		3589
290		2159		461251		3606
291		2150		462460		3574
292		2125		463596		3576
293		2075		464728		3562
294		2099		465912		3588
295		2093		467086		3591
296		2133		468246		3582
297		2159		469445		3575
298		2096		470671		3571
299		2122		471847		3565
300		2161		473110		3551
301		2229		474518		3557
302		2210		475849		3561
303		2171		477116		3567
304		2183		478328		3578
305		2163		479567		3576
306		2156		480782		3570
307		2202		482051		3580
308		2190		483441		3569
309		2224		484833		3550
310		2229		486083		3572
311		2235		487353		3531
312		2252		488726		3576
313		2258		490269		3570
314		2267		491594		3592
315		2241		492876		3582
316		2238		494242		3565
317		2184		495618		3551
318		2211		496888		3552
319		2206		498191		3555
320		2122		499528		3579
321		2169		500749		3573
322		2186		501995		3585
323		2202		503267		3578
324		2174		504559		3560
325		2292		505899		3582
326		2223		507115		3583
327		2205		508359		3603
328		2206		509671		3603
329		2188		510881		3573
330		2167		512115		3570
331		2176		513363		3571
332		2187		514679		3586
333		2240		515894		3585
334		2266		517230		3558
335		2218		518580		3576
336		2237		519903		3589
337		2242		521246		3602
338		2255		522726		3590
339		2295		523996		3587
340		2219		525300		3578
341		2247		526538		3575
342		2301		527909		3600
343		2208		529208		3598
344		2237		530460		3611
345		2262		531726		3593
346		2261		532951		3596
347		2224		534222		3579
348		2180		535470		3587
349		2254		536725		3598
350		2269		537983		3587
351		2289		539337		3579
352		2315		540670		3553
353		2311		542001		3560
354		2323		543269		3575
355		2278		544776		3544
356		2268		546139		3548
357		2206		547522		3566
358		2179		548837		3574
359		2204		550100		3565
360		2097		551357		3575
361		2125		552706		3549
362		2094		553806		3559
363		2202		555031		3573
364		2186		556241		3570
365		2195		557425		3572
366		2250		558836		3566
367		2214		560004		3575
368		2211		561350		3570
369		2196		562572		3546
370		2228		563879		3546
371		2183		565248		3555
372		2215		566514		3557
373		2190		567817		3552
374		2193		569124		3573
375		2182		570403		3557
376		2163		571676		3549
377		2196		572958		3541
378		2169		574262		3571
379		2161		575609		3574
380		2172		576930		3575
381		2178		578239		3555
382		2205		579505		3561
383		2199		580912		3537
384		2192		582275		3569
385		2162		583584		3555
386		2169		584872		3572
387		2122		586170		3537
388		2088		587310		3567
389		2148		588507		3544
390		2142		589696		3553
391		2088		590904		3546
392		2060		591994		3567
393		2085		593177		3563
394		2113		594387		3568
395		2204		595697		3563
396		2250		597052		3540
397		2245		598317		3539
398		2287		599591		3556
399		2265		600955		3569
400		2281		602417		3561
401		2295		603685		3594
402		2294		605104		3578
403		2339		606507		3573
404		2308		607924		3560
405		2298		609367		3571
406		2285		610757		3547
407		2209		612034		3598
408		2230		613281		3566
409		2281		614654		3542
410		2286		616063		3544
411		2306		617517		3561
412		2247		618918		3556
413		2214		620229		3566
414		2224		621543		3581
415		2230		622894		3568
416		2236		624310		3578
417		2235		625644		3556
418		2241		627021		3588
419		2182		628365		3565
420		2259		629850		3555
421		2181		631217		3542
422		2241		632652		3549
423		2261		634094		3557
424		2220		635474		3579
425		2194		636730		3555
426		2182		638105		3552
427		2182		639558		3574
428		2173		640774		3524
429		2134		642152		3557
430		2210		643504		3566
431		2197		644843		3534
432		2154		646131		3556
433		2180		647470		3549
434		2221		648840		3570
435		2199		650363		3561
436		2205		651726		3574
437		2176		653033		3575
438		2130		654230		3579
439		2213		655587		3573
440		2174		657056		3572
441		2195		658447		3598
442		2152		659837		3589
443		2094		661174		3559
444		2047		662432		3561
445		2032		663639		3573
446		2089		664833		3531
447		2055		666150		3540
448		2021		667303		3528
449		2017		668545		3521
450		2019		669923		3525
451		2006		671145		3544
452		1973		672410		3543
453		1949		673516		3551
454		1911		674684		3520
455		1937		675889		3512
456		1967		676925		3521
457		1962		678189		3541
458		1952		679351		3550
459		1931		680641		3526
460		1879		681712		3532
461		1942		682783		3524
462		1934		683844		3523
463		1963		685005		3520
464		1933		686188		3503
465		2057		687378		3503
466		2056		688610		3506
467		2086		689842		3525
468		2068		691120		3509
469		1984		692239		3551
470		1949		693428		3540
471		1980		694604		3516
472		1994		695836		3546
473		2037		697068		3537
474		2009		698236		3528
475		2032		699451		3498
476		2113		700749		3520
477		2122		702051		3517
478		2103		703323		3534
479		2087		704556		3527
480		2089		705777		3533
481		2081		706960		3546
482		2120		708187		3533
483		2132		709410		3529
484		2086		710645		3541
485		2168		711846		3545
486		2115		713170		3550
487		2059		714468		3524
488		2113		715688		3537
489		2055		716868		3541
490		2125		718146		3540
491		2146		719416		3564
492		2143		720694		3545
493		2079		722035		3532
494		2156		723319		3557
495		2165		724642		3537
496		2191		725900		3515
497		2170		727198		3537
498		2227		728538		3544
499		2216		729796		3538
500		2226		731146		3547
501		2224		732464		3535
502		2165		733789		3538
503		2169		735156		3546
504		2216		736460		3534
505		2269		737811		3542
506		2181		739092		3543
507		2129		740284		3556
508		2166		741654		3550
509		2136		742944		3532
510		2179		744188		3535
511		2190		745455		3547
512		2125		746681		3512
513		2208		748078		3537
514		2245		749513		3520
515		2267		750981		3556
516		2275		752301		3522
517		2271		753733		3554
518		2272		755045		3546
519		2253		756516		3534
520		2222		757943		3530
521		2206		759381		3527
522		2234		760723		3568
523		2219		762136		3528
524		2186		763479		3518
525		2172		764892		3501
526		2182		766186		3513
527		2209		767436		3539
528		2227		768698		3523
529		2189		770099		3512
530		2215		771400		3520
531		2192		772704		3536
532		2180		773998		3530
533		2223		775296		3563
534		2215		776776		3523
535		2183		778103		3549
536		2132		779396		3538
537		2095		780637		3528
538		2113		781950		3559
539		2123		783254		3529
540		2068		784484		3549
541		2064		785797		3539
542		2041		787034		3558
543		2046		788287		3537
544		2094		789553		3547
545		2096		790815		3534
546		2069		791891		3540
547		2085		793130		3541
548		2045		794321		3536
549		2056		795498		3567
550		2008		796717		3545
551		2011		798001		3547
552		2020		799334		3536
553		1995		800421		3554
554		2003		801587		3533
555		2023		802841		3523
556		2012		804014		3538
557		2027		805231		3537
558		2021		806438		3535
559		2029		807687		3543
560		1983		808884		3548
561		2016		810026		3526
562		2012		811279		3528
563		2002		812486		3540
564		2061		813738		3550
565		2014		814983		3563
566		2014		816199		3570
567		1979		817491		3525
568		1971		818635		3539
569		1997		819827		3553
570		1978		820948		3527
571		1957		822146		3567
572		1990		823343		3559
573		1910		824504		3520
574		1968		825680		3555
575		2057		826903		3574
576		2043		828102		3548
577		2058		829280		3525
578		2024		830539		3544
579		2020		831808		3523
580		2062		832968		3541
581		2083		834123		3576
582		2055		835362		3533
583		2041		836615		3521
584		2050		837901		3524
585		2080		839154		3517
586		2069		840532		3511
587		2064		841741		3545
588		2035		843013		3528
589		1996		844222		3531
590		2027		845495		3520
591		2033		846662		3535
592		2016		847932		3549
593		2049		849131		3526
594		2007		850349		3554
595		2020		851501		3533
596		2002		852800		3538
597		2033		854017		3540
598		2029		855285		3513
599		2004		856487		3528
600		1997		857666		3531
601		2042		858869		3557
602		1984		860042		3534
603		1942		861280		3519
604		1998		862448		3536
605		1958		863658		3528
606		2007		864863		3528
607		1952		866085		3547
608		1993		867297		3532
609		1995		868539		3538
610		1976		869743		3529
611		1973		870965		3512
612		2016		872325		3533
613		2001		873572		3552
614		1999		874845		3548
615		1997		876102		3537
616		2014		877336		3550
617		2001		878528		3537
618		1997		879739		3527
619		1990		881043		3517
620		1962		882238		3505
621		1930		883434		3516
622		1977		884678		3547
623		2025		885915		3525
624		2051		887052		3515
625		2007		888417		3520
626		2061		889717		3536
627		2052		891066		3519
628		2054		892287		3531
629		2068		893611		3534
630		2051		894882		3552
631		2059		896183		3528
632		2098		897403		3527
633		2091		898834		3515
634		2059		900123		3531
635		1977		901303		3540
636		2002		902545		3553
637		2021		903787		3558
638		2020		904919		3538
639		2060		906169		3545
640		2043		907431		3519
641		2036		908610		3520
642		1997		909832		3545
643		2006		910983		3553
644		2059		912311		3544
645		2082		913610		3554
646		2104		914898		3526
647		2032		916221		3533
648		2043		917450		3524
649		2026		918731		3562
650		2006		920033		3522
651		2008		921328		3560
652		2030		922640		3558
653		2004		923834		3534
654		1969		925069		3566
655		2008		926305		3546
656		1997		927521		3579
657		1947		928643		3558
658		1981		929795		3531
659		1962		930986		3544
660		1909		932014		3545
661		1947		933106		3518
662		1977		934288		3544
663		1972		935470		3551
664		1935		936525		3564
665		1914		937680		3557
666		1887		938715		3518
667		1913		939822		3545
668		1898		940958		3526
669		1904		942032		3546
670		1904		943226		3534
671		1896		944291		3537
672		1958		945511		3542
673		2000		946743		3544
674		2000		947894		3572
675		2005		949099		3553
676		1972		950242		3538
677		2009		951461		3567
678		2004		952679		3567
679		2021		953957		3566
680		1991		955123		3559
681		1997		956272		3568
682		1992		957427		3562
683		1998		958559		3554
684		2070		959658		3589
685		2085		960912		3577
686		2042		962166		3569
687		2037		963323		3551
688		2005		964545		3547
689		2030		965719		3560
690		2047		966951		3561
691		2020		968195		3542
692		2028		969366		3549
693		2047		970542		3559
694		2051		971801		3529
695		2049		973019		3551
696		2088		974178		3567
697		2172		975463		3558
698		2142		976845		3549
699		2153		978096		3565
700		2182		979432		3549
701		2248		980832		3559
702		2233		982139		3560
703		2265		983569		3551
704		2269		984889		3561
705		2284		986345		3556
706		2239		987724		3577
707		2198		989074		3544
708		2241		990453		3533
709		2198		991792		3550
710		2286		993154		3557
711		2301		994554		3556
712		2293		995946		3563
713		2300		997309		3543
714		2273		998731		3560
715		2291		1000128		3581
716		2350		1001568		3545
717		2346		1003124		3555
718		2305		1004629		3576
719		2358		1006155		3560
720		2286		1007618		3586
721		2281		1008987		3568
722		2258		1010372		3569
723		2231		1011761		3551
724		2241		1013219		3549
725		2246		1014620		3556
726		2210		1016047		3574
727		2187		1017481		3573
728		2143		1018796		3549
729		2072		1020091		3568
730		2043		1021458		3571
731		2059		1022687		3564
732		2034		1024001		3559
733		2063		1025276		3559
734		2045		1026584		3568
735		1969		1027863		3562
736		1998		1029068		3580
737		2012		1030237		3529
738		1982		1031510		3533
739		1999		1032658		3540
740		1987		1033886		3554
741		2012		1035093		3544
742		1980		1036174		3542
743		2032		1037384		3546
744		2015		1038692		3554
745		2027		1039889		3556
746		2016		1041172		3550
747		2036		1042399		3563
748		2055		1043683		3549
749		2024		1044954		3558
750		2034		1046218		3540
751		2025		1047457		3548
752		2017		1048638		3534
753		2047		1049929		3543
754		2036		1051288		3505
755		2006		1052551		3547
756		1972		1053872		3547
757		1954		1055066		3546
758		2000		1056414		3527
759		2025		1057546		3535
760		2014		1058942		3558
761		2023		1060235		3514
762		2008		1061509		3535
763		1963		1062916		3536
764		1947		1064174		3523
765		1903		1065252		3536
766		1887		1066434		3539
767		1862		1067460		3549
768		1815		1068546		3521
769		1810		1069610		3550
770		1822		1070648		3529
771		1852		1071750		3535
772		1879		1073016		3506
773		1863		1074118		3516
774		1868		1075166		3532
775		1868		1076290		3545
776		1869		1077423		3547
777		1859		1078536		3523
778		1914		1079718		3535
779		1904		1080864		3519
780		1975		1082073		3519
781		1887		1083251		3519
782		1881		1084365		3498
783		1888		1085416		3526
784		1860		1086530		3509
785		1844		1087645		3505
786		1893		1088770		3506
787		1829		1089902		3501
788		1859		1091047		3496
789		1927		1092119		3500
790		1882		1093367		3510
791		1909		1094509		3510
792		1937		1095692		3481
793		1950		1096871		3517
794		1962		1098100		3510
795		2004		1099320		3503
796		1962		1100567		3520
797		1946		1101849		3498
798		1919		1103127		3492
799		1883		1104392		3497
800		1879		1105498		3500
801		1875		1106701		3500
802		1892		1107925		3506
803		1883		1109113		3529
804		1845		1110279		3528
805		1857		1111457		3533
806		1887		1112541		3530
807		1903		1113647		3530
808		1924		1114827		3506
809		1867		1116046		3521
810		1833		1117176		3525
811		1835		1118370		3520
812		1866		1119385		3500
813		1897		1120550		3508
814		1947		1121698		3537
815		1940		1122866		3524
816		1945		1124103		3514
817		1967		1125442		3515
818		1951		1126678		3525
819		1980		1127925		3528
820		1953		1129196		3521
821		1951		1130462		3525
822		1941		1131698		3537
823		1986		1132758		3547
824		1973		1134016		3530
825		1938		1135267		3529
826		1959		1136515		3523
827		1961		1137712		3541
828		1958		1138967		3563
829		1974		1140144		3523
830		2030		1141298		3519
831		2040		1142562		3520
832		2011		1143835		3531
833		2036		1145003		3524
834		2019		1146299		3528
835		2038		1147523		3512
836		2008		1148878		3498
837		1962		1150010		3508
838		1933		1151117		3522
839		1948		1152230		3517
840		1982		1153365		3514
841		1947		1154572		3539
842		1929		1155718		3515
843		1939		1156846		3519
844		1916		1157963		3509
845		1911		1158967		3531
846		1869		1160094		3503
847		1903		1161104		3526
848		1982		1162277		3525
849		1965		1163431		3518
850		1980		1164701		3543
851		1951		1165844		3539
852		1939		1166951		3540
853		1955		1168189		3552
854		1915		1169394		3541
855		1970		1170515		3545
856		1972		1171682		3513
857		2013		1172915		3524
858		2006		1174082		3510
859		2033		1175272		3520
860		1946		1176464		3517
861		1958		1177551		3529
862		2041		1178757		3547
863		2071		1179922		3521
864		2056		1181122		3523
865		2042		1182350		3558
866		1993		1183604		3556
867		1964		1184672		3530
868		2021		1185981		3548
869		2035		1187045		3537
870		2063		1188267		3524
871		2053		1189509		3525
872		2050		1190753		3546
873		2020		1192053		3537
874		2002		1193190		3543
875		1959		1194336		3542
876		1958		1195546		3524
877		1927		1196686		3516
878		2022		1197938		3530
879		2013		1199165		3535
880		1950		1200370		3546
881		1947		1201529		3532
882		1936		1202776		3533
883		1951		1203926		3515
884		1954		1205132		3537
885		1914		1206266		3564
886		1954		1207427		3563
887		1975		1208620		3520
888		1978		1209707		3527
889		1986		1210889		3545
890		1980		1212063		3535
891		2023		1213187		3524
892		2004		1214346		3542
893		2034		1215530		3520
894		2022		1216784		3528
895		1986		1218037		3551
896		1971		1219189		3520
897		1991		1220332		3581
898		1954		1221596		3551
899		1978		1222740		3530
900		1932		1223838		3537
901		1899		1224900		3551
902		1929		1226166		3562
903		1901		1227230		3559
904		1887		1228298		3557
905		1977		1229499		3550
906		1944		1230646		3540
907		1926		1231837		3557
908		1967		1232991		3563
909		2010		1234178		3549
910		1985		1235338		3545
911		1953		1236501		3541
912		1952		1237619		3527
913		1976		1238739		3535
914		2008		1239907		3558
915		2037		1241160		3550
916		2005		1242482		3561
917		2015		1243635		3558
918		1988		1244777		3549
919		2024		1245992		3554
920		2083		1247242		3571
921		2077		1248477		3539
922		2062		1249676		3569
923		2065		1250975		3535
924		2066		1252353		3539
925		2089		1253679		3545
926		2084		1254853		3551
927		2043		1256054		3541
928		2080		1257314		3557
929		2028		1258496		3550
930		2078		1259800		3555
931		2098		1261140		3519
932		2077		1262554		3530
933		2077		1263862		3551
934		2091		1265050		3568
935		2108		1266310		3564
936		2095		1267555		3558
937		2070		1268845		3568
938		2047		1270026		3574
939		1992		1271164		3556
940		2001		1272300		3562
941		2048		1273478		3546
942		2047		1274657		3552
943		2061		1275762		3549
944		2025		1276979		3550
945		2033		1278222		3533
946		1995		1279361		3558
947		2040		1280600		3558
948		2058		1281905		3548
949		2025		1283047		3548
950		2039		1284279		3566
951		2062		1285431		3563
952		2083		1286729		3558
953		2088		1287980		3552
954		2108		1289224		3541
955		2082		1290409		3545
956		2052		1291730		3539
957		2027		1292922		3541
958		1992		1294052		3553
959		2008		1295132		3574
960		2027		1296276		3569
961		2006		1297537		3554
962		1963		1298635		3553
963		1975		1299835		3555
964		1925		1300911		3550
965		1911		1301928		3549
966		1931		1303153		3553
967		1874		1304315		3561
968		1939		1305312		3543
969		1889		1306393		3543
970		1872		1307415		3542
971		1879		1308584		3544
972		1918		1309733		3549
973		1901		1310918		3556
974		1958		1311920		3546
975		1977		1313043		3530
976		2014		1314243		3533
977		2020		1315418		3541
978		2024		1316631		3525
979		2040		1317871		3521
980		2021		1319066		3550
981		2012		1320256		3521
982		2027		1321449		3543
983		2009		1322600		3526
984		1972		1323703		3526
985		2010		1324797		3541
986		2035		1325882		3515
987		2043		1327028		3523
988		2075		1328291		3518
989		2120		1329573		3538
990		2150		1330770		3563
991		2190		1332085		3540
992		2162		1333599		3532
993		2163		1334914		3513
994		2192		1336296		3525
995		2186		1337684		3518
996		2168		1338968		3515
997		2147		1340349		3527
998		2175		1341576		3522
999		2171		1342888		3534
