# Migration is number of nodes that have changed color.

Round		Edge-Cut		Swaps		Migrations		Skipped		ExecutionTime 
0		4433		2317		1221		160
1		4025		4387		1400		178
2		3787		6356		1474		197
3		3596		8261		1507		210
4		3491		10098		1533		220
5		3402		11911		1542		230
6		3324		13683		1606		238
7		3281		15444		1648		246
8		3183		17185		1650		257
9		3153		18897		1673		265
10		3089		20558		1674		273
11		3034		22236		1669		282
12		2967		23827		1690		290
13		2893		25447		1711		298
14		2856		27019		1726		305
15		2825		28599		1757		312
16		2808		30157		1768		319
17		2779		31685		1759		325
18		2743		33184		1760		331
19		2722		34655		1754		337
20		2716		36137		1783		349
21		2699		37628		1783		353
22		2664		39127		1760		357
23		2657		40582		1744		361
24		2635		42026		1780		365
25		2645		43477		1750		370
26		2615		44940		1785		375
27		2617		46353		1787		379
28		2590		47779		1800		382
29		2595		49193		1797		386
30		2597		50607		1784		390
31		2578		51994		1812		394
32		2579		53404		1805		398
33		2560		54772		1808		402
34		2552		56137		1796		406
35		2574		57549		1817		411
36		2569		58899		1802		415
37		2551		60271		1797		418
38		2561		61611		1811		424
39		2561		62947		1800		428
40		2538		64294		1792		432
41		2542		65646		1791		437
42		2534		67005		1779		443
43		2536		68369		1785		448
44		2541		69688		1806		453
45		2551		71015		1811		457
46		2542		72364		1820		461
47		2536		73719		1800		466
48		2539		75059		1806		470
49		2547		76367		1819		478
50		2561		77709		1800		482
51		2568		79063		1816		485
52		2544		80408		1798		489
53		2524		81738		1810		493
54		2514		83068		1807		499
55		2517		84392		1798		503
56		2510		85729		1789		506
57		2512		87024		1793		510
58		2517		88332		1784		514
59		2516		89640		1777		517
60		2521		90930		1770		521
61		2498		92243		1786		525
62		2493		93533		1792		531
63		2464		94826		1800		537
64		2433		96094		1816		541
65		2449		97369		1819		545
66		2438		98661		1817		549
67		2443		99917		1787		552
68		2444		101197		1814		556
69		2454		102442		1788		561
70		2450		103723		1796		564
71		2459		105000		1777		568
72		2444		106266		1780		572
73		2446		107545		1790		575
74		2429		108845		1787		579
75		2433		110111		1794		585
76		2456		111416		1806		591
77		2461		112666		1808		596
78		2472		113951		1829		604
79		2456		115221		1811		607
80		2459		116506		1812		611
81		2454		117765		1803		615
82		2456		119027		1819		620
83		2456		120289		1819		625
84		2468		121578		1832		629
85		2475		122869		1805		632
86		2464		124106		1800		636
87		2458		125363		1798		640
88		2459		126617		1814		643
89		2446		127852		1829		647
90		2434		129102		1819		653
91		2441		130365		1800		657
92		2427		131629		1767		660
93		2428		132886		1765		664
94		2405		134145		1773		667
95		2406		135392		1790		671
96		2388		136632		1785		674
97		2398		137856		1789		679
98		2370		139091		1812		684
99		2361		140291		1811		688
100		2360		141495		1805		691
101		2348		142696		1797		694
102		2333		143893		1791		698
103		2332		145061		1797		702
104		2320		146230		1800		705
105		2347		147407		1787		709
106		2362		148596		1805		717
107		2354		149752		1794		720
108		2367		150971		1809		724
109		2367		152165		1812		727
110		2381		153366		1788		731
111		2373		154556		1802		734
112		2369		155772		1792		738
113		2367		156964		1797		742
114		2338		158150		1811		746
115		2329		159344		1806		749
116		2334		160558		1811		753
117		2320		161723		1816		757
118		2319		162860		1806		760
119		2317		164022		1805		764
120		2330		165193		1804		768
121		2312		166370		1782		772
122		2326		167521		1801		777
123		2313		168658		1792		781
124		2337		169835		1814		784
125		2332		170997		1810		788
126		2329		172167		1817		792
127		2324		173331		1820		796
128		2325		174524		1798		799
129		2327		175667		1792		804
130		2317		176835		1788		809
131		2314		177979		1782		812
132		2329		179132		1775		816
133		2307		180272		1786		820
134		2305		181407		1769		823
135		2331		182591		1782		827
136		2321		183758		1819		830
137		2316		184905		1806		836
138		2323		186060		1813		842
139		2302		187228		1810		846
140		2309		188386		1806		850
141		2302		189508		1806		853
142		2314		190667		1806		858
143		2313		191824		1818		863
144		2315		192957		1812		869
145		2302		194106		1814		874
146		2298		195234		1807		878
147		2309		196386		1800		882
148		2318		197545		1794		886
149		2317		198679		1813		891
150		2330		199813		1805		895
151		2332		200963		1794		900
152		2321		202113		1788		905
153		2326		203298		1799		910
154		2344		204477		1810		914
155		2333		205640		1798		918
156		2350		206823		1776		922
157		2358		208032		1795		927
158		2386		209224		1805		933
159		2356		210410		1806		937
160		2391		211617		1803		941
161		2387		212839		1806		945
162		2372		214061		1810		950
163		2379		215295		1818		954
164		2365		216495		1818		963
165		2367		217699		1808		967
166		2362		218886		1790		970
167		2351		220096		1806		974
168		2355		221275		1809		977
169		2370		222475		1829		981
170		2369		223680		1818		984
171		2369		224836		1819		989
172		2351		225975		1825		994
173		2344		227145		1802		997
174		2349		228316		1823		1001
175		2343		229510		1815		1005
176		2328		230683		1827		1008
177		2353		231859		1821		1012
178		2336		233019		1812		1015
179		2332		234194		1828		1019
180		2320		235373		1821		1023
181		2320		236548		1803		1027
182		2311		237749		1800		1031
183		2335		238922		1801		1035
184		2310		240086		1789		1038
185		2305		241226		1792		1042
186		2314		242365		1792		1045
187		2318		243526		1794		1049
188		2319		244658		1811		1053
189		2321		245797		1830		1057
190		2329		246949		1814		1061
191		2334		248099		1810		1065
192		2341		249231		1813		1069
193		2318		250366		1839		1072
194		2312		251544		1823		1076
195		2313		252680		1822		1079
196		2309		253855		1803		1083
197		2320		255036		1808		1088
198		2321		256195		1818		1091
199		2319		257334		1821		1095
200		2331		258511		1836		1098
201		2343		259702		1809		1102
202		2330		260884		1805		1105
203		2350		262078		1823		1109
204		2342		263262		1798		1113
205		2337		264457		1801		1117
206		2329		265617		1812		1121
207		2315		266743		1812		1125
208		2307		267893		1805		1128
209		2310		269048		1803		1131
210		2312		270184		1818		1135
211		2323		271325		1819		1139
212		2311		272491		1813		1142
213		2309		273638		1816		1147
214		2298		274758		1809		1152
215		2306		275908		1817		1156
216		2303		277043		1831		1159
217		2309		278145		1817		1163
218		2295		279310		1815		1167
219		2296		280463		1808		1171
220		2289		281602		1819		1174
221		2293		282715		1799		1178
222		2285		283814		1796		1187
223		2275		284920		1801		1191
224		2276		286013		1788		1195
225		2282		287107		1816		1199
226		2284		288228		1801		1203
227		2299		289336		1803		1206
228		2293		290433		1802		1211
229		2274		291551		1795		1214
230		2270		292621		1783		1218
231		2272		293702		1772		1221
232		2287		294789		1778		1225
233		2271		295842		1785		1228
234		2267		296959		1792		1232
235		2295		298101		1788		1236
236		2332		299234		1785		1241
237		2318		300392		1765		1245
238		2337		301577		1782		1248
239		2331		302757		1780		1252
240		2333		303938		1793		1256
241		2337		305133		1800		1259
242		2334		306332		1806		1263
243		2344		307524		1803		1267
244		2345		308674		1792		1272
245		2323		309831		1805		1276
246		2305		310977		1810		1280
247		2313		312133		1832		1283
248		2312		313332		1804		1287
249		2314		314459		1812		1290
250		2299		315634		1784		1294
251		2300		316776		1783		1298
252		2296		317884		1792		1303
253		2281		319000		1796		1307
254		2299		320102		1795		1311
255		2275		321230		1811		1314
256		2291		322332		1797		1318
257		2306		323466		1809		1321
258		2305		324585		1786		1325
259		2308		325725		1786		1329
260		2304		326880		1813		1333
261		2330		328022		1799		1336
262		2305		329196		1796		1341
263		2291		330341		1809		1345
264		2294		331511		1798		1348
265		2316		332660		1808		1352
266		2328		333817		1810		1356
267		2334		335015		1807		1360
268		2314		336187		1811		1364
269		2324		337331		1809		1368
270		2318		338484		1817		1372
271		2326		339645		1805		1375
272		2306		340816		1797		1378
273		2301		341942		1796		1382
274		2294		343044		1814		1385
275		2294		344156		1819		1389
276		2314		345275		1814		1393
277		2319		346444		1815		1397
278		2329		347611		1827		1400
279		2306		348747		1810		1404
280		2301		349878		1808		1407
281		2312		351042		1814		1411
282		2314		352141		1806		1415
283		2291		353265		1811		1420
284		2292		354400		1831		1424
285		2309		355554		1817		1427
286		2301		356720		1826		1431
287		2312		357867		1823		1436
288		2308		358994		1820		1441
289		2323		360135		1790		1445
290		2317		361293		1822		1449
291		2303		362440		1829		1455
292		2328		363610		1803		1460
293		2318		364766		1815		1464
294		2305		365938		1805		1468
295		2311		367081		1783		1472
296		2296		368226		1800		1476
297		2294		369354		1803		1481
298		2304		370490		1799		1486
299		2307		371655		1809		1491
300		2315		372831		1804		1495
301		2312		374019		1795		1499
302		2316		375198		1806		1504
303		2348		376392		1803		1508
304		2335		377588		1786		1512
305		2355		378806		1784		1517
306		2340		379976		1781		1522
307		2342		381168		1787		1526
308		2353		382380		1790		1530
309		2361		383587		1797		1534
310		2346		384764		1802		1539
311		2322		385918		1806		1543
312		2323		387058		1808		1548
313		2336		388213		1804		1552
314		2332		389387		1810		1556
315		2330		390536		1819		1561
316		2333		391693		1802		1565
317		2325		392852		1774		1569
318		2306		393999		1788		1573
319		2280		395131		1754		1578
320		2309		396271		1760		1583
321		2292		397420		1771		1587
322		2300		398540		1758		1591
323		2310		399655		1784		1595
324		2298		400806		1777		1599
325		2320		401930		1802		1603
326		2320		403081		1798		1608
327		2305		404246		1809		1613
328		2312		405406		1813		1617
329		2310		406546		1814		1621
330		2305		407676		1811		1625
331		2328		408829		1835		1630
332		2316		409977		1819		1634
333		2332		411118		1814		1638
334		2322		412247		1805		1644
335		2330		413359		1805		1648
336		2342		414530		1813		1652
337		2326		415710		1815		1656
338		2340		416857		1819		1664
339		2334		418022		1800		1667
340		2314		419193		1797		1671
341		2322		420352		1812		1676
342		2343		421532		1808		1679
343		2339		422691		1789		1682
344		2306		423828		1805		1686
345		2312		424981		1812		1689
346		2320		426115		1801		1693
347		2310		427243		1781		1696
348		2309		428348		1803		1700
349		2308		429459		1800		1704
350		2308		430641		1796		1708
351		2321		431797		1826		1711
352		2328		432933		1817		1715
353		2349		434073		1816		1718
354		2327		435237		1820		1722
355		2308		436396		1826		1725
356		2310		437547		1825		1729
357		2335		438696		1818		1733
358		2304		439829		1815		1737
359		2326		440990		1817		1741
360		2322		442170		1819		1744
361		2329		443314		1805		1748
362		2323		444453		1799		1751
363		2330		445623		1819		1755
364		2320		446783		1814		1758
365		2337		447951		1819		1762
366		2326		449135		1789		1766
367		2309		450312		1787		1769
368		2325		451477		1807		1774
369		2297		452602		1804		1777
370		2312		453744		1787		1781
371		2304		454936		1790		1784
372		2304		456067		1795		1788
373		2296		457201		1797		1792
374		2280		458349		1799		1797
375		2279		459485		1800		1801
376		2273		460613		1820		1804
377		2283		461721		1809		1808
378		2309		462843		1813		1811
379		2310		463965		1815		1815
380		2282		465087		1839		1818
381		2292		466182		1834		1822
382		2292		467329		1832		1827
383		2290		468446		1820		1831
384		2292		469572		1826		1835
385		2299		470704		1822		1839
386		2282		471830		1834		1843
387		2273		472952		1845		1846
388		2285		474074		1820		1849
389		2282		475161		1807		1853
390		2278		476272		1832		1857
391		2308		477416		1825		1861
392		2292		478532		1808		1865
393		2282		479630		1815		1868
394		2274		480743		1801		1872
395		2263		481822		1793		1875
396		2283		482928		1801		1879
397		2276		484029		1785		1882
398		2286		485140		1786		1886
399		2267		486228		1782		1891
400		2271		487307		1782		1894
401		2294		488415		1780		1898
402		2291		489549		1809		1901
403		2315		490664		1805		1905
404		2304		491790		1807		1908
405		2303		492926		1820		1911
406		2299		494063		1807		1915
407		2299		495208		1821		1919
408		2299		496352		1806		1924
409		2311		497503		1823		1927
410		2293		498632		1821		1930
411		2286		499762		1819		1934
412		2277		500862		1813		1938
413		2292		501963		1825		1941
414		2296		503092		1811		1945
415		2310		504231		1830		1948
416		2289		505365		1827		1953
417		2291		506496		1827		1956
418		2306		507650		1819		1960
419		2313		508785		1810		1963
420		2340		509947		1795		1967
421		2315		511073		1794		1970
422		2340		512199		1815		1973
423		2346		513355		1796		1977
424		2330		514516		1803		1981
425		2319		515685		1800		1986
426		2324		516859		1788		1989
427		2322		517994		1783		1993
428		2331		519153		1806		1996
429		2347		520299		1795		2000
430		2337		521482		1801		2003
431		2340		522668		1806		2007
432		2365		523860		1797		2010
433		2372		525039		1800		2015
434		2344		526183		1801		2018
435		2342		527366		1804		2022
436		2339		528545		1802		2026
437		2346		529769		1798		2029
438		2343		530972		1788		2032
439		2343		532158		1807		2036
440		2345		533353		1787		2039
441		2335		534536		1804		2043
442		2333		535708		1805		2046
443		2337		536900		1801		2050
444		2328		538097		1786		2053
445		2341		539252		1783		2058
446		2322		540425		1774		2061
447		2318		541611		1787		2066
448		2335		542763		1779		2069
449		2321		543918		1781		2073
450		2322		545060		1775		2078
451		2331		546219		1782		2082
452		2317		547367		1782		2085
453		2328		548494		1794		2091
454		2339		549650		1776		2094
455		2330		550805		1791		2098
456		2325		551948		1785		2101
457		2310		553068		1804		2105
458		2321		554255		1791		2110
459		2316		555434		1802		2113
460		2312		556604		1779		2117
461		2318		557769		1795		2120
462		2315		558885		1775		2124
463		2327		560054		1805		2127
464		2318		561190		1797		2130
465		2329		562339		1813		2134
466		2329		563481		1821		2139
467		2318		564633		1845		2142
468		2312		565795		1809		2146
469		2305		566945		1813		2149
470		2309		568107		1821		2153
471		2328		569276		1816		2157
472		2331		570432		1818		2161
473		2331		571618		1829		2164
474		2324		572774		1828		2168
475		2330		573936		1825		2173
476		2328		575069		1812		2176
477		2325		576231		1823		2179
478		2322		577386		1812		2183
479		2317		578543		1827		2186
480		2317		579697		1830		2191
481		2328		580855		1834		2194
482		2326		582034		1814		2199
483		2351		583227		1816		2203
484		2339		584396		1818		2206
485		2326		585566		1817		2210
486		2309		586696		1805		2213
487		2328		587838		1808		2217
488		2346		588999		1811		2220
489		2353		590171		1796		2223
490		2334		591333		1801		2227
491		2333		592523		1808		2232
492		2369		593721		1809		2236
493		2377		594924		1794		2239
494		2396		596130		1785		2243
495		2366		597347		1801		2246
496		2357		598529		1818		2249
497		2380		599730		1826		2253
498		2367		600946		1807		2256
499		2368		602145		1809		2260
500		2359		603354		1805		2265
501		2368		604559		1815		2268
502		2332		605736		1812		2271
503		2341		606933		1812		2275
504		2344		608129		1801		2278
505		2340		609326		1817		2282
506		2345		610537		1806		2285
507		2344		611699		1790		2289
508		2315		612871		1800		2293
509		2316		614047		1804		2297
510		2290		615170		1816		2301
511		2298		616339		1795		2305
512		2299		617495		1792		2308
513		2306		618625		1826		2312
514		2299		619779		1807		2315
515		2322		620935		1804		2319
516		2316		622064		1809		2322
517		2315		623217		1810		2327
518		2326		624379		1815		2331
519		2321		625549		1808		2334
520		2350		626751		1807		2337
521		2340		627965		1790		2341
522		2331		629115		1789		2345
523		2333		630275		1792		2348
524		2318		631442		1795		2352
525		2332		632611		1798		2356
526		2329		633776		1780		2360
527		2326		634915		1792		2363
528		2329		636068		1802		2366
529		2328		637249		1791		2370
530		2316		638400		1800		2373
531		2320		639541		1806		2377
532		2308		640694		1795		2381
533		2293		641817		1790		2385
534		2296		642960		1799		2389
535		2301		644115		1773		2393
536		2291		645244		1783		2396
537		2300		646392		1788		2400
538		2296		647527		1802		2403
539		2308		648646		1788		2406
540		2283		649799		1781		2410
541		2284		650918		1791		2414
542		2274		652057		1794		2418
543		2259		653131		1802		2421
544		2255		654209		1773		2425
545		2262		655318		1774		2428
546		2270		656403		1770		2432
547		2285		657513		1788		2436
548		2300		658617		1769		2439
549		2299		659729		1787		2443
550		2294		660874		1801		2447
551		2280		661994		1812		2451
552		2290		663131		1819		2455
553		2292		664239		1822		2458
554		2300		665352		1814		2462
555		2323		666496		1829		2465
556		2321		667645		1818		2469
557		2336		668795		1810		2472
558		2321		669922		1790		2476
559		2324		671076		1815		2479
560		2328		672230		1806		2483
561		2312		673389		1813		2487
562		2302		674519		1810		2491
563		2300		675667		1797		2494
564		2310		676806		1816		2498
565		2305		677948		1816		2501
566		2310		679131		1814		2505
567		2310		680245		1816		2509
568		2312		681422		1809		2513
569		2336		682574		1814		2517
570		2332		683744		1824		2521
571		2319		684917		1824		2525
572		2304		686058		1830		2528
573		2296		687178		1820		2533
574		2300		688301		1818		2537
575		2294		689443		1815		2542
576		2293		690565		1808		2548
577		2289		691686		1830		2552
578		2293		692825		1823		2556
579		2284		693939		1825		2560
580		2302		695061		1819		2564
581		2323		696206		1792		2570
582		2324		697387		1784		2575
583		2307		698527		1795		2579
584		2316		699693		1791		2584
585		2323		700845		1808		2588
586		2316		701994		1812		2592
587		2334		703127		1802		2596
588		2328		704294		1805		2602
589		2309		705418		1796		2606
590		2324		706554		1786		2610
591		2328		707698		1789		2614
592		2314		708812		1783		2619
593		2306		709953		1785		2623
594		2305		711057		1790		2627
595		2324		712203		1805		2632
596		2307		713324		1803		2636
597		2300		714460		1788		2641
598		2311		715619		1793		2645
599		2309		716792		1804		2649
600		2308		717965		1775		2653
601		2303		719114		1782		2657
602		2309		720272		1770		2662
603		2320		721417		1777		2667
604		2319		722571		1802		2671
605		2307		723755		1806		2676
606		2306		724929		1835		2680
607		2319		726082		1812		2684
608		2326		727249		1799		2688
609		2311		728387		1792		2693
610		2301		729570		1797		2698
611		2307		730691		1803		2702
612		2311		731830		1809		2706
613		2288		732975		1807		2710
614		2302		734131		1813		2714
615		2279		735245		1806		2718
616		2269		736324		1819		2723
617		2262		737424		1796		2729
618		2258		738516		1796		2733
619		2245		739603		1798		2737
620		2265		740707		1796		2741
621		2285		741842		1795		2745
622		2291		742943		1793		2749
623		2265		744084		1799		2754
624		2272		745173		1812		2760
625		2286		746272		1810		2764
626		2299		747418		1806		2768
627		2282		748502		1812		2772
628		2272		749624		1807		2776
629		2286		750735		1825		2781
630		2277		751841		1799		2785
631		2270		752937		1797		2791
632		2281		754021		1802		2795
633		2292		755149		1791		2799
634		2299		756274		1760		2804
635		2314		757392		1777		2808
636		2338		758577		1765		2812
637		2334		759744		1768		2818
638		2309		760886		1760		2823
639		2309		762040		1774		2827
640		2305		763175		1777		2831
641		2320		764327		1789		2836
642		2325		765504		1784		2840
643		2314		766690		1775		2845
644		2306		767835		1773		2851
645		2307		768969		1769		2856
646		2327		770108		1797		2860
647		2333		771254		1796		2864
648		2334		772426		1806		2869
649		2329		773554		1814		2873
650		2321		774722		1810		2878
651		2334		775878		1814		2883
652		2331		777027		1803		2887
653		2334		778184		1806		2891
654		2322		779342		1795		2896
655		2325		780488		1777		2900
656		2322		781633		1781		2904
657		2314		782767		1799		2910
658		2345		783937		1787		2914
659		2328		785104		1798		2919
660		2312		786265		1820		2923
661		2304		787405		1824		2927
662		2304		788564		1800		2932
663		2288		789705		1821		2936
664		2288		790816		1815		2942
665		2269		791956		1814		2946
666		2271		793075		1818		2950
667		2282		794213		1791		2954
668		2276		795336		1790		2958
669		2302		796480		1803		2963
670		2295		797624		1794		2967
671		2297		798752		1807		2972
672		2283		799892		1798		2976
673		2285		801067		1809		2980
674		2288		802184		1816		2985
675		2322		803315		1806		2989
676		2316		804488		1799		2993
677		2319		805672		1803		2998
678		2305		806847		1798		3003
679		2318		808000		1812		3008
680		2305		809148		1813		3012
681		2297		810293		1813		3016
682		2287		811460		1818		3020
683		2266		812599		1804		3024
684		2286		813734		1812		3029
685		2304		814913		1823		3036
686		2297		816077		1813		3040
687		2320		817229		1822		3043
688		2299		818384		1806		3046
689		2281		819513		1806		3050
690		2267		820656		1796		3053
691		2272		821777		1801		3057
692		2278		822932		1798		3061
693		2275		824091		1778		3066
694		2294		825204		1795		3070
695		2285		826329		1808		3073
696		2301		827471		1820		3076
697		2295		828604		1814		3080
698		2299		829756		1811		3083
699		2282		830893		1804		3087
700		2290		832005		1779		3090
701		2284		833120		1788		3094
702		2280		834191		1792		3099
703		2262		835304		1793		3102
704		2254		836400		1797		3106
705		2260		837512		1794		3109
706		2241		838625		1799		3112
707		2254		839700		1804		3116
708		2255		840836		1805		3119
709		2260		841932		1809		3124
710		2271		843057		1804		3129
711		2268		844190		1786		3132
712		2274		845317		1786		3135
713		2270		846442		1778		3139
714		2268		847560		1799		3143
715		2271		848697		1783		3146
716		2269		849844		1800		3149
717		2267		850984		1802		3153
718		2275		852105		1809		3158
719		2259		853238		1796		3162
720		2289		854375		1788		3166
721		2277		855523		1784		3169
722		2307		856655		1784		3173
723		2304		857780		1771		3177
724		2302		858926		1769		3180
725		2288		860090		1777		3184
726		2308		861211		1775		3188
727		2295		862363		1799		3192
728		2284		863467		1794		3196
729		2279		864604		1821		3200
730		2265		865726		1826		3203
731		2267		866838		1814		3207
732		2263		867969		1803		3210
733		2264		869083		1801		3214
734		2258		870177		1785		3218
735		2256		871303		1794		3223
736		2263		872423		1789		3226
737		2285		873578		1790		3230
738		2250		874674		1770		3233
739		2256		875779		1785		3237
740		2244		876902		1788		3240
741		2249		878005		1803		3244
742		2258		879134		1811		3247
743		2245		880263		1797		3252
744		2244		881394		1808		3256
745		2267		882535		1796		3259
746		2257		883659		1790		3263
747		2257		884767		1821		3267
748		2251		885891		1826		3270
749		2234		886987		1813		3273
750		2240		888098		1804		3277
751		2232		889175		1790		3280
752		2224		890262		1804		3285
753		2240		891349		1810		3289
754		2275		892464		1811		3292
755		2256		893570		1798		3295
756		2249		894670		1782		3299
757		2224		895781		1796		3302
758		2232		896885		1807		3306
759		2236		897985		1796		3309
760		2235		899080		1789		3314
761		2250		900174		1800		3318
762		2270		901300		1794		3321
763		2286		902458		1799		3324
764		2283		903563		1800		3328
765		2276		904671		1809		3331
766		2281		905783		1829		3335
767		2258		906886		1811		3338
768		2266		907976		1806		3342
769		2261		909069		1793		3346
770		2253		910159		1799		3350
771		2265		911302		1788		3353
772		2288		912415		1783		3357
773		2270		913529		1774		3361
774		2275		914671		1805		3364
775		2274		915833		1824		3367
776		2292		916999		1803		3371
777		2289		918123		1797		3374
778		2299		919272		1781		3378
779		2267		920440		1807		3381
780		2276		921551		1792		3385
781		2255		922677		1788		3389
782		2253		923794		1817		3392
783		2258		924909		1818		3396
784		2276		926020		1823		3399
785		2286		927143		1802		3403
786		2282		928304		1792		3407
787		2283		929448		1802		3411
788		2288		930600		1813		3414
789		2313		931788		1812		3418
790		2321		932972		1793		3421
791		2318		934130		1796		3425
792		2310		935300		1808		3428
793		2306		936476		1810		3431
794		2318		937619		1813		3436
795		2319		938794		1824		3440
796		2319		939973		1812		3443
797		2321		941191		1814		3446
798		2334		942381		1809		3450
799		2338		943586		1801		3453
800		2330		944753		1812		3457
801		2327		945952		1774		3460
802		2342		947136		1805		3464
803		2317		948281		1773		3468
804		2321		949486		1780		3472
805		2323		950638		1791		3475
806		2321		951818		1788		3479
807		2311		952958		1777		3482
808		2304		954125		1808		3485
809		2299		955282		1789		3489
810		2292		956441		1818		3492
811		2307		957612		1800		3496
812		2306		958774		1816		3500
813		2322		959963		1804		3503
814		2305		961129		1817		3507
815		2338		962311		1807		3510
816		2320		963504		1815		3514
817		2315		964681		1837		3518
818		2323		965872		1801		3521
819		2324		967058		1802		3525
820		2333		968246		1809		3529
821		2326		969399		1811		3533
822		2329		970563		1783		3536
823		2314		971719		1801		3539
824		2309		972899		1831		3543
825		2305		974084		1829		3547
826		2306		975236		1821		3550
827		2277		976392		1818		3553
828		2303		977510		1812		3557
829		2288		978640		1818		3561
830		2289		979791		1796		3564
831		2278		980949		1793		3568
832		2303		982111		1801		3571
833		2325		983269		1801		3574
834		2328		984445		1788		3578
835		2321		985618		1791		3581
836		2298		986790		1822		3585
837		2291		987972		1797		3589
838		2302		989100		1791		3592
839		2286		990234		1804		3596
840		2286		991379		1801		3599
841		2262		992475		1798		3603
842		2260		993589		1789		3606
843		2296		994778		1821		3610
844		2295		995928		1799		3613
845		2289		997075		1778		3617
846		2290		998206		1772		3620
847		2287		999323		1775		3625
848		2273		1000468		1778		3628
849		2286		1001603		1770		3632
850		2304		1002746		1771		3635
851		2270		1003840		1760		3638
852		2267		1004989		1788		3642
853		2300		1006161		1797		3645
854		2288		1007278		1787		3649
855		2309		1008415		1798		3653
856		2299		1009534		1809		3657
857		2295		1010697		1791		3660
858		2288		1011826		1796		3664
859		2276		1012967		1791		3667
860		2278		1014107		1816		3671
861		2268		1015224		1810		3674
862		2268		1016349		1807		3678
863		2283		1017467		1809		3682
864		2275		1018604		1790		3687
865		2262		1019706		1801		3691
866		2272		1020812		1796		3695
867		2268		1021920		1794		3698
868		2275		1023054		1784		3702
869		2249		1024167		1771		3705
870		2237		1025268		1796		3709
871		2248		1026389		1800		3712
872		2268		1027514		1798		3718
873		2274		1028639		1796		3722
874		2258		1029767		1807		3725
875		2271		1030866		1807		3728
876		2254		1031993		1798		3732
877		2274		1033153		1794		3735
878		2288		1034301		1802		3738
879		2278		1035435		1808		3742
880		2254		1036565		1800		3747
881		2269		1037673		1815		3751
882		2259		1038816		1807		3754
883		2272		1039951		1837		3758
884		2260		1041059		1829		3761
885		2270		1042186		1827		3765
886		2278		1043284		1834		3768
887		2276		1044384		1805		3772
888		2282		1045512		1788		3776
889		2278		1046608		1798		3781
890		2275		1047718		1805		3784
891		2283		1048868		1805		3787
892		2301		1050012		1809		3791
893		2306		1051139		1811		3794
894		2324		1052274		1809		3798
895		2320		1053453		1796		3801
896		2300		1054595		1813		3806
897		2301		1055759		1799		3812
898		2322		1056916		1819		3816
899		2292		1058046		1799		3819
900		2333		1059206		1782		3823
901		2309		1060398		1762		3827
902		2313		1061538		1760		3830
903		2299		1062677		1769		3834
904		2283		1063805		1775		3839
905		2285		1064953		1759		3843
906		2265		1066065		1782		3847
907		2262		1067160		1800		3856
908		2266		1068256		1779		3859
909		2296		1069357		1791		3863
910		2279		1070477		1772		3867
911		2268		1071614		1797		3872
912		2268		1072720		1772		3875
913		2266		1073835		1775		3879
914		2275		1074909		1787		3883
915		2274		1076020		1800		3887
916		2269		1077154		1793		3890
917		2262		1078241		1780		3894
918		2255		1079339		1797		3899
919		2261		1080450		1799		3903
920		2262		1081574		1800		3907
921		2253		1082666		1786		3911
922		2254		1083763		1771		3914
923		2258		1084854		1797		3918
924		2257		1085978		1803		3922
925		2257		1087095		1805		3926
926		2248		1088242		1807		3930
927		2256		1089348		1793		3935
928		2251		1090501		1804		3939
929		2262		1091629		1787		3942
930		2281		1092742		1800		3946
931		2258		1093862		1808		3950
932		2246		1094953		1801		3954
933		2260		1096063		1790		3957
934		2261		1097203		1806		3962
935		2267		1098311		1780		3967
936		2253		1099442		1789		3970
937		2248		1100557		1798		3974
938		2253		1101660		1803		3977
939		2234		1102746		1800		3981
940		2221		1103813		1784		3985
941		2225		1104922		1786		3989
942		2229		1106012		1804		3993
943		2239		1107105		1792		3997
944		2231		1108220		1766		4000
945		2230		1109330		1766		4004
946		2224		1110388		1782		4007
947		2231		1111522		1787		4011
948		2223		1112616		1797		4014
949		2242		1113693		1797		4018
950		2258		1114780		1786		4021
951		2258		1115877		1807		4025
952		2267		1116988		1788		4029
953		2269		1118085		1789		4034
954		2265		1119197		1783		4039
955		2252		1120336		1768		4042
956		2261		1121459		1781		4046
957		2243		1122547		1787		4050
958		2258		1123656		1777		4054
959		2253		1124779		1784		4058
960		2260		1125880		1783		4062
961		2250		1126966		1779		4066
962		2243		1128064		1786		4069
963		2228		1129161		1784		4073
964		2233		1130236		1795		4076
965		2247		1131333		1787		4080
966		2232		1132427		1779		4083
967		2258		1133542		1779		4088
968		2257		1134675		1778		4092
969		2259		1135793		1800		4095
970		2262		1136907		1795		4099
971		2277		1138032		1783		4104
972		2285		1139167		1787		4107
973		2283		1140327		1791		4110
974		2281		1141475		1777		4114
975		2258		1142594		1803		4119
976		2244		1143712		1801		4123
977		2255		1144823		1797		4126
978		2275		1145960		1794		4130
979		2264		1147083		1801		4133
980		2270		1148205		1782		4137
981		2270		1149308		1779		4140
982		2262		1150438		1784		4144
983		2241		1151544		1797		4149
984		2230		1152605		1815		4153
985		2235		1153659		1813		4157
986		2247		1154750		1822		4160
987		2253		1155841		1810		4164
988		2249		1156925		1828		4167
989		2246		1157998		1833		4171
990		2256		1159112		1817		4175
991		2232		1160230		1813		4179
992		2252		1161328		1809		4184
993		2254		1162444		1820		4188
994		2257		1163545		1812		4194
995		2265		1164682		1793		4198
996		2267		1165781		1820		4201
997		2269		1166879		1822		4204
998		2276		1168034		1814		4208
999		2278		1169155		1808		4213
