# Migration is number of nodes that have changed color.

Round		Edge-Cut		Swaps		Migrations		Skipped		ExecutionTime 
0		4623		2340		1456		178
1		3830		4546		1557		207
2		3746		6683		1617		232
3		3618		8750		1609		261
4		3535		10767		1645		288
5		3485		12773		1639		316
6		3466		14743		1702		344
7		3373		16718		1687		365
8		3299		18649		1695		386
9		3308		20531		1679		410
10		3230		22398		1696		429
11		3226		24239		1710		450
12		3189		26073		1706		471
13		3192		27877		1738		492
14		3167		29687		1745		512
15		3145		31516		1729		529
16		3075		33278		1731		549
17		3044		35038		1744		569
18		3024		36765		1744		587
19		2993		38476		1757		607
20		3027		40191		1757		625
21		3020		41887		1731		645
22		2927		43564		1722		660
23		2939		45206		1733		675
24		2956		46847		1724		690
25		2932		48494		1739		704
26		2933		50138		1770		719
27		2929		51776		1771		734
28		2932		53424		1760		750
29		2915		55049		1742		765
30		2893		56666		1741		781
31		2891		58271		1763		796
32		2890		59902		1746		812
33		2898		61518		1748		829
34		2865		63119		1780		845
35		2866		64719		1782		860
36		2837		66289		1781		877
37		2858		67855		1783		893
38		2852		69409		1764		910
39		2846		71002		1782		926
40		2829		72592		1768		942
41		2861		74200		1748		957
42		2864		75782		1751		974
43		2809		77366		1770		988
44		2794		78874		1774		1005
45		2790		80418		1751		1020
46		2808		81984		1744		1036
47		2777		83529		1773		1050
48		2794		85067		1774		1067
49		2776		86602		1762		1081
50		2797		88122		1720		1101
51		2793		89674		1742		1115
52		2771		91208		1745		1131
53		2800		92757		1763		1148
54		2834		94323		1763		1165
55		2809		95871		1762		1183
56		2788		97406		1750		1200
57		2765		98944		1760		1217
58		2824		100507		1782		1234
59		2814		102083		1786		1250
60		2824		103649		1780		1267
61		2785		105218		1798		1283
62		2812		106793		1791		1299
63		2802		108368		1805		1317
64		2817		109938		1777		1337
65		2789		111493		1765		1357
66		2765		113024		1768		1374
67		2763		114538		1782		1392
68		2743		116071		1773		1409
69		2784		117607		1765		1426
70		2762		119169		1792		1442
71		2772		120700		1806		1459
72		2774		122242		1810		1476
73		2750		123785		1805		1492
74		2750		125320		1781		1509
75		2773		126865		1790		1526
76		2741		128399		1808		1542
77		2754		129908		1783		1559
78		2756		131449		1807		1575
79		2761		132975		1788		1596
80		2743		134502		1768		1611
81		2732		136028		1783		1628
82		2742		137531		1797		1646
83		2744		139053		1797		1662
84		2734		140582		1804		1680
85		2711		142082		1793		1696
86		2741		143601		1787		1713
87		2722		145122		1786		1730
88		2735		146615		1801		1749
89		2727		148129		1785		1766
90		2721		149624		1796		1784
91		2699		151108		1794		1801
92		2695		152605		1808		1818
93		2676		154086		1800		1835
94		2639		155552		1787		1854
95		2660		156993		1800		1873
96		2680		158440		1774		1892
97		2700		159909		1782		1912
98		2656		161384		1764		1929
99		2718		162832		1777		1946
100		2702		164288		1757		1965
101		2737		165789		1782		1982
102		2717		167238		1778		1999
103		2715		168737		1767		2016
104		2705		170225		1744		2033
105		2705		171702		1767		2053
106		2700		173185		1759		2074
107		2714		174664		1756		2091
108		2726		176161		1768		2107
109		2707		177672		1771		2127
110		2715		179129		1771		2144
111		2683		180620		1750		2161
112		2642		182077		1757		2180
113		2667		183538		1739		2197
114		2694		185024		1754		2214
115		2702		186522		1770		2231
116		2717		188034		1775		2247
117		2713		189549		1758		2264
118		2704		191069		1765		2280
119		2675		192572		1742		2296
120		2708		194053		1723		2314
121		2721		195555		1774		2331
122		2703		197069		1779		2347
123		2710		198566		1766		2363
124		2676		200046		1763		2381
125		2657		201515		1771		2399
126		2684		202991		1761		2415
127		2698		204457		1767		2434
128		2698		205914		1748		2450
129		2667		207374		1766		2468
130		2673		208829		1759		2485
131		2677		210278		1775		2503
132		2669		211714		1770		2520
133		2667		213165		1772		2536
134		2663		214627		1746		2555
135		2662		216079		1786		2575
136		2671		217540		1780		2592
137		2660		218993		1784		2610
138		2679		220453		1801		2629
139		2683		221905		1784		2647
140		2696		223383		1760		2663
141		2721		224865		1800		2681
142		2718		226364		1773		2698
143		2669		227877		1772		2714
144		2705		229348		1778		2732
145		2686		230828		1766		2749
146		2677		232308		1765		2767
147		2696		233789		1767		2783
148		2720		235304		1776		2800
149		2711		236780		1781		2817
150		2684		238273		1770		2834
151		2681		239739		1765		2850
152		2669		241207		1764		2868
153		2674		242666		1763		2886
154		2665		244152		1759		2903
155		2652		245610		1741		2921
156		2671		247079		1753		2937
157		2702		248552		1745		2953
158		2686		250026		1773		2970
159		2654		251494		1741		2988
160		2672		252935		1766		3005
161		2688		254387		1779		3021
162		2673		255885		1800		3038
163		2678		257374		1784		3055
164		2693		258883		1791		3071
165		2667		260368		1783		3087
166		2682		261836		1779		3104
167		2687		263313		1771		3124
168		2693		264832		1785		3142
169		2697		266296		1787		3161
170		2682		267764		1778		3181
171		2678		269213		1763		3201
172		2680		270696		1774		3219
173		2698		272168		1759		3236
174		2704		273688		1756		3252
175		2698		275195		1785		3271
176		2679		276662		1774		3292
177		2680		278109		1784		3309
178		2703		279564		1772		3327
179		2713		281040		1752		3343
180		2711		282503		1787		3360
181		2667		283943		1750		3379
182		2656		285385		1761		3398
183		2653		286818		1767		3415
184		2593		288206		1765		3434
185		2600		289599		1771		3452
186		2613		290993		1764		3470
187		2649		292440		1774		3487
188		2650		293875		1762		3506
189		2642		295323		1751		3524
190		2670		296771		1739		3542
191		2672		298250		1735		3559
192		2673		299707		1720		3576
193		2676		301191		1740		3592
194		2676		302645		1743		3609
195		2654		304110		1762		3630
196		2670		305534		1743		3647
197		2662		306993		1750		3664
198		2637		308390		1766		3682
199		2643		309833		1767		3702
200		2631		311278		1767		3721
201		2627		312693		1783		3738
202		2673		314124		1779		3756
203		2690		315594		1760		3772
204		2670		317027		1760		3790
205		2668		318511		1755		3807
206		2669		319971		1760		3824
207		2645		321442		1749		3840
208		2640		322888		1784		3857
209		2653		324307		1767		3874
210		2643		325754		1768		3893
211		2705		327250		1749		3910
212		2689		328734		1769		3928
213		2699		330228		1775		3946
214		2691		331701		1775		3965
215		2692		333192		1769		3982
216		2705		334695		1777		3999
217		2708		336187		1756		4019
218		2736		337682		1754		4037
219		2742		339181		1761		4055
220		2739		340725		1764		4074
221		2720		342249		1754		4090
222		2723		343773		1771		4108
223		2716		345285		1779		4132
224		2736		346789		1773		4148
225		2734		348282		1779		4164
226		2725		349791		1780		4178
227		2723		351311		1768		4194
228		2740		352841		1775		4208
229		2712		354353		1744		4225
230		2737		355882		1770		4240
231		2722		357375		1755		4256
232		2737		358875		1786		4272
233		2687		360359		1782		4289
234		2704		361850		1779		4306
235		2715		363353		1777		4324
236		2703		364814		1797		4342
237		2683		366303		1794		4359
238		2704		367789		1791		4376
239		2705		369264		1784		4392
240		2714		370746		1787		4408
241		2697		372233		1782		4424
242		2689		373743		1787		4442
243		2687		375209		1780		4457
244		2669		376672		1772		4474
245		2657		378149		1760		4490
246		2675		379590		1763		4507
247		2670		381064		1771		4524
248		2708		382546		1765		4540
249		2711		384051		1747		4557
250		2715		385561		1776		4577
251		2680		387031		1768		4593
252		2699		388488		1785		4609
253		2700		389942		1777		4626
254		2679		391426		1774		4643
255		2693		392893		1770		4658
256		2704		394346		1757		4674
257		2710		395819		1739		4692
258		2705		397315		1755		4707
259		2726		398809		1757		4725
260		2719		400298		1753		4740
261		2691		401803		1756		4757
262		2708		403271		1763		4774
263		2699		404755		1752		4789
264		2723		406264		1746		4806
265		2700		407738		1742		4822
266		2680		409224		1736		4838
267		2719		410733		1737		4854
268		2713		412232		1771		4870
269		2690		413718		1776		4887
270		2706		415242		1778		4902
271		2704		416736		1791		4921
272		2702		418200		1770		4940
273		2662		419685		1753		4957
274		2685		421158		1729		4974
275		2661		422646		1739		4989
276		2685		424107		1759		5006
277		2652		425569		1766		5025
278		2647		427022		1771		5041
279		2609		428480		1781		5058
280		2641		429904		1786		5073
281		2644		431346		1794		5089
282		2648		432787		1781		5105
283		2638		434219		1807		5122
284		2662		435656		1787		5138
285		2698		437107		1798		5154
286		2680		438604		1785		5169
287		2667		440031		1789		5186
288		2669		441498		1798		5201
289		2689		442952		1812		5218
290		2683		444402		1799		5234
291		2690		445877		1784		5252
292		2662		447353		1773		5269
293		2725		448831		1774		5285
294		2706		450347		1766		5303
295		2722		451854		1748		5320
296		2726		453410		1743		5338
297		2726		454920		1761		5356
298		2719		456472		1756		5373
299		2734		457993		1756		5390
300		2741		459524		1770		5408
301		2725		461040		1774		5425
302		2661		462557		1773		5445
303		2687		464068		1775		5470
304		2715		465574		1761		5488
305		2721		467112		1781		5505
306		2704		468652		1784		5523
307		2680		470148		1761		5539
308		2660		471648		1749		5557
309		2644		473148		1760		5574
310		2626		474606		1769		5593
311		2626		476050		1757		5611
312		2613		477511		1760		5629
313		2605		478939		1756		5647
314		2597		480377		1756		5662
315		2626		481799		1745		5678
316		2609		483224		1749		5694
317		2603		484660		1759		5712
318		2586		486114		1767		5730
319		2596		487557		1781		5748
320		2585		489000		1773		5764
321		2589		490443		1773		5782
322		2564		491887		1763		5799
323		2594		493294		1769		5816
324		2576		494717		1771		5832
325		2593		496120		1782		5848
326		2574		497554		1771		5865
327		2575		498958		1793		5882
328		2559		500348		1765		5900
329		2576		501747		1770		5919
330		2569		503157		1756		5936
331		2539		504567		1736		5951
332		2571		505981		1748		5968
333		2572		507383		1757		5985
334		2588		508789		1777		6001
335		2636		510236		1764		6017
336		2598		511678		1761		6034
337		2616		513114		1764		6052
338		2600		514560		1778		6070
339		2568		515986		1769		6089
340		2573		517403		1781		6106
341		2573		518803		1771		6122
342		2572		520220		1734		6139
343		2564		521643		1745		6155
344		2566		523055		1753		6172
345		2568		524489		1762		6189
346		2577		525896		1748		6207
347		2576		527329		1765		6224
348		2586		528781		1768		6241
349		2614		530227		1773		6256
350		2616		531676		1773		6272
351		2584		533116		1777		6288
352		2606		534546		1757		6304
353		2592		535970		1766		6321
354		2579		537386		1770		6337
355		2579		538805		1775		6379
356		2571		540229		1772		6398
357		2596		541635		1756		6416
358		2586		543097		1804		6435
359		2545		544478		1808		6452
360		2544		545880		1829		6468
361		2567		547293		1805		6486
362		2601		548716		1806		6503
363		2620		550151		1779		6521
364		2596		551594		1810		6537
365		2592		553027		1785		6555
366		2634		554451		1785		6579
367		2656		555925		1784		6603
368		2621		557398		1797		6625
369		2643		558865		1777		6649
370		2618		560333		1783		6676
371		2598		561783		1775		6698
372		2628		563231		1777		6716
373		2611		564696		1778		6735
374		2615		566151		1772		6750
375		2588		567608		1780		6766
376		2573		569022		1802		6782
377		2589		570429		1787		6799
378		2584		571873		1801		6815
379		2597		573318		1788		6834
380		2579		574734		1767		6850
381		2603		576152		1787		6865
382		2573		577583		1753		6880
383		2573		578992		1793		6897
384		2578		580408		1777		6912
385		2558		581812		1784		6927
386		2574		583204		1784		6941
387		2569		584589		1786		6956
388		2583		585973		1774		6971
389		2563		587357		1796		6987
390		2526		588729		1783		7003
391		2543		590095		1790		7020
392		2560		591456		1773		7035
393		2568		592851		1785		7049
394		2550		594246		1750		7066
395		2581		595630		1745		7081
396		2565		597043		1754		7097
397		2582		598457		1755		7112
398		2583		599847		1791		7128
399		2569		601272		1782		7143
400		2544		602671		1786		7158
401		2554		604059		1764		7174
402		2582		605479		1771		7188
403		2587		606935		1779		7204
404		2599		608374		1758		7221
405		2599		609804		1781		7237
406		2590		611231		1793		7253
407		2611		612654		1799		7270
408		2623		614110		1789		7287
409		2621		615580		1808		7301
410		2600		617016		1784		7317
411		2605		618441		1801		7331
412		2615		619890		1773		7347
413		2580		621325		1749		7362
414		2582		622757		1758		7377
415		2573		624190		1770		7392
416		2629		625643		1792		7407
417		2631		627116		1792		7422
418		2639		628592		1804		7437
419		2646		630059		1806		7452
420		2600		631513		1799		7466
421		2599		632952		1812		7481
422		2624		634379		1800		7496
423		2614		635790		1775		7512
424		2631		637239		1813		7527
425		2623		638718		1794		7543
426		2607		640142		1766		7559
427		2605		641585		1766		7574
428		2588		643017		1783		7592
429		2596		644427		1756		7607
430		2608		645832		1744		7624
431		2619		647271		1766		7640
432		2611		648705		1771		7656
433		2621		650186		1809		7672
434		2594		651632		1782		7688
435		2586		653058		1796		7702
436		2605		654487		1798		7719
437		2582		655940		1793		7736
438		2559		657344		1798		7752
439		2567		658782		1778		7767
440		2585		660208		1788		7782
441		2595		661640		1761		7798
442		2584		663083		1769		7814
443		2574		664483		1783		7828
444		2583		665916		1773		7847
445		2606		667331		1764		7866
446		2575		668752		1782		7883
447		2605		670188		1763		7899
448		2577		671607		1752		7916
449		2591		673034		1769		7936
450		2601		674490		1772		7951
451		2603		675915		1775		7971
452		2574		677339		1773		7985
453		2576		678736		1763		8002
454		2587		680171		1765		8018
455		2603		681591		1778		8036
456		2584		682978		1762		8054
457		2618		684446		1766		8071
458		2618		685907		1774		8088
459		2607		687355		1781		8104
460		2586		688771		1812		8122
461		2569		690196		1802		8139
462		2615		691643		1784		8156
463		2618		693091		1781		8174
464		2617		694551		1802		8190
465		2595		696010		1781		8207
466		2602		697472		1785		8225
467		2607		698944		1796		8242
468		2619		700355		1769		8259
469		2589		701768		1757		8277
470		2623		703203		1788		8293
471		2634		704651		1765		8310
472		2619		706097		1767		8326
473		2632		707554		1767		8344
474		2626		709010		1774		8360
475		2614		710453		1781		8378
476		2600		711866		1776		8395
477		2620		713306		1773		8412
478		2603		714729		1776		8428
479		2622		716151		1767		8444
480		2620		717616		1765		8462
481		2587		719037		1770		8479
482		2590		720457		1778		8496
483		2588		721874		1768		8513
484		2591		723274		1765		8530
485		2590		724704		1782		8546
486		2572		726097		1779		8564
487		2591		727523		1784		8586
488		2579		728954		1765		8602
489		2582		730380		1768		8618
490		2556		731802		1784		8636
491		2531		733200		1756		8653
492		2552		734616		1765		8669
493		2524		736004		1753		8685
494		2542		737422		1763		8700
495		2567		738821		1777		8719
496		2570		740273		1768		8735
497		2549		741675		1771		8754
498		2567		743077		1770		8769
499		2554		744504		1775		8785
500		2550		745892		1783		8804
501		2560		747342		1805		8820
502		2589		748742		1813		8839
503		2564		750158		1791		8856
504		2580		751576		1785		8874
505		2569		753015		1784		8892
506		2615		754449		1779		8909
507		2619		755923		1767		8927
508		2607		757389		1786		8943
509		2604		758814		1766		8960
510		2593		760259		1784		8977
511		2614		761704		1800		8994
512		2591		763134		1798		9012
513		2603		764581		1802		9029
514		2600		766054		1800		9045
515		2637		767536		1801		9062
516		2633		769009		1800		9079
517		2628		770478		1778		9096
518		2670		771953		1795		9114
519		2627		773443		1783		9135
520		2602		774881		1785		9152
521		2605		776326		1750		9168
522		2593		777760		1763		9184
523		2592		779184		1779		9197
524		2605		780590		1754		9213
525		2605		782031		1754		9227
526		2630		783464		1762		9243
527		2628		784915		1773		9258
528		2610		786364		1787		9274
529		2600		787790		1790		9289
530		2600		789204		1771		9304
531		2583		790658		1774		9317
532		2628		792081		1768		9332
533		2616		793531		1772		9346
534		2610		794952		1767		9362
535		2622		796401		1770		9376
536		2608		797830		1782		9393
537		2628		799283		1787		9409
538		2639		800768		1794		9426
539		2624		802226		1803		9442
540		2608		803666		1825		9460
541		2591		805086		1803		9479
542		2579		806537		1804		9493
543		2565		807981		1798		9510
544		2570		809420		1799		9528
545		2564		810847		1803		9546
546		2541		812262		1790		9563
547		2517		813661		1773		9581
548		2534		815074		1782		9600
549		2567		816486		1792		9617
550		2567		817910		1764		9639
551		2577		819329		1788		9657
552		2551		820781		1770		9676
553		2550		822220		1766		9694
554		2535		823616		1766		9711
555		2525		825015		1769		9730
556		2510		826387		1730		9747
557		2485		827762		1758		9766
558		2492		829137		1768		9784
559		2490		830495		1780		9803
560		2528		831891		1776		9821
561		2501		833279		1766		9838
562		2558		834679		1756		9857
563		2537		836076		1783		9875
564		2488		837462		1782		9895
565		2519		838815		1791		9914
566		2507		840186		1778		9933
567		2493		841549		1778		9951
568		2502		842937		1780		9968
569		2492		844280		1800		9986
570		2508		845649		1800		10006
571		2492		847028		1795		10027
572		2480		848398		1771		10046
573		2479		849775		1754		10065
574		2474		851134		1786		10083
575		2485		852489		1805		10101
576		2515		853884		1787		10119
577		2505		855301		1808		10138
578		2558		856702		1775		10158
579		2525		858089		1784		10176
580		2523		859470		1770		10194
581		2551		860854		1792		10211
582		2579		862287		1774		10229
583		2555		863701		1786		10248
584		2567		865086		1789		10275
585		2537		866501		1789		10296
586		2561		867916		1783		10313
587		2549		869326		1788		10329
588		2540		870736		1787		10348
589		2550		872159		1797		10366
590		2572		873576		1780		10385
591		2549		874994		1805		10402
592		2528		876408		1792		10420
593		2518		877781		1782		10438
594		2516		879167		1778		10457
595		2454		880540		1781		10475
596		2477		881900		1799		10492
597		2489		883266		1776		10510
598		2501		884654		1777		10529
599		2503		886052		1782		10547
600		2466		887385		1806		10565
601		2485		888756		1802		10582
602		2475		890141		1789		10600
603		2451		891507		1791		10618
604		2435		892822		1802		10636
605		2450		894169		1783		10657
606		2461		895511		1789		10673
607		2457		896845		1782		10692
608		2444		898200		1806		10708
609		2456		899552		1797		10726
610		2466		900899		1796		10742
611		2465		902243		1806		10760
612		2434		903586		1786		10779
613		2445		904919		1799		10797
614		2472		906272		1799		10814
615		2432		907627		1774		10830
616		2430		908949		1789		10850
617		2425		910273		1809		10871
618		2434		911582		1790		10889
619		2452		912915		1792		10907
620		2465		914269		1775		10924
621		2463		915611		1784		10943
622		2461		916938		1773		10963
623		2463		918258		1804		10980
624		2469		919586		1813		10999
625		2455		920913		1811		11017
626		2471		922246		1807		11037
627		2483		923568		1790		11055
628		2458		924931		1789		11071
629		2499		926289		1807		11102
630		2523		927671		1803		11118
631		2478		929049		1773		11133
632		2486		930418		1763		11149
633		2459		931736		1788		11166
634		2465		933088		1774		11184
635		2471		934445		1771		11200
636		2483		935803		1767		11218
637		2493		937182		1773		11234
638		2470		938543		1768		11253
639		2498		939923		1786		11272
640		2495		941337		1787		11288
641		2511		942714		1788		11306
642		2527		944121		1771		11321
643		2509		945491		1802		11338
644		2511		946869		1782		11355
645		2493		948259		1791		11372
646		2529		949665		1778		11390
647		2530		951077		1768		11409
648		2517		952484		1765		11424
649		2540		953895		1778		11443
650		2515		955307		1801		11461
651		2517		956709		1791		11478
652		2507		958117		1784		11494
653		2496		959530		1791		11511
654		2506		960899		1812		11527
655		2505		962293		1809		11544
656		2490		963675		1799		11561
657		2512		965046		1791		11577
658		2511		966431		1807		11593
659		2511		967848		1803		11609
660		2522		969222		1795		11625
661		2506		970617		1798		11642
662		2506		972017		1792		11658
663		2473		973406		1790		11675
664		2461		974752		1793		11692
665		2463		976109		1799		11710
666		2488		977453		1769		11726
667		2479		978822		1784		11743
668		2483		980181		1778		11763
669		2481		981512		1788		11780
670		2472		982846		1806		11798
671		2443		984158		1790		11813
672		2459		985492		1799		11830
673		2466		986822		1812		11847
674		2469		988158		1796		11863
675		2467		989489		1779		11880
676		2447		990836		1784		11896
677		2435		992185		1787		11913
678		2463		993528		1805		11931
679		2455		994876		1799		11946
680		2451		996196		1784		11965
681		2436		997532		1773		11981
682		2432		998866		1769		11997
683		2453		1000170		1809		12016
684		2423		1001523		1800		12031
685		2453		1002863		1795		12049
686		2457		1004189		1789		12066
687		2469		1005549		1765		12084
688		2462		1006908		1764		12105
689		2460		1008236		1800		12123
690		2461		1009576		1816		12141
691		2504		1010924		1808		12157
692		2469		1012265		1787		12176
693		2448		1013595		1774		12192
694		2454		1014961		1795		12210
695		2479		1016285		1789		12225
696		2479		1017601		1787		12243
697		2474		1018933		1777		12261
698		2452		1020262		1774		12277
699		2453		1021583		1765		12296
700		2461		1022904		1772		12311
701		2477		1024264		1779		12328
702		2489		1025620		1768		12345
703		2490		1026966		1774		12361
704		2475		1028294		1753		12377
705		2457		1029622		1783		12396
706		2483		1030974		1792		12412
707		2503		1032351		1803		12430
708		2511		1033748		1752		12448
709		2530		1035153		1778		12463
710		2506		1036518		1783		12482
711		2507		1037906		1760		12498
712		2478		1039289		1794		12515
713		2506		1040651		1797		12531
714		2509		1042015		1793		12548
715		2491		1043369		1793		12565
716		2516		1044730		1764		12582
717		2499		1046099		1777		12600
718		2484		1047449		1768		12617
719		2479		1048774		1779		12635
720		2447		1050138		1785		12652
721		2450		1051490		1790		12669
722		2454		1052822		1791		12685
723		2466		1054165		1797		12702
724		2484		1055516		1799		12718
725		2474		1056887		1803		12738
726		2506		1058257		1777		12755
727		2503		1059614		1801		12771
728		2478		1060985		1790		12790
729		2478		1062363		1791		12808
730		2491		1063735		1789		12824
731		2487		1065112		1786		12841
732		2492		1066479		1788		12858
733		2480		1067812		1798		12876
734		2481		1069189		1787		12894
735		2453		1070551		1800		12915
736		2459		1071884		1795		12932
737		2462		1073191		1789		12949
738		2472		1074540		1792		12965
739		2467		1075895		1779		12982
740		2469		1077247		1790		12999
741		2463		1078590		1785		13016
742		2443		1079939		1808		13033
743		2438		1081266		1798		13049
744		2453		1082598		1769		13066
745		2457		1083955		1767		13082
746		2458		1085305		1792		13100
747		2452		1086648		1768		13120
748		2447		1087969		1752		13136
749		2427		1089292		1768		13152
750		2439		1090592		1768		13169
751		2477		1091928		1787		13185
752		2494		1093275		1766		13201
753		2464		1094639		1753		13218
754		2443		1095980		1745		13235
755		2445		1097342		1770		13252
756		2460		1098704		1776		13268
757		2460		1100069		1776		13286
758		2499		1101417		1797		13305
759		2472		1102805		1788		13323
760		2461		1104167		1764		13341
761		2476		1105546		1776		13357
762		2467		1106906		1779		13375
763		2441		1108244		1774		13391
764		2453		1109575		1782		13408
765		2456		1110898		1780		13426
766		2436		1112203		1781		13443
767		2472		1113529		1788		13459
768		2483		1114891		1766		13474
769		2477		1116246		1797		13488
770		2485		1117613		1796		13508
771		2476		1118967		1782		13526
772		2474		1120311		1775		13542
773		2482		1121653		1765		13558
774		2487		1123027		1774		13571
775		2491		1124388		1768		13586
776		2482		1125719		1787		13603
777		2506		1127085		1797		13618
778		2498		1128472		1791		13633
779		2485		1129816		1801		13650
780		2489		1131162		1781		13665
781		2482		1132528		1778		13680
782		2474		1133869		1794		13697
783		2468		1135230		1768		13713
784		2461		1136585		1767		13730
785		2465		1137904		1765		13745
786		2460		1139242		1751		13764
787		2449		1140552		1774		13779
788		2461		1141882		1784		13793
789		2473		1143210		1775		13810
790		2473		1144550		1794		13827
791		2467		1145918		1797		13845
792		2466		1147242		1781		13861
793		2485		1148626		1789		13877
794		2487		1149979		1808		13893
795		2487		1151354		1798		13909
796		2466		1152718		1805		13925
797		2451		1154047		1803		13941
798		2471		1155380		1828		13955
799		2460		1156715		1818		13972
800		2459		1158030		1816		13987
801		2478		1159365		1799		14004
802		2475		1160712		1799		14019
803		2497		1162068		1806		14035
804		2483		1163432		1810		14054
805		2475		1164787		1817		14068
806		2479		1166160		1809		14085
807		2464		1167518		1805		14102
808		2425		1168870		1802		14120
809		2444		1170226		1777		14140
810		2449		1171570		1783		14159
811		2437		1172908		1795		14178
812		2436		1174234		1784		14195
813		2429		1175557		1772		14213
814		2450		1176891		1788		14232
815		2450		1178223		1802		14251
816		2482		1179577		1793		14271
817		2493		1180947		1780		14288
818		2501		1182330		1788		14311
819		2500		1183740		1790		14332
820		2517		1185120		1789		14350
821		2509		1186513		1795		14368
822		2506		1187922		1788		14385
823		2498		1189290		1759		14407
824		2496		1190668		1765		14425
825		2489		1192041		1772		14443
826		2499		1193418		1783		14460
827		2514		1194823		1766		14478
828		2520		1196217		1777		14497
829		2496		1197605		1783		14516
830		2505		1198998		1780		14535
831		2484		1200365		1774		14554
832		2503		1201736		1774		14571
833		2497		1203115		1805		14589
834		2497		1204497		1773		14605
835		2490		1205881		1770		14622
836		2502		1207293		1779		14640
837		2507		1208687		1777		14659
838		2526		1210094		1782		14678
839		2525		1211499		1776		14694
840		2465		1212896		1772		14713
841		2450		1214292		1784		14734
842		2456		1215680		1779		14751
843		2464		1217111		1772		14768
844		2451		1218538		1789		14784
845		2415		1219920		1792		14803
846		2440		1221311		1765		14822
847		2427		1222748		1778		14840
848		2437		1224141		1792		14855
849		2378		1225496		1782		14869
850		2363		1226856		1768		14884
851		2349		1228197		1754		14899
852		2361		1229534		1766		14914
853		2345		1230854		1759		14930
854		2337		1232180		1764		14946
855		2326		1233486		1779		14963
856		2300		1234806		1802		14980
857		2284		1236070		1790		14996
858		2300		1237347		1798		15011
859		2319		1238644		1793		15026
860		2316		1239942		1787		15043
861		2319		1241238		1777		15060
862		2306		1242545		1770		15078
863		2291		1243855		1775		15098
864		2306		1245172		1770		15117
865		2319		1246484		1779		15136
866		2327		1247805		1785		15154
867		2294		1249098		1796		15173
868		2308		1250382		1806		15191
869		2318		1251684		1814		15209
870		2301		1252984		1785		15227
871		2300		1254286		1808		15245
872		2280		1255555		1780		15264
873		2300		1256831		1790		15281
874		2295		1258117		1791		15301
875		2272		1259414		1786		15319
876		2268		1260695		1788		15339
877		2277		1261968		1805		15360
878		2278		1263236		1774		15378
879		2300		1264530		1805		15397
880		2319		1265812		1795		15417
881		2292		1267067		1773		15436
882		2297		1268362		1767		15454
883		2282		1269652		1770		15474
884		2296		1270921		1786		15491
885		2294		1272226		1776		15509
886		2281		1273502		1820		15528
887		2285		1274772		1811		15546
888		2291		1276066		1808		15565
889		2298		1277359		1829		15584
890		2305		1278634		1803		15604
891		2279		1279893		1779		15621
892		2280		1281151		1777		15641
893		2285		1282426		1793		15659
894		2267		1283681		1793		15677
895		2262		1284954		1806		15701
896		2299		1286204		1793		15724
897		2265		1287465		1779		15741
898		2288		1288757		1764		15760
899		2270		1290040		1779		15782
900		2274		1291306		1767		15804
901		2280		1292564		1776		15824
902		2254		1293835		1764		15845
903		2236		1295063		1788		15865
904		2227		1296353		1781		15886
905		2269		1297616		1772		15903
906		2258		1298851		1774		15921
907		2234		1300081		1795		15938
908		2237		1301322		1777		15954
909		2235		1302555		1802		15972
910		2226		1303784		1804		15988
911		2219		1305022		1817		16005
912		2255		1306250		1794		16023
913		2265		1307519		1803		16042
914		2255		1308781		1794		16059
915		2259		1310057		1802		16077
916		2276		1311315		1763		16094
917		2268		1312565		1783		16111
918		2285		1313858		1761		16128
919		2293		1315130		1782		16145
920		2282		1316417		1777		16162
921		2285		1317709		1790		16183
922		2274		1319012		1797		16202
923		2264		1320241		1810		16220
924		2241		1321511		1818		16236
925		2239		1322769		1793		16252
926		2205		1324001		1793		16268
927		2247		1325238		1782		16287
928		2256		1326481		1790		16303
929		2248		1327740		1789		16323
930		2273		1328994		1795		16341
931		2260		1330256		1772		16358
932		2253		1331500		1782		16376
933		2291		1332788		1800		16398
934		2273		1334066		1805		16417
935		2281		1335337		1800		16437
936		2288		1336620		1792		16453
937		2274		1337870		1793		16471
938		2247		1339138		1793		16487
939		2247		1340391		1789		16505
940		2243		1341650		1796		16525
941		2250		1342885		1791		16543
942		2250		1344110		1793		16562
943		2233		1345368		1790		16581
944		2226		1346610		1796		16599
945		2240		1347830		1810		16617
946		2250		1349062		1806		16637
947		2230		1350283		1803		16657
948		2235		1351526		1799		16674
949		2239		1352758		1780		16692
950		2243		1354025		1782		16710
951		2226		1355270		1803		16727
952		2246		1356544		1773		16745
953		2267		1357814		1774		16762
954		2272		1359111		1787		16779
955		2318		1360407		1776		16797
956		2290		1361685		1785		16813
957		2269		1362964		1793		16830
958		2277		1364260		1800		16849
959		2285		1365559		1777		16871
960		2272		1366848		1792		16889
961		2239		1368098		1789		16906
962		2234		1369324		1791		16928
963		2239		1370592		1783		16947
964		2206		1371797		1778		16965
965		2223		1373019		1777		16982
966		2213		1374251		1774		17000
967		2241		1375479		1787		17020
968		2240		1376678		1784		17041
969		2244		1377948		1786		17061
970		2222		1379177		1773		17079
971		2225		1380426		1763		17098
972		2230		1381664		1779		17115
973		2249		1382873		1783		17133
974		2253		1384131		1779		17150
975		2225		1385344		1787		17166
976		2211		1386562		1783		17185
977		2219		1387785		1777		17201
978		2226		1389024		1783		17219
979		2259		1390284		1793		17236
980		2238		1391529		1787		17254
981		2268		1392759		1799		17269
982		2237		1393968		1806		17283
983		2235		1395188		1818		17299
984		2242		1396436		1809		17315
985		2246		1397674		1801		17332
986		2210		1398900		1804		17348
987		2181		1400081		1812		17365
988		2198		1401287		1808		17382
989		2212		1402524		1798		17399
990		2230		1403748		1781		17417
991		2204		1404975		1790		17435
992		2233		1406206		1795		17451
993		2222		1407417		1786		17466
994		2224		1408672		1765		17482
995		2206		1409907		1764		17497
996		2211		1411129		1759		17516
997		2216		1412341		1786		17532
998		2196		1413549		1769		17551
999		2201		1414733		1767		17568
