# Migration is number of nodes that have changed color.

Round		Edge-Cut		Swaps		Migrations		Skipped
0		3700		2240		1211
1		3526		4111		1321
2		3385		5848		1394
3		3313		7563		1417
4		3251		9207		1474
5		3205		10785		1484
6		3146		12330		1492
7		3071		13831		1501
8		3030		15260		1518
9		2988		16661		1561
10		2957		18004		1567
11		2953		19322		1563
12		2904		20603		1576
13		2903		21876		1589
14		2871		23120		1584
15		2839		24331		1598
16		2816		25515		1607
17		2800		26698		1598
18		2787		27848		1613
19		2785		28976		1606
20		2769		30104		1616
21		2766		31230		1609
22		2755		32339		1609
23		2740		33440		1604
24		2729		34527		1621
25		2712		35593		1624
26		2701		36655		1626
27		2697		37706		1619
28		2681		38758		1621
29		2683		39790		1612
30		2671		40816		1624
31		2664		41846		1614
32		2660		42856		1628
33		2659		43861		1627
34		2652		44863		1631
35		2654		45861		1629
36		2638		46858		1633
37		2642		47840		1631
38		2642		48821		1636
39		2639		49804		1635
40		2636		50784		1635
41		2639		51762		1631
42		2632		52744		1637
43		2634		53712		1638
44		2621		54674		1642
45		2618		55624		1638
46		2620		56568		1637
47		2615		57517		1638
48		2611		58455		1638
49		2610		59385		1633
50		2607		60310		1637
51		2605		61233		1638
52		2598		62144		1636
53		2596		63043		1639
54		2592		63946		1640
55		2590		64838		1640
56		2587		65730		1644
57		2580		66614		1641
58		2582		67486		1643
59		2581		68360		1641
60		2579		69234		1646
61		2581		70109		1643
62		2581		70984		1643
63		2577		71858		1639
64		2577		72730		1640
65		2575		73595		1639
66		2571		74459		1643
67		2572		75317		1638
68		2571		76177		1639
69		2568		77030		1638
70		2567		77879		1636
71		2563		78724		1640
72		2561		79569		1638
73		2560		80412		1636
74		2558		81252		1636
75		2558		82091		1635
76		2558		82930		1636
77		2557		83770		1635
78		2555		84609		1634
79		2555		85443		1635
80		2553		86278		1635
81		2548		87112		1631
82		2545		87938		1633
83		2543		88757		1634
84		2542		89573		1633
85		2541		90389		1631
86		2539		91204		1633
87		2537		92016		1632
88		2536		92827		1633
89		2534		93633		1635
90		2533		94434		1636
91		2532		95237		1635
92		2531		96038		1636
93		2531		96840		1636
94		2531		97640		1636
95		2530		98441		1637
96		2531		99244		1637
97		2528		100045		1638
98		2528		100849		1637
99		2529		101653		1636
100		2526		102452		1638
101		2523		103245		1638
102		2520		104032		1637
103		2521		104817		1638
104		2519		105601		1637
105		2518		106384		1636
106		2518		107166		1636
107		2517		107947		1636
108		2515		108726		1637
109		2516		109503		1636
110		2514		110279		1637
111		2514		111056		1636
112		2513		111829		1637
113		2511		112601		1636
114		2510		113370		1636
115		2510		114138		1636
116		2509		114905		1637
117		2509		115671		1637
118		2508		116436		1637
119		2507		117199		1637
120		2507		117961		1637
121		2507		118723		1637
122		2506		119486		1638
123		2506		120246		1638
124		2506		121006		1638
125		2506		121766		1638
126		2506		122526		1638
127		2505		123285		1637
128		2504		124044		1638
129		2504		124800		1638
130		2504		125556		1638
131		2504		126312		1638
132		2504		127068		1638
133		2504		127824		1638
134		2504		128580		1638
135		2503		129335		1638
136		2503		130089		1638
137		2502		130842		1638
138		2502		131594		1638
139		2502		132346		1638
140		2502		133098		1638
141		2501		133851		1638
142		2501		134603		1638
143		2501		135355		1638
144		2501		136107		1638
145		2501		136859		1638
146		2501		137611		1638
147		2501		138363		1638
148		2501		139115		1638
149		2500		139866		1637
150		2500		140616		1637
151		2500		141366		1637
152		2500		142116		1637
153		2500		142866		1637
154		2499		143615		1637
155		2499		144363		1637
156		2499		145111		1637
157		2499		145859		1637
158		2498		146606		1637
159		2498		147352		1637
160		2498		148098		1637
161		2498		148844		1637
162		2498		149590		1637
163		2498		150336		1637
164		2498		151082		1637
165		2498		151828		1637
166		2497		152573		1637
167		2497		153317		1637
168		2497		154061		1637
169		2496		154806		1638
170		2496		155548		1638
171		2496		156290		1638
172		2496		157032		1638
173		2496		157774		1638
174		2496		158516		1638
175		2496		159258		1638
176		2496		160000		1638
177		2495		160741		1637
178		2494		161480		1637
179		2494		162218		1637
180		2494		162956		1637
181		2494		163694		1637
182		2494		164432		1637
183		2494		165170		1637
184		2494		165908		1637
185		2493		166645		1638
186		2493		167381		1638
187		2493		168117		1638
188		2492		168852		1637
189		2491		169587		1636
190		2491		170319		1636
191		2491		171051		1636
192		2491		171783		1636
193		2491		172515		1636
194		2491		173247		1636
195		2491		173979		1636
196		2491		174711		1636
197		2491		175443		1636
198		2491		176175		1636
199		2491		176907		1636
200		2491		177639		1636
201		2490		178370		1636
202		2490		179100		1636
203		2490		179830		1636
204		2490		180560		1636
205		2490		181290		1636
206		2490		182020		1636
207		2490		182750		1636
208		2490		183480		1636
209		2490		184210		1636
210		2490		184940		1636
211		2490		185670		1636
212		2489		186399		1637
213		2489		187127		1637
214		2488		187856		1638
215		2488		188582		1638
216		2487		189307		1639
217		2487		190031		1639
218		2486		190754		1638
219		2486		191476		1638
220		2486		192198		1638
221		2486		192920		1638
222		2486		193642		1638
223		2485		194363		1639
224		2485		195083		1639
225		2485		195803		1639
226		2485		196523		1639
227		2485		197243		1639
228		2484		197962		1639
229		2484		198680		1639
230		2484		199398		1639
231		2483		200115		1638
232		2483		200831		1638
233		2483		201547		1638
234		2483		202263		1638
235		2483		202979		1638
236		2483		203695		1638
237		2483		204411		1638
238		2483		205127		1638
239		2483		205843		1638
240		2483		206559		1638
241		2483		207275		1638
242		2483		207991		1638
243		2483		208707		1638
244		2483		209423		1638
245		2483		210139		1638
246		2483		210855		1638
247		2483		211571		1638
248		2483		212287		1638
249		2483		213003		1638
250		2483		213719		1638
251		2483		214435		1638
252		2483		215151		1638
253		2483		215867		1638
254		2483		216583		1638
255		2483		217299		1638
256		2483		218015		1638
257		2483		218731		1638
258		2483		219447		1638
259		2483		220163		1638
260		2483		220879		1638
261		2483		221595		1638
262		2483		222311		1638
263		2483		223027		1638
264		2483		223743		1638
265		2483		224459		1638
266		2483		225175		1638
267		2483		225891		1638
268		2483		226607		1638
269		2483		227323		1638
270		2483		228039		1638
271		2483		228755		1638
272		2483		229471		1638
273		2483		230187		1638
274		2483		230903		1638
275		2483		231619		1638
276		2483		232335		1638
277		2483		233051		1638
278		2483		233767		1638
279		2483		234483		1638
280		2482		235200		1639
281		2482		235914		1639
282		2482		236628		1639
283		2482		237342		1639
284		2482		238056		1639
285		2482		238770		1639
286		2482		239484		1639
287		2482		240198		1639
288		2482		240912		1639
289		2482		241626		1639
290		2482		242340		1639
291		2482		243054		1639
292		2482		243768		1639
293		2482		244482		1639
294		2482		245196		1639
295		2482		245910		1639
296		2482		246624		1639
297		2482		247338		1639
298		2482		248052		1639
299		2482		248766		1639
300		2482		249480		1639
301		2482		250194		1639
302		2482		250908		1639
303		2482		251622		1639
304		2481		252337		1639
305		2479		253047		1640
306		2479		253757		1640
307		2479		254467		1640
308		2479		255177		1640
309		2479		255887		1640
310		2479		256597		1640
311		2479		257307		1640
312		2479		258017		1640
313		2479		258727		1640
314		2479		259437		1640
315		2479		260147		1640
316		2479		260857		1640
317		2479		261567		1640
318		2479		262277		1640
319		2478		262988		1640
320		2478		263696		1640
321		2477		264403		1640
322		2477		265109		1640
323		2477		265815		1640
324		2477		266521		1640
325		2477		267227		1640
326		2477		267933		1640
327		2477		268639		1640
328		2477		269345		1640
329		2477		270051		1640
330		2476		270756		1640
331		2476		271460		1640
332		2475		272165		1639
333		2475		272867		1639
334		2475		273569		1639
335		2474		274270		1639
336		2474		274970		1639
337		2474		275670		1639
338		2474		276370		1639
339		2474		277070		1639
340		2474		277770		1639
341		2474		278470		1639
342		2474		279170		1639
343		2474		279870		1639
344		2474		280570		1639
345		2473		281271		1638
346		2473		281969		1638
347		2473		282667		1638
348		2473		283365		1638
349		2472		284064		1639
350		2471		284759		1639
351		2471		285453		1639
352		2471		286147		1639
353		2471		286841		1639
354		2471		287535		1639
355		2470		288228		1639
356		2470		288920		1639
357		2470		289612		1639
358		2470		290304		1639
359		2470		290996		1639
360		2470		291688		1639
361		2470		292380		1639
362		2470		293072		1639
363		2470		293764		1639
364		2470		294456		1639
365		2470		295148		1639
366		2470		295840		1639
367		2470		296532		1639
368		2470		297224		1639
369		2470		297916		1639
370		2470		298608		1639
371		2470		299300		1639
372		2470		299992		1639
373		2470		300684		1639
374		2470		301376		1639
375		2470		302068		1639
376		2470		302760		1639
377		2470		303452		1639
378		2470		304144		1639
379		2470		304836		1639
380		2470		305528		1639
381		2470		306220		1639
382		2469		306911		1639
383		2469		307601		1639
384		2469		308291		1639
385		2469		308981		1639
386		2469		309671		1639
387		2469		310361		1639
388		2469		311051		1639
389		2469		311741		1639
390		2469		312431		1639
391		2468		313120		1639
392		2468		313808		1639
393		2467		314495		1640
394		2467		315181		1640
395		2465		315867		1640
396		2464		316550		1639
397		2464		317230		1639
398		2463		317909		1639
399		2463		318587		1639
400		2463		319265		1639
401		2463		319943		1639
402		2462		320622		1639
403		2461		321299		1639
404		2461		321973		1639
405		2461		322647		1639
406		2461		323321		1639
407		2461		323995		1639
408		2461		324669		1639
409		2459		325343		1641
410		2459		326015		1641
411		2459		326687		1641
412		2459		327359		1641
413		2459		328031		1641
414		2459		328703		1641
415		2459		329375		1641
416		2459		330047		1641
417		2459		330719		1641
418		2459		331391		1641
419		2459		332063		1641
420		2459		332735		1641
421		2459		333407		1641
422		2459		334079		1641
423		2459		334751		1641
424		2459		335423		1641
425		2459		336095		1641
426		2459		336767		1641
427		2459		337439		1641
428		2458		338110		1641
429		2457		338781		1641
430		2457		339449		1641
431		2457		340117		1641
432		2457		340785		1641
433		2457		341453		1641
434		2457		342121		1641
435		2456		342788		1642
436		2456		343454		1642
437		2456		344120		1642
438		2456		344786		1642
439		2455		345451		1641
440		2455		346115		1641
441		2455		346779		1641
442		2454		347442		1642
443		2454		348104		1642
444		2454		348766		1642
445		2454		349428		1642
446		2454		350090		1642
447		2454		350752		1642
448		2454		351414		1642
449		2454		352076		1642
450		2454		352738		1642
451		2454		353400		1642
452		2454		354062		1642
453		2453		354723		1641
454		2453		355383		1641
455		2453		356043		1641
456		2453		356703		1641
457		2453		357363		1641
458		2453		358023		1641
459		2453		358683		1641
460		2453		359343		1641
461		2453		360003		1641
462		2453		360663		1641
463		2453		361323		1641
464		2453		361983		1641
465		2453		362643		1641
466		2453		363303		1641
467		2453		363963		1641
468		2453		364623		1641
469		2453		365283		1641
470		2453		365943		1641
471		2453		366603		1641
472		2453		367263		1641
473		2453		367923		1641
474		2452		368584		1640
475		2452		369242		1640
476		2451		369901		1641
477		2451		370559		1641
478		2451		371217		1641
479		2451		371875		1641
480		2451		372533		1641
481		2451		373191		1641
482		2451		373849		1641
483		2451		374507		1641
484		2451		375165		1641
485		2451		375823		1641
486		2451		376481		1641
487		2451		377139		1641
488		2451		377797		1641
489		2451		378455		1641
490		2451		379113		1641
491		2451		379771		1641
492		2451		380429		1641
493		2451		381087		1641
494		2451		381745		1641
495		2451		382403		1641
496		2451		383061		1641
497		2451		383719		1641
498		2451		384377		1641
499		2451		385035		1641
500		2450		385692		1641
501		2450		386348		1641
502		2450		387004		1641
503		2450		387660		1641
504		2450		388316		1641
505		2450		388972		1641
506		2450		389628		1641
507		2450		390284		1641
508		2450		390940		1641
509		2450		391596		1641
510		2450		392252		1641
511		2450		392908		1641
512		2450		393564		1641
513		2450		394220		1641
514		2450		394876		1641
515		2450		395532		1641
516		2450		396188		1641
517		2449		396845		1640
518		2449		397499		1640
519		2449		398153		1640
520		2449		398807		1640
521		2449		399461		1640
522		2449		400115		1640
523		2449		400769		1640
524		2449		401423		1640
525		2449		402077		1640
526		2449		402731		1640
527		2449		403385		1640
528		2449		404039		1640
529		2449		404693		1640
530		2449		405347		1640
531		2449		406001		1640
532		2449		406655		1640
533		2449		407309		1640
534		2449		407963		1640
535		2449		408617		1640
536		2449		409271		1640
537		2449		409925		1640
538		2448		410578		1640
539		2447		411229		1639
540		2447		411879		1639
541		2446		412530		1639
542		2446		413178		1639
543		2446		413826		1639
544		2446		414474		1639
545		2445		415121		1638
546		2444		415766		1638
547		2444		416410		1638
548		2444		417054		1638
549		2444		417698		1638
550		2444		418342		1638
551		2444		418986		1638
552		2444		419630		1638
553		2444		420274		1638
554		2444		420918		1638
555		2444		421562		1638
556		2444		422206		1638
557		2444		422850		1638
558		2444		423494		1638
559		2444		424138		1638
560		2444		424782		1638
561		2444		425426		1638
562		2444		426070		1638
563		2443		426713		1639
564		2443		427355		1639
565		2443		427997		1639
566		2443		428639		1639
567		2443		429281		1639
568		2443		429923		1639
569		2443		430565		1639
570		2443		431207		1639
571		2443		431849		1639
572		2443		432491		1639
573		2443		433133		1639
574		2443		433775		1639
575		2443		434417		1639
576		2443		435059		1639
577		2442		435700		1640
578		2442		436340		1640
579		2442		436980		1640
580		2442		437620		1640
581		2442		438260		1640
582		2442		438900		1640
583		2442		439540		1640
584		2441		440179		1640
585		2441		440817		1640
586		2441		441455		1640
587		2441		442093		1640
588		2441		442731		1640
589		2440		443368		1640
590		2440		444004		1640
591		2440		444640		1640
592		2440		445276		1640
593		2440		445912		1640
594		2440		446548		1640
595		2439		447183		1640
596		2439		447817		1640
597		2438		448452		1639
598		2438		449084		1639
599		2438		449716		1639
600		2438		450348		1639
601		2437		450979		1639
602		2437		451609		1639
603		2437		452239		1639
604		2437		452869		1639
605		2437		453499		1639
606		2437		454129		1639
607		2437		454759		1639
608		2437		455389		1639
609		2437		456019		1639
610		2437		456649		1639
611		2437		457279		1639
612		2437		457909		1639
613		2437		458539		1639
614		2437		459169		1639
615		2437		459799		1639
616		2436		460428		1640
617		2436		461056		1640
618		2436		461684		1640
619		2436		462312		1640
620		2436		462940		1640
621		2436		463568		1640
622		2436		464196		1640
623		2436		464824		1640
624		2435		465453		1641
625		2435		466081		1641
626		2434		466708		1642
627		2433		467335		1641
628		2433		467959		1641
629		2433		468583		1641
630		2433		469207		1641
631		2433		469831		1641
632		2433		470455		1641
633		2433		471079		1641
634		2433		471703		1641
635		2433		472327		1641
636		2433		472951		1641
637		2433		473575		1641
638		2433		474199		1641
639		2433		474823		1641
640		2433		475447		1641
641		2433		476071		1641
642		2433		476695		1641
643		2433		477319		1641
644		2433		477943		1641
645		2433		478567		1641
646		2433		479191		1641
647		2433		479815		1641
648		2433		480439		1641
649		2433		481063		1641
650		2433		481687		1641
651		2433		482311		1641
652		2432		482934		1642
653		2432		483556		1642
654		2432		484178		1642
655		2432		484800		1642
656		2432		485422		1642
657		2432		486044		1642
658		2432		486666		1642
659		2432		487288		1642
660		2432		487910		1642
661		2431		488531		1643
662		2431		489151		1643
663		2431		489771		1643
664		2431		490391		1643
665		2431		491011		1643
666		2431		491631		1643
667		2431		492251		1643
668		2431		492871		1643
669		2431		493491		1643
670		2431		494111		1643
671		2431		494731		1643
672		2431		495351		1643
673		2431		495971		1643
674		2431		496591		1643
675		2431		497211		1643
676		2431		497831		1643
677		2431		498451		1643
678		2431		499071		1643
679		2431		499691		1643
680		2431		500311		1643
681		2431		500931		1643
682		2431		501551		1643
683		2431		502171		1643
684		2431		502791		1643
685		2431		503411		1643
686		2431		504031		1643
687		2431		504651		1643
688		2431		505271		1643
689		2431		505891		1643
690		2430		506510		1643
691		2430		507128		1643
692		2430		507746		1643
693		2430		508364		1643
694		2430		508982		1643
695		2430		509600		1643
696		2430		510218		1643
697		2430		510836		1643
698		2430		511454		1643
699		2430		512072		1643
700		2430		512690		1643
701		2430		513308		1643
702		2430		513926		1643
703		2430		514544		1643
704		2430		515162		1643
705		2430		515780		1643
706		2430		516398		1643
707		2430		517016		1643
708		2430		517634		1643
709		2430		518252		1643
710		2429		518869		1642
711		2429		519485		1642
712		2429		520101		1642
713		2429		520717		1642
714		2429		521333		1642
715		2429		521949		1642
716		2429		522565		1642
717		2429		523181		1642
718		2429		523797		1642
719		2429		524413		1642
720		2429		525029		1642
721		2429		525645		1642
722		2429		526261		1642
723		2429		526877		1642
724		2429		527493		1642
725		2429		528109		1642
726		2429		528725		1642
727		2429		529341		1642
728		2429		529957		1642
729		2429		530573		1642
730		2429		531189		1642
731		2429		531805		1642
732		2429		532421		1642
733		2429		533037		1642
734		2429		533653		1642
735		2428		534268		1643
736		2428		534882		1643
737		2428		535496		1643
738		2428		536110		1643
739		2428		536724		1643
740		2428		537338		1643
741		2428		537952		1643
742		2427		538567		1643
743		2427		539179		1643
744		2427		539791		1643
745		2427		540403		1643
746		2427		541015		1643
747		2427		541627		1643
748		2427		542239		1643
749		2427		542851		1643
750		2427		543463		1643
751		2427		544075		1643
752		2427		544687		1643
753		2427		545299		1643
754		2427		545911		1643
755		2427		546523		1643
756		2427		547135		1643
757		2427		547747		1643
758		2427		548359		1643
759		2427		548971		1643
760		2427		549583		1643
761		2427		550195		1643
762		2427		550807		1643
763		2427		551419		1643
764		2427		552031		1643
765		2427		552643		1643
766		2427		553255		1643
767		2427		553867		1643
768		2427		554479		1643
769		2427		555091		1643
770		2426		555704		1642
771		2425		556315		1641
772		2425		556923		1641
773		2425		557531		1641
774		2425		558139		1641
775		2425		558747		1641
776		2425		559355		1641
777		2425		559963		1641
778		2425		560571		1641
779		2425		561179		1641
780		2425		561787		1641
781		2425		562395		1641
782		2424		563002		1641
783		2424		563608		1641
784		2424		564214		1641
785		2424		564820		1641
786		2424		565426		1641
787		2424		566032		1641
788		2423		566637		1640
789		2423		567241		1640
790		2423		567845		1640
791		2423		568449		1640
792		2423		569053		1640
793		2423		569657		1640
794		2423		570261		1640
795		2423		570865		1640
796		2423		571469		1640
797		2423		572073		1640
798		2423		572677		1640
799		2423		573281		1640
800		2423		573885		1640
801		2423		574489		1640
802		2423		575093		1640
803		2423		575697		1640
804		2423		576301		1640
805		2423		576905		1640
806		2423		577509		1640
807		2422		578112		1640
808		2422		578714		1640
809		2422		579316		1640
810		2422		579918		1640
811		2422		580520		1640
812		2422		581122		1640
813		2422		581724		1640
814		2422		582326		1640
815		2422		582928		1640
816		2422		583530		1640
817		2422		584132		1640
818		2422		584734		1640
819		2422		585336		1640
820		2422		585938		1640
821		2422		586540		1640
822		2422		587142		1640
823		2422		587744		1640
824		2422		588346		1640
825		2422		588948		1640
826		2422		589550		1640
827		2422		590152		1640
828		2422		590754		1640
829		2422		591356		1640
830		2422		591958		1640
831		2422		592560		1640
832		2422		593162		1640
833		2422		593764		1640
834		2422		594366		1640
835		2422		594968		1640
836		2422		595570		1640
837		2422		596172		1640
838		2421		596773		1639
839		2421		597373		1639
840		2421		597973		1639
841		2421		598573		1639
842		2421		599173		1639
843		2421		599773		1639
844		2421		600373		1639
845		2421		600973		1639
846		2421		601573		1639
847		2421		602173		1639
848		2421		602773		1639
849		2420		603372		1640
850		2420		603970		1640
851		2419		604567		1640
852		2419		605163		1640
853		2418		605758		1641
854		2418		606352		1641
855		2418		606946		1641
856		2418		607540		1641
857		2418		608134		1641
858		2418		608728		1641
859		2418		609322		1641
860		2418		609916		1641
861		2418		610510		1641
862		2418		611104		1641
863		2418		611698		1641
864		2418		612292		1641
865		2418		612886		1641
866		2418		613480		1641
867		2418		614074		1641
868		2418		614668		1641
869		2418		615262		1641
870		2418		615856		1641
871		2418		616450		1641
872		2418		617044		1641
873		2418		617638		1641
874		2418		618232		1641
875		2418		618826		1641
876		2418		619420		1641
877		2418		620014		1641
878		2418		620608		1641
879		2418		621202		1641
880		2418		621796		1641
881		2418		622390		1641
882		2418		622984		1641
883		2418		623578		1641
884		2418		624172		1641
885		2418		624766		1641
886		2418		625360		1641
887		2418		625954		1641
888		2418		626548		1641
889		2418		627142		1641
890		2418		627736		1641
891		2418		628330		1641
892		2418		628924		1641
893		2418		629518		1641
894		2418		630112		1641
895		2418		630706		1641
896		2418		631300		1641
897		2418		631894		1641
898		2417		632487		1641
899		2417		633079		1641
900		2417		633671		1641
901		2417		634263		1641
902		2417		634855		1641
903		2416		635446		1641
904		2415		636035		1640
905		2415		636623		1640
906		2415		637211		1640
907		2415		637799		1640
908		2415		638387		1640
909		2415		638975		1640
910		2415		639563		1640
911		2415		640151		1640
912		2415		640739		1640
913		2414		641326		1639
914		2414		641912		1639
915		2414		642498		1639
916		2414		643084		1639
917		2414		643670		1639
918		2414		644256		1639
919		2414		644842		1639
920		2413		645429		1639
921		2413		646013		1639
922		2413		646597		1639
923		2413		647181		1639
924		2413		647765		1639
925		2413		648349		1639
926		2413		648933		1639
927		2413		649517		1639
928		2413		650101		1639
929		2413		650685		1639
930		2413		651269		1639
931		2413		651853		1639
932		2413		652437		1639
933		2413		653021		1639
934		2412		653604		1639
935		2412		654186		1639
936		2412		654768		1639
937		2412		655350		1639
938		2412		655932		1639
939		2412		656514		1639
940		2412		657096		1639
941		2412		657678		1639
942		2412		658260		1639
943		2412		658842		1639
944		2412		659424		1639
945		2412		660006		1639
946		2412		660588		1639
947		2412		661170		1639
948		2412		661752		1639
949		2411		662333		1638
950		2411		662913		1638
951		2411		663493		1638
952		2411		664073		1638
953		2411		664653		1638
954		2411		665233		1638
955		2411		665813		1638
956		2411		666393		1638
957		2411		666973		1638
958		2411		667553		1638
959		2411		668133		1638
960		2411		668713		1638
961		2411		669293		1638
962		2411		669873		1638
963		2411		670453		1638
964		2411		671033		1638
965		2411		671613		1638
966		2411		672193		1638
967		2411		672773		1638
968		2411		673353		1638
969		2411		673933		1638
970		2411		674513		1638
971		2411		675093		1638
972		2411		675673		1638
973		2411		676253		1638
974		2411		676833		1638
975		2411		677413		1638
976		2411		677993		1638
977		2411		678573		1638
978		2411		679153		1638
979		2411		679733		1638
980		2411		680313		1638
981		2411		680893		1638
982		2411		681473		1638
983		2410		682052		1638
984		2410		682630		1638
985		2410		683208		1638
986		2410		683786		1638
987		2410		684364		1638
988		2410		684942		1638
989		2410		685520		1638
990		2410		686098		1638
991		2410		686676		1638
992		2410		687254		1638
993		2410		687832		1638
994		2409		688409		1638
995		2409		688985		1638
996		2409		689561		1638
997		2409		690137		1638
998		2409		690713		1638
999		2409		691289		1638
