# Migration is number of nodes that have changed color.

Round		Edge-Cut		Swaps		Migrations		Skipped
0		5417		2382		1836
1		4329		4726		1680
2		3832		6944		1711
3		3901		9138		1721
4		3849		11314		1727
5		3821		13480		1741
6		3800		15653		1736
7		3762		17836		1747
8		3797		19995		1753
9		3760		22148		1732
10		3657		24301		1741
11		3650		26395		1767
12		3609		28503		1719
13		3577		30602		1720
14		3523		32685		1765
15		3522		34747		1750
16		3467		36803		1737
17		3453		38829		1724
18		3459		40863		1704
19		3500		42917		1778
20		3435		44969		1778
21		3489		46995		1766
22		3437		49042		1749
23		3401		51052		1724
24		3400		53085		1770
25		3367		55103		1803
26		3363		57090		1782
27		3365		59071		1768
28		3373		61059		1731
29		3315		63028		1781
30		3256		64965		1780
31		3248		66869		1807
32		3236		68793		1788
33		3238		70695		1796
34		3209		72618		1806
35		3197		74501		1794
36		3198		76388		1824
37		3203		78221		1831
38		3179		80098		1820
39		3179		81967		1793
40		3145		83791		1786
41		3115		85592		1814
42		3090		87376		1822
43		3071		89181		1792
44		3021		90946		1797
45		3001		92682		1780
46		2992		94416		1769
47		2966		96117		1770
48		2972		97811		1796
49		2932		99510		1807
50		2860		101022		1808
51		2808		102462		1819
52		2763		103855		1828
53		2713		105193		1807
54		2672		106477		1817
55		2628		107745		1812
56		2596		108972		1813
57		2560		110161		1820
58		2548		111329		1809
59		2531		112481		1821
60		2531		113635		1815
61		2509		114780		1819
62		2496		115900		1810
63		2480		116996		1814
64		2475		118075		1817
65		2467		119148		1826
66		2443		120202		1831
67		2439		121239		1840
68		2435		122286		1829
69		2421		123314		1824
70		2407		124320		1822
71		2397		125315		1825
72		2395		126305		1824
73		2390		127282		1818
74		2383		128252		1819
75		2373		129203		1823
76		2362		130143		1823
77		2356		131079		1828
78		2350		132007		1828
79		2344		132923		1833
80		2339		133841		1831
81		2339		134747		1830
82		2340		135665		1833
83		2333		136573		1834
84		2326		137466		1836
85		2332		138356		1836
86		2321		139250		1835
87		2318		140128		1839
88		2312		140997		1843
89		2309		141863		1844
90		2302		142729		1837
91		2300		143582		1838
92		2295		144430		1838
93		2292		145268		1835
94		2294		146100		1835
95		2290		146934		1836
96		2287		147765		1836
97		2288		148591		1838
98		2287		149419		1833
99		2284		150247		1834
100		2289		151068		1838
101		2281		151894		1833
102		2274		152706		1837
103		2272		153510		1840
104		2266		154313		1840
105		2263		155105		1838
106		2265		155894		1835
107		2264		156686		1838
108		2261		157482		1837
109		2260		158270		1839
110		2260		159053		1836
111		2258		159841		1836
112		2259		160628		1838
113		2256		161415		1837
114		2255		162199		1836
115		2252		162980		1837
116		2249		163757		1835
117		2249		164533		1835
118		2249		165310		1834
119		2247		166087		1834
120		2247		166859		1834
121		2247		167631		1834
122		2246		168402		1835
123		2246		169172		1835
124		2246		169943		1836
125		2246		170713		1836
126		2246		171483		1836
127		2246		172253		1836
128		2245		173024		1835
129		2244		173793		1834
130		2244		174560		1834
131		2244		175326		1834
132		2243		176091		1833
133		2243		176855		1833
134		2242		177620		1833
135		2241		178383		1834
136		2241		179147		1834
137		2241		179911		1834
138		2241		180675		1834
139		2241		181439		1834
140		2241		182203		1834
141		2241		182967		1834
142		2241		183731		1834
143		2241		184496		1833
144		2241		185260		1833
145		2241		186024		1833
146		2241		186788		1833
147		2241		187552		1833
148		2241		188316		1833
149		2241		189080		1833
150		2241		189844		1833
151		2241		190608		1833
152		2241		191373		1835
153		2241		192137		1835
154		2241		192901		1835
155		2241		193665		1835
156		2241		194429		1835
157		2241		195193		1835
158		2241		195957		1835
159		2241		196721		1835
160		2241		197485		1835
161		2241		198249		1835
162		2241		199013		1835
163		2241		199778		1836
164		2241		200542		1836
165		2241		201306		1836
166		2241		202070		1836
167		2241		202834		1836
168		2241		203598		1836
169		2241		204362		1836
170		2241		205126		1836
171		2241		205890		1836
172		2241		206654		1836
173		2241		207418		1836
174		2241		208182		1836
175		2241		208946		1836
176		2241		209710		1836
177		2241		210474		1836
178		2241		211238		1836
179		2241		212002		1836
180		2241		212766		1836
181		2241		213530		1836
182		2241		214294		1836
183		2241		215058		1836
184		2241		215822		1836
185		2241		216586		1836
186		2241		217350		1836
187		2241		218114		1836
188		2241		218878		1836
189		2241		219642		1836
190		2241		220406		1836
191		2241		221170		1836
192		2241		221934		1836
193		2241		222698		1836
194		2241		223462		1836
195		2241		224226		1836
196		2241		224990		1836
197		2241		225754		1836
198		2241		226518		1836
199		2241		227282		1836
200		2241		228046		1836
201		2241		228810		1836
202		2241		229574		1836
203		2241		230338		1836
204		2241		231102		1836
205		2241		231866		1836
206		2241		232630		1836
207		2241		233394		1836
208		2241		234158		1836
209		2241		234922		1836
210		2241		235686		1836
211		2241		236450		1836
212		2241		237214		1836
213		2241		237978		1836
214		2241		238742		1836
215		2241		239506		1836
216		2241		240270		1836
217		2241		241034		1836
218		2241		241798		1836
219		2241		242562		1836
220		2241		243326		1836
221		2241		244090		1836
222		2241		244854		1836
223		2241		245618		1836
224		2241		246382		1836
225		2241		247146		1836
226		2241		247910		1836
227		2241		248674		1836
228		2241		249438		1836
229		2241		250202		1836
230		2241		250966		1836
231		2241		251730		1836
232		2241		252494		1836
233		2241		253258		1836
234		2241		254022		1836
235		2241		254786		1836
236		2241		255550		1836
237		2241		256314		1836
238		2241		257078		1836
239		2241		257842		1836
240		2241		258606		1836
241		2241		259370		1836
242		2241		260134		1836
243		2241		260898		1836
244		2241		261662		1836
245		2241		262426		1836
246		2241		263190		1836
247		2241		263954		1836
248		2241		264718		1836
249		2241		265482		1836
250		2241		266246		1836
251		2241		267010		1836
252		2241		267774		1836
253		2241		268538		1836
254		2241		269302		1836
255		2241		270066		1836
256		2241		270830		1836
257		2241		271594		1836
258		2241		272358		1836
259		2241		273122		1836
260		2241		273886		1836
261		2241		274650		1836
262		2241		275414		1836
263		2241		276178		1836
264		2241		276942		1836
265		2241		277706		1836
266		2241		278470		1836
267		2241		279234		1836
268		2241		279998		1836
269		2241		280762		1836
270		2241		281526		1836
271		2241		282290		1836
272		2241		283054		1836
273		2241		283818		1836
274		2241		284582		1836
275		2241		285346		1836
276		2241		286110		1836
277		2241		286874		1836
278		2241		287638		1836
279		2241		288402		1836
280		2241		289166		1836
281		2241		289930		1836
282		2241		290694		1836
283		2241		291458		1836
284		2241		292222		1836
285		2241		292986		1836
286		2241		293750		1836
287		2241		294514		1836
288		2241		295279		1837
289		2241		296043		1837
290		2241		296807		1837
291		2241		297571		1837
292		2241		298335		1837
293		2241		299099		1837
294		2241		299863		1837
295		2241		300627		1837
296		2241		301391		1837
297		2241		302155		1837
298		2241		302919		1837
299		2241		303683		1837
300		2241		304447		1837
301		2241		305211		1837
302		2241		305975		1837
303		2241		306739		1837
304		2241		307503		1837
305		2241		308267		1837
306		2241		309031		1837
307		2241		309795		1837
308		2241		310559		1837
309		2241		311323		1837
310		2241		312087		1837
311		2241		312851		1837
312		2241		313615		1837
313		2241		314379		1837
314		2241		315143		1837
315		2241		315907		1837
316		2241		316671		1837
317		2241		317435		1837
318		2241		318199		1837
319		2241		318963		1837
320		2241		319727		1837
321		2241		320491		1837
322		2241		321255		1837
323		2241		322019		1837
324		2241		322783		1837
325		2241		323547		1837
326		2241		324311		1837
327		2241		325075		1837
328		2241		325839		1837
329		2241		326603		1837
330		2241		327367		1837
331		2241		328131		1837
332		2241		328895		1837
333		2241		329659		1837
334		2241		330423		1837
335		2241		331187		1837
336		2241		331951		1837
337		2241		332715		1837
338		2241		333479		1837
339		2241		334243		1837
340		2241		335007		1837
341		2241		335771		1837
342		2241		336535		1837
343		2241		337299		1837
344		2241		338063		1837
345		2241		338827		1837
346		2241		339591		1837
347		2241		340355		1837
348		2241		341119		1837
349		2241		341883		1837
350		2241		342647		1837
351		2241		343411		1837
352		2241		344175		1837
353		2241		344939		1837
354		2241		345703		1837
355		2241		346467		1837
356		2241		347231		1837
357		2241		347995		1837
358		2241		348759		1837
359		2241		349523		1837
360		2241		350287		1837
361		2241		351051		1837
362		2241		351815		1837
363		2241		352579		1837
364		2241		353343		1837
365		2241		354107		1837
366		2241		354871		1837
367		2241		355635		1837
368		2241		356399		1837
369		2241		357163		1837
370		2241		357927		1837
371		2241		358691		1837
372		2241		359455		1837
373		2241		360219		1837
374		2241		360983		1837
375		2241		361747		1837
376		2241		362511		1837
377		2241		363275		1837
378		2241		364039		1837
379		2241		364803		1837
380		2241		365567		1837
381		2241		366331		1837
382		2241		367095		1837
383		2241		367859		1837
384		2241		368623		1837
385		2241		369387		1837
386		2241		370151		1837
387		2241		370915		1837
388		2241		371679		1837
389		2241		372443		1837
390		2241		373207		1837
391		2241		373971		1837
392		2241		374735		1837
393		2241		375499		1837
394		2241		376263		1837
395		2241		377027		1837
396		2241		377791		1837
397		2241		378555		1837
398		2241		379319		1837
399		2241		380083		1837
400		2241		380847		1837
401		2241		381611		1837
402		2241		382375		1837
403		2241		383139		1837
404		2241		383903		1837
405		2241		384667		1837
406		2241		385431		1837
407		2241		386195		1837
408		2241		386959		1837
409		2241		387723		1837
410		2241		388487		1837
411		2241		389251		1837
412		2241		390015		1837
413		2241		390779		1837
414		2241		391543		1837
415		2241		392307		1837
416		2241		393071		1837
417		2241		393835		1837
418		2241		394599		1837
419		2241		395363		1837
420		2241		396127		1837
421		2241		396891		1837
422		2241		397655		1837
423		2241		398419		1837
424		2241		399183		1837
425		2241		399947		1837
426		2241		400711		1837
427		2241		401475		1837
428		2241		402239		1837
429		2241		403003		1837
430		2241		403767		1837
431		2241		404531		1837
432		2241		405295		1837
433		2241		406059		1837
434		2241		406823		1837
435		2241		407587		1837
436		2241		408351		1837
437		2241		409115		1837
438		2241		409879		1837
439		2241		410643		1837
440		2241		411407		1837
441		2241		412171		1837
442		2241		412935		1837
443		2241		413699		1837
444		2241		414463		1837
445		2241		415227		1837
446		2241		415991		1837
447		2241		416755		1837
448		2241		417519		1837
449		2241		418283		1837
450		2241		419047		1837
451		2241		419811		1837
452		2241		420575		1837
453		2241		421339		1837
454		2241		422103		1837
455		2241		422867		1837
456		2241		423631		1837
457		2241		424395		1837
458		2241		425159		1837
459		2241		425923		1837
460		2241		426687		1837
461		2241		427451		1837
462		2241		428215		1837
463		2241		428979		1837
464		2241		429743		1837
465		2241		430507		1837
466		2241		431271		1837
467		2241		432035		1837
468		2241		432799		1837
469		2241		433563		1837
470		2241		434327		1837
471		2241		435091		1837
472		2241		435855		1837
473		2241		436619		1837
474		2241		437383		1837
475		2241		438147		1837
476		2241		438911		1837
477		2241		439675		1837
478		2241		440439		1837
479		2241		441203		1837
480		2241		441967		1837
481		2241		442731		1837
482		2241		443495		1837
483		2241		444259		1837
484		2241		445023		1837
485		2241		445787		1837
486		2241		446551		1837
487		2241		447315		1837
488		2241		448079		1837
489		2241		448843		1837
490		2241		449607		1837
491		2241		450371		1837
492		2241		451135		1837
493		2241		451899		1837
494		2241		452663		1837
495		2241		453427		1837
496		2241		454191		1837
497		2241		454955		1837
498		2241		455719		1837
499		2241		456483		1837
500		2241		457247		1837
501		2241		458011		1837
502		2241		458775		1837
503		2241		459539		1837
504		2241		460303		1837
505		2241		461067		1837
506		2241		461831		1837
507		2241		462595		1837
508		2241		463359		1837
509		2241		464123		1837
510		2241		464887		1837
511		2241		465651		1837
512		2241		466415		1837
513		2241		467179		1837
514		2241		467943		1837
515		2241		468707		1837
516		2241		469471		1837
517		2241		470235		1837
518		2241		470999		1837
519		2241		471763		1837
520		2241		472527		1837
521		2241		473291		1837
522		2241		474055		1837
523		2241		474819		1837
524		2241		475583		1837
525		2241		476347		1837
526		2241		477111		1837
527		2241		477875		1837
528		2241		478639		1837
529		2241		479403		1837
530		2241		480167		1837
531		2241		480931		1837
532		2241		481695		1837
533		2241		482459		1837
534		2241		483223		1837
535		2241		483987		1837
536		2241		484751		1837
537		2241		485515		1837
538		2241		486279		1837
539		2241		487043		1837
540		2241		487807		1837
541		2241		488571		1837
542		2241		489335		1837
543		2241		490099		1837
544		2241		490863		1837
545		2241		491627		1837
546		2241		492391		1837
547		2241		493155		1837
548		2241		493919		1837
549		2241		494683		1837
550		2241		495447		1837
551		2241		496211		1837
552		2241		496975		1837
553		2241		497739		1837
554		2241		498503		1837
555		2241		499267		1837
556		2241		500031		1837
557		2241		500795		1837
558		2241		501559		1837
559		2241		502323		1837
560		2241		503087		1837
561		2241		503851		1837
562		2241		504615		1837
563		2241		505379		1837
564		2241		506143		1837
565		2241		506907		1837
566		2241		507671		1837
567		2241		508435		1837
568		2241		509199		1837
569		2241		509963		1837
570		2241		510727		1837
571		2241		511491		1837
572		2241		512255		1837
573		2241		513019		1837
574		2241		513783		1837
575		2241		514547		1837
576		2241		515311		1837
577		2241		516075		1837
578		2241		516839		1837
579		2241		517603		1837
580		2241		518367		1837
581		2241		519131		1837
582		2241		519895		1837
583		2241		520659		1837
584		2241		521423		1837
585		2241		522187		1837
586		2241		522951		1837
587		2241		523715		1837
588		2241		524479		1837
589		2241		525243		1837
590		2241		526007		1837
591		2241		526771		1837
592		2241		527535		1837
593		2241		528299		1837
594		2241		529063		1837
595		2241		529827		1837
596		2241		530591		1837
597		2241		531355		1837
598		2241		532119		1837
599		2241		532883		1837
600		2241		533647		1837
601		2241		534411		1837
602		2241		535175		1837
603		2241		535939		1837
604		2241		536703		1837
605		2241		537467		1837
606		2241		538231		1837
607		2241		538995		1837
608		2241		539759		1837
609		2241		540523		1837
610		2241		541287		1837
611		2241		542051		1837
612		2241		542815		1837
613		2241		543579		1837
614		2241		544343		1837
615		2241		545107		1837
616		2241		545871		1837
617		2241		546635		1837
618		2241		547399		1837
619		2241		548163		1837
620		2241		548927		1837
621		2241		549691		1837
622		2241		550455		1837
623		2241		551219		1837
624		2241		551983		1837
625		2241		552747		1837
626		2241		553511		1837
627		2241		554275		1837
628		2241		555039		1837
629		2241		555803		1837
630		2241		556567		1837
631		2241		557331		1837
632		2241		558095		1837
633		2241		558859		1837
634		2241		559623		1837
635		2241		560387		1837
636		2241		561151		1837
637		2241		561915		1837
638		2241		562679		1837
639		2241		563443		1837
640		2241		564207		1837
641		2241		564971		1837
642		2241		565735		1837
643		2241		566499		1837
644		2241		567263		1837
645		2241		568027		1837
646		2241		568791		1837
647		2241		569555		1837
648		2241		570319		1837
649		2241		571083		1837
650		2241		571847		1837
651		2241		572611		1837
652		2241		573375		1837
653		2241		574139		1837
654		2241		574903		1837
655		2241		575667		1837
656		2241		576431		1837
657		2241		577195		1837
658		2241		577959		1837
659		2241		578723		1837
660		2241		579487		1837
661		2241		580251		1837
662		2241		581015		1837
663		2241		581779		1837
664		2241		582543		1837
665		2241		583307		1837
666		2241		584071		1837
667		2241		584835		1837
668		2241		585599		1837
669		2241		586363		1837
670		2241		587127		1837
671		2241		587891		1837
672		2241		588655		1837
673		2241		589419		1837
674		2241		590183		1837
675		2241		590947		1837
676		2241		591711		1837
677		2241		592475		1837
678		2241		593239		1837
679		2241		594003		1837
680		2241		594767		1837
681		2241		595531		1837
682		2241		596295		1837
683		2241		597059		1837
684		2241		597823		1837
685		2241		598587		1837
686		2241		599351		1837
687		2241		600115		1837
688		2241		600879		1837
689		2241		601643		1837
690		2241		602407		1837
691		2241		603171		1837
692		2241		603935		1837
693		2241		604699		1837
694		2241		605463		1837
695		2241		606227		1837
696		2241		606991		1837
697		2241		607755		1837
698		2241		608519		1837
699		2241		609283		1837
700		2241		610047		1837
701		2241		610811		1837
702		2241		611575		1837
703		2241		612339		1837
704		2241		613103		1837
705		2241		613867		1837
706		2241		614631		1837
707		2241		615395		1837
708		2241		616159		1837
709		2241		616923		1837
710		2241		617687		1837
711		2241		618451		1837
712		2241		619215		1837
713		2241		619979		1837
714		2241		620743		1837
715		2241		621507		1837
716		2241		622271		1837
717		2241		623035		1837
718		2241		623799		1837
719		2241		624563		1837
720		2241		625327		1837
721		2241		626091		1837
722		2241		626855		1837
723		2241		627619		1837
724		2241		628383		1837
725		2241		629147		1837
726		2241		629911		1837
727		2241		630675		1837
728		2241		631439		1837
729		2241		632203		1837
730		2241		632967		1837
731		2241		633731		1837
732		2241		634495		1837
733		2241		635259		1837
734		2241		636023		1837
735		2241		636787		1837
736		2241		637551		1837
737		2241		638315		1837
738		2241		639079		1837
739		2241		639843		1837
740		2241		640607		1837
741		2241		641371		1837
742		2241		642135		1837
743		2241		642899		1837
744		2241		643663		1837
745		2241		644427		1837
746		2241		645191		1837
747		2241		645955		1837
748		2241		646719		1837
749		2241		647483		1837
750		2241		648247		1837
751		2241		649011		1837
752		2241		649775		1837
753		2241		650539		1837
754		2241		651303		1837
755		2241		652067		1837
756		2241		652831		1837
757		2241		653595		1837
758		2241		654359		1837
759		2241		655123		1837
760		2241		655887		1837
761		2241		656651		1837
762		2241		657415		1837
763		2241		658179		1837
764		2241		658943		1837
765		2241		659707		1837
766		2241		660471		1837
767		2241		661235		1837
768		2241		661999		1837
769		2241		662763		1837
770		2241		663527		1837
771		2241		664291		1837
772		2241		665055		1837
773		2241		665819		1837
774		2241		666583		1837
775		2241		667347		1837
776		2241		668111		1837
777		2241		668875		1837
778		2241		669639		1837
779		2241		670403		1837
780		2241		671167		1837
781		2241		671931		1837
782		2241		672695		1837
783		2241		673459		1837
784		2241		674223		1837
785		2241		674987		1837
786		2241		675751		1837
787		2241		676515		1837
788		2241		677279		1837
789		2241		678043		1837
790		2241		678807		1837
791		2241		679571		1837
792		2241		680335		1837
793		2241		681099		1837
794		2241		681863		1837
795		2241		682627		1837
796		2241		683391		1837
797		2241		684155		1837
798		2241		684919		1837
799		2241		685683		1837
800		2241		686447		1837
801		2241		687211		1837
802		2241		687975		1837
803		2241		688739		1837
804		2241		689503		1837
805		2241		690267		1837
806		2241		691031		1837
807		2241		691795		1837
808		2241		692559		1837
809		2241		693323		1837
810		2241		694087		1837
811		2241		694851		1837
812		2241		695615		1837
813		2241		696379		1837
814		2241		697143		1837
815		2241		697907		1837
816		2241		698671		1837
817		2241		699435		1837
818		2241		700199		1837
819		2241		700963		1837
820		2241		701727		1837
821		2241		702491		1837
822		2241		703255		1837
823		2241		704019		1837
824		2241		704783		1837
825		2241		705547		1837
826		2241		706311		1837
827		2241		707075		1837
828		2241		707839		1837
829		2241		708603		1837
830		2241		709367		1837
831		2241		710131		1837
832		2241		710895		1837
833		2241		711659		1837
834		2241		712423		1837
835		2241		713187		1837
836		2241		713951		1837
837		2241		714715		1837
838		2241		715479		1837
839		2241		716243		1837
840		2241		717007		1837
841		2241		717771		1837
842		2241		718535		1837
843		2241		719299		1837
844		2241		720063		1837
845		2241		720827		1837
846		2241		721591		1837
847		2241		722355		1837
848		2241		723119		1837
849		2241		723883		1837
850		2241		724647		1837
851		2241		725411		1837
852		2241		726175		1837
853		2241		726939		1837
854		2241		727703		1837
855		2241		728467		1837
856		2241		729231		1837
857		2241		729995		1837
858		2241		730759		1837
859		2241		731523		1837
860		2241		732287		1837
861		2241		733051		1837
862		2241		733815		1837
863		2241		734579		1837
864		2241		735343		1837
865		2241		736107		1837
866		2241		736871		1837
867		2241		737635		1837
868		2241		738399		1837
869		2241		739163		1837
870		2241		739927		1837
871		2241		740691		1837
872		2241		741455		1837
873		2241		742219		1837
874		2241		742983		1837
875		2241		743747		1837
876		2241		744511		1837
877		2241		745275		1837
878		2241		746039		1837
879		2241		746803		1837
880		2241		747567		1837
881		2241		748331		1837
882		2241		749095		1837
883		2241		749859		1837
884		2241		750623		1837
885		2241		751387		1837
886		2241		752151		1837
887		2241		752915		1837
888		2241		753679		1837
889		2241		754443		1837
890		2241		755207		1837
891		2241		755971		1837
892		2241		756735		1837
893		2241		757499		1837
894		2241		758263		1837
895		2241		759027		1837
896		2241		759791		1837
897		2241		760555		1837
898		2241		761319		1837
899		2241		762083		1837
900		2241		762847		1837
901		2241		763611		1837
902		2241		764375		1837
903		2241		765139		1837
904		2241		765903		1837
905		2241		766667		1837
906		2241		767431		1837
907		2241		768195		1837
908		2241		768959		1837
909		2241		769723		1837
910		2241		770487		1837
911		2241		771251		1837
912		2241		772015		1837
913		2241		772779		1837
914		2241		773543		1837
915		2241		774307		1837
916		2241		775071		1837
917		2241		775835		1837
918		2241		776599		1837
919		2241		777363		1837
920		2241		778127		1837
921		2241		778891		1837
922		2241		779655		1837
923		2241		780419		1837
924		2241		781183		1837
925		2241		781947		1837
926		2241		782711		1837
927		2241		783475		1837
928		2241		784239		1837
929		2241		785003		1837
930		2241		785767		1837
931		2241		786531		1837
932		2241		787295		1837
933		2241		788059		1837
934		2241		788823		1837
935		2241		789587		1837
936		2241		790351		1837
937		2241		791115		1837
938		2241		791879		1837
939		2241		792643		1837
940		2241		793407		1837
941		2241		794171		1837
942		2241		794935		1837
943		2241		795699		1837
944		2241		796463		1837
945		2241		797227		1837
946		2241		797991		1837
947		2241		798755		1837
948		2241		799519		1837
949		2241		800283		1837
950		2241		801047		1837
951		2241		801811		1837
952		2241		802575		1837
953		2241		803339		1837
954		2241		804103		1837
955		2241		804867		1837
956		2241		805631		1837
957		2241		806395		1837
958		2241		807159		1837
959		2241		807923		1837
960		2241		808687		1837
961		2241		809451		1837
962		2241		810215		1837
963		2241		810979		1837
964		2241		811743		1837
965		2241		812507		1837
966		2241		813271		1837
967		2241		814035		1837
968		2241		814799		1837
969		2241		815563		1837
970		2241		816327		1837
971		2241		817091		1837
972		2241		817855		1837
973		2241		818619		1837
974		2241		819383		1837
975		2241		820147		1837
976		2241		820911		1837
977		2241		821675		1837
978		2241		822439		1837
979		2241		823203		1837
980		2241		823967		1837
981		2241		824731		1837
982		2241		825495		1837
983		2241		826259		1837
984		2241		827023		1837
985		2241		827787		1837
986		2241		828551		1837
987		2241		829315		1837
988		2241		830079		1837
989		2241		830843		1837
990		2241		831607		1837
991		2241		832371		1837
992		2241		833135		1837
993		2241		833899		1837
994		2241		834663		1837
995		2241		835427		1837
996		2241		836191		1837
997		2241		836955		1837
998		2241		837719		1837
999		2241		838483		1837
