# Migration is number of nodes that have changed color.

Round		Edge-Cut		Swaps		Migrations		Skipped		ExecutionTime 
0		5687		2394		2127		180
1		5767		4789		1689		213
2		5723		7182		1816		244
3		5693		9576		1808		275
4		5752		11970		1767		306
5		5720		14364		1800		327
6		5711		16758		1761		352
7		5709		19153		1781		385
8		5660		21547		1743		422
9		5693		23942		1768		449
10		5734		26337		1786		481
11		5764		28731		1800		510
12		5712		31126		1776		537
13		5718		33520		1758		563
14		5686		35914		1823		589
15		5758		38309		1774		606
16		5700		40701		1779		624
17		5732		43096		1788		641
18		5753		45491		1758		656
19		5749		47885		1807		673
20		5729		50277		1754		693
21		5768		52672		1762		715
22		5745		55066		1777		741
23		5691		57461		1793		766
24		5719		59855		1768		789
25		5716		62249		1802		808
26		5754		64640		1819		826
27		5723		67034		1776		847
28		5723		69427		1761		872
29		5716		71822		1772		898
30		5723		74216		1769		917
31		5690		76608		1813		938
32		5741		79002		1773		958
33		5759		81396		1783		987
34		5746		83789		1791		1012
35		5727		86181		1787		1039
36		5769		88575		1783		1064
37		5756		90970		1799		1085
38		5745		93365		1788		1103
39		5733		95759		1817		1121
40		5731		98152		1804		1141
41		5746		100546		1828		1158
42		5718		102941		1790		1184
43		5759		105335		1787		1206
44		5773		107729		1802		1226
45		5730		110123		1795		1248
46		5673		112517		1789		1275
47		5719		114912		1802		1291
48		5715		117306		1806		1308
49		5697		119701		1795		1325
50		5773		122094		1800		1345
51		5793		124488		1827		1370
52		5741		126883		1778		1404
53		5778		129276		1743		1426
54		5719		131670		1776		1444
55		5783		134064		1798		1463
56		5750		136454		1751		1482
57		5721		138847		1804		1501
58		5707		141242		1825		1518
59		5782		143637		1801		1535
60		5768		146030		1798		1554
61		5784		148425		1812		1570
62		5711		150820		1774		1589
63		5724		153213		1777		1608
64		5809		155607		1827		1627
65		5706		158001		1796		1647
66		5763		160395		1787		1670
67		5693		162790		1791		1686
68		5690		165185		1809		1706
69		5757		167580		1804		1723
70		5674		169971		1785		1741
71		5704		172365		1791		1762
72		5757		174760		1800		1775
73		5761		177155		1813		1790
74		5754		179547		1789		1806
75		5737		181942		1817		1823
76		5748		184335		1799		1839
77		5743		186730		1825		1855
78		5745		189125		1775		1872
79		5738		191520		1859		1889
80		5738		193914		1791		1905
81		5689		196309		1786		1925
82		5610		198703		1824		1940
83		5740		201097		1782		1955
84		5737		203492		1781		1970
85		5744		205887		1820		1985
86		5709		208280		1757		2002
87		5738		210674		1799		2024
88		5755		213067		1767		2048
89		5771		215459		1803		2070
90		5709		217853		1819		2089
91		5663		220247		1829		2106
92		5735		222639		1813		2123
93		5782		225032		1787		2142
94		5694		227423		1817		2158
95		5682		229817		1758		2180
96		5623		232212		1821		2201
97		5692		234606		1783		2219
98		5730		236998		1748		2235
99		5724		239391		1791		2254
100		5690		241783		1811		2272
101		5777		244176		1812		2290
102		5734		246570		1813		2307
103		5749		248964		1781		2325
104		5766		251356		1797		2341
105		5765		253748		1832		2359
106		5727		256140		1746		2375
107		5747		258535		1829		2393
108		5719		260928		1804		2412
109		5741		263322		1806		2429
110		5695		265717		1745		2448
111		5730		268109		1790		2464
112		5762		270503		1806		2480
113		5733		272896		1775		2494
114		5757		275288		1778		2511
115		5710		277683		1792		2525
116		5725		280077		1838		2541
117		5758		282472		1775		2557
118		5730		284866		1841		2573
119		5734		287258		1782		2589
120		5766		289652		1836		2607
121		5754		292045		1779		2622
122		5752		294439		1810		2638
123		5786		296832		1766		2653
124		5739		299225		1824		2670
125		5716		301619		1792		2685
126		5719		304013		1801		2701
127		5757		306407		1800		2718
128		5683		308802		1799		2734
129		5708		311197		1781		2748
130		5776		313589		1802		2765
131		5766		315982		1805		2780
132		5751		318375		1776		2796
133		5695		320769		1821		2811
134		5741		323164		1743		2827
135		5707		325558		1824		2844
136		5728		327951		1771		2859
137		5739		330344		1762		2876
138		5698		332734		1823		2892
139		5704		335129		1846		2909
140		5743		337522		1762		2923
141		5732		339915		1827		2940
142		5741		342308		1846		2955
143		5705		344701		1760		2972
144		5687		347096		1810		2987
145		5707		349490		1824		3003
146		5725		351883		1872		3019
147		5715		354278		1776		3039
148		5729		356671		1799		3054
149		5774		359064		1777		3069
150		5735		361458		1797		3087
151		5742		363852		1823		3106
152		5751		366246		1796		3122
153		5722		368640		1790		3139
154		5795		371035		1788		3154
155		5716		373429		1788		3169
156		5656		375821		1789		3185
157		5741		378214		1754		3199
158		5741		380607		1820		3216
159		5754		383001		1801		3230
160		5764		385393		1790		3246
161		5765		387786		1805		3261
162		5741		390180		1788		3277
163		5713		392574		1777		3292
164		5721		394968		1801		3308
165		5654		397361		1836		3322
166		5747		399756		1792		3336
167		5742		402151		1842		3353
168		5745		404545		1781		3369
169		5709		406940		1799		3384
170		5665		409331		1775		3400
171		5689		411723		1823		3417
172		5734		414117		1785		3434
173		5739		416511		1801		3449
174		5768		418902		1820		3467
175		5724		421296		1780		3481
176		5734		423690		1815		3497
177		5701		426082		1786		3512
178		5738		428477		1779		3528
179		5771		430872		1809		3544
180		5756		433267		1797		3559
181		5768		435662		1824		3573
182		5739		438056		1779		3589
183		5747		440450		1775		3608
184		5709		442845		1825		3623
185		5775		445238		1791		3638
186		5756		447632		1772		3653
187		5773		450026		1805		3669
188		5703		452419		1784		3685
189		5678		454814		1792		3700
190		5755		457204		1778		3719
191		5636		459597		1785		3736
192		5728		461988		1840		3752
193		5745		464383		1787		3769
194		5731		466777		1793		3785
195		5770		469170		1794		3802
196		5784		471565		1800		3819
197		5738		473958		1777		3835
198		5722		476353		1808		3850
199		5744		478747		1790		3867
200		5744		481139		1801		3882
201		5757		483533		1796		3898
202		5744		485926		1829		3913
203		5709		488320		1804		3932
204		5713		490714		1781		3946
205		5738		493108		1802		3961
206		5721		495500		1811		3976
207		5706		497894		1800		3992
208		5794		500285		1778		4007
209		5729		502678		1818		4026
210		5744		505072		1769		4044
211		5743		507465		1827		4059
212		5744		509858		1793		4074
213		5691		512249		1801		4091
214		5629		514640		1835		4106
215		5810		517034		1811		4121
216		5701		519429		1811		4136
217		5749		521823		1813		4152
218		5708		524217		1791		4166
219		5714		526612		1787		4186
220		5800		529006		1812		4201
221		5658		531400		1798		4218
222		5745		533792		1791		4234
223		5696		536186		1804		4251
224		5718		538580		1790		4268
225		5715		540973		1809		4283
226		5706		543368		1755		4299
227		5702		545762		1827		4316
228		5732		548153		1811		4334
229		5701		550546		1769		4354
230		5707		552941		1830		4372
231		5703		555331		1773		4388
232		5762		557724		1834		4404
233		5584		560117		1806		4421
234		5735		562511		1745		4441
235		5779		564906		1827		4460
236		5730		567301		1802		4475
237		5718		569694		1808		4491
238		5712		572089		1782		4509
239		5704		574479		1815		4524
240		5731		576873		1845		4541
241		5738		579266		1759		4557
242		5757		581660		1824		4573
243		5730		584054		1810		4591
244		5739		586449		1805		4606
245		5756		588843		1791		4624
246		5684		591235		1815		4641
247		5775		593628		1789		4657
248		5741		596023		1769		4675
249		5706		598416		1779		4691
250		5734		600808		1814		4709
251		5685		603202		1775		4724
252		5732		605595		1830		4741
253		5704		607989		1778		4763
254		5678		610377		1828		4778
255		5676		612769		1778		4797
256		5690		615163		1821		4812
257		5749		617555		1823		4828
258		5734		619947		1778		4845
259		5767		622341		1844		4860
260		5743		624734		1743		4877
261		5749		627129		1822		4894
262		5726		629522		1802		4910
263		5759		631916		1817		4928
264		5732		634309		1784		4946
265		5741		636702		1791		4964
266		5697		639096		1775		4981
267		5761		641490		1812		4997
268		5745		643884		1775		5015
269		5723		646278		1767		5031
270		5722		648673		1791		5048
271		5729		651065		1777		5065
272		5713		653458		1795		5081
273		5739		655852		1773		5098
274		5730		658246		1827		5114
275		5701		660638		1795		5131
276		5736		663032		1799		5146
277		5694		665426		1794		5162
278		5760		667821		1760		5179
279		5724		670216		1766		5195
280		5701		672609		1802		5211
281		5712		675001		1792		5226
282		5712		677391		1796		5243
283		5611		679784		1811		5261
284		5738		682176		1763		5276
285		5757		684571		1811		5293
286		5724		686964		1753		5311
287		5758		689356		1827		5327
288		5736		691750		1763		5343
289		5764		694144		1796		5359
290		5763		696538		1813		5376
291		5739		698931		1787		5393
292		5728		701324		1787		5411
293		5755		703717		1811		5429
294		5716		706110		1797		5448
295		5676		708503		1802		5465
296		5626		710895		1817		5485
297		5669		713288		1789		5502
298		5662		715681		1802		5520
299		5755		718070		1776		5540
300		5700		720463		1833		5560
301		5665		722856		1781		5580
302		5690		725251		1789		5597
303		5700		727643		1788		5614
304		5653		730032		1804		5632
305		5742		732421		1773		5649
306		5733		734811		1828		5666
307		5766		737197		1807		5685
308		5685		739587		1818		5703
309		5645		741973		1790		5721
310		5729		744366		1794		5737
311		5704		746760		1799		5756
312		5761		749151		1819		5772
313		5735		751539		1795		5789
314		5759		753930		1808		5805
315		5678		756323		1833		5822
316		5575		758716		1812		5839
317		5728		761108		1807		5856
318		5769		763497		1819		5873
319		5678		765889		1789		5893
320		5748		768278		1794		5910
321		5726		770671		1808		5928
322		5760		773061		1794		5947
323		5801		775454		1784		5963
324		5696		777846		1779		5980
325		5793		780238		1791		5996
326		5726		782628		1828		6016
327		5720		785021		1806		6034
328		5698		787413		1758		6057
329		5668		789806		1813		6074
330		5730		792194		1834		6093
331		5710		794588		1773		6110
332		5689		796979		1804		6127
333		5692		799371		1806		6145
334		5714		801762		1762		6161
335		5685		804146		1817		6181
336		5704		806534		1778		6199
337		5679		808929		1822		6215
338		5684		811317		1785		6234
339		5744		813709		1741		6251
340		5675		816100		1793		6268
341		5714		818491		1825		6286
342		5753		820883		1820		6302
343		5765		823278		1801		6319
344		5737		825668		1783		6336
345		5722		828054		1787		6352
346		5727		830446		1784		6367
347		5737		832838		1771		6385
348		5763		835227		1827		6401
349		5706		837620		1768		6417
350		5731		840012		1795		6436
351		5660		842402		1777		6453
352		5774		844792		1802		6470
353		5753		847182		1777		6486
354		5744		849574		1797		6503
355		5686		851963		1791		6518
356		5745		854351		1801		6534
357		5712		856744		1787		6550
358		5714		859136		1802		6567
359		5742		861525		1823		6582
360		5730		863915		1748		6599
361		5699		866303		1786		6614
362		5678		868697		1794		6630
363		5705		871086		1794		6647
364		5664		873480		1761		6664
365		5657		875872		1816		6680
366		5695		878261		1800		6696
367		5676		880644		1785		6712
368		5755		883032		1779		6729
369		5785		885421		1780		6744
370		5734		887812		1787		6761
371		5676		890201		1833		6776
372		5656		892592		1768		6792
373		5717		894983		1816		6808
374		5653		897377		1776		6823
375		5736		899763		1802		6840
376		5720		902153		1820		6855
377		5677		904543		1788		6870
378		5753		906936		1751		6887
379		5722		909323		1792		6904
380		5671		911712		1798		6922
381		5719		914106		1804		6939
382		5739		916495		1790		6952
383		5725		918883		1802		6968
384		5643		921269		1798		6982
385		5702		923660		1790		6998
386		5632		926048		1758		7014
387		5710		928439		1834		7030
388		5719		930830		1764		7043
389		5719		933223		1803		7062
390		5727		935614		1785		7076
391		5704		938008		1784		7095
392		5710		940399		1780		7109
393		5763		942790		1822		7125
394		5699		945182		1786		7141
395		5751		947572		1818		7157
396		5684		949958		1789		7172
397		5728		952348		1810		7189
398		5731		954740		1825		7206
399		5671		957134		1778		7223
400		5754		959526		1802		7237
401		5625		961904		1764		7255
402		5719		964285		1803		7270
403		5731		966675		1782		7289
404		5728		969055		1791		7308
405		5694		971438		1789		7322
406		5687		973817		1838		7339
407		5761		976200		1768		7353
408		5710		978576		1797		7369
409		5655		980952		1796		7385
410		5678		983329		1783		7408
411		5700		985712		1810		7423
412		5425		988093		1807		7438
413		5698		990477		1776		7453
414		5636		992859		1790		7472
415		5625		995245		1816		7486
416		5719		997630		1810		7502
417		5705		1000007		1817		7519
418		5688		1002384		1803		7537
419		5759		1004758		1812		7555
420		5662		1007139		1786		7570
421		5690		1009513		1795		7587
422		5424		1011893		1796		7600
423		5543		1014269		1800		7614
424		5684		1016648		1772		7630
425		5650		1019034		1811		7648
426		5678		1021418		1789		7662
427		5723		1023801		1757		7679
428		5603		1026186		1776		7694
429		5633		1028560		1796		7710
430		5704		1030938		1818		7725
431		5675		1033317		1791		7741
432		5690		1035694		1803		7757
433		5613		1038077		1805		7773
434		5581		1040457		1760		7787
435		5607		1042828		1811		7803
436		5671		1045209		1758		7817
437		5625		1047583		1822		7834
438		5520		1049968		1842		7847
439		5610		1052346		1829		7862
440		5467		1054715		1790		7878
441		5596		1057084		1790		7892
442		5602		1059460		1812		7906
443		5511		1061826		1775		7924
444		4665		1064184		1854		7936
445		4039		1066467		1850		7946
446		4002		1068676		1851		7959
447		3992		1070882		1847		7970
448		3965		1073068		1806		7981
449		3973		1075286		1845		7993
450		3975		1077494		1822		8005
451		3830		1079689		1817		8018
452		3897		1081837		1824		8030
453		3780		1084011		1810		8040
454		3767		1086165		1826		8054
455		3793		1088310		1838		8067
456		3759		1090459		1822		8083
457		3717		1092585		1833		8095
458		3723		1094715		1857		8108
459		3697		1096823		1865		8119
460		3695		1098952		1871		8132
461		3654		1101059		1833		8144
462		3611		1103146		1853		8155
463		3596		1105235		1817		8168
464		3596		1107315		1823		8179
465		3523		1109391		1840		8190
466		3531		1111430		1866		8202
467		3481		1113431		1861		8214
468		3448		1115410		1815		8225
469		3407		1117385		1830		8238
470		3368		1119334		1812		8252
471		3299		1121270		1844		8264
472		3268		1123162		1822		8275
473		3278		1125049		1834		8286
474		3295		1126945		1855		8300
475		3295		1128844		1845		8311
476		3247		1130722		1821		8322
477		3196		1132576		1815		8336
478		3173		1134424		1827		8348
479		3168		1136258		1821		8363
480		3132		1138078		1859		8374
481		3080		1139849		1817		8389
482		3051		1141627		1815		8402
483		3019		1143358		1825		8414
484		2968		1145102		1813		8429
485		2982		1146818		1818		8445
486		2947		1148534		1838		8459
487		2956		1150230		1835		8473
488		2952		1151920		1817		8486
489		2926		1153632		1814		8499
490		2899		1155339		1792		8512
491		2876		1156994		1820		8524
492		2893		1158640		1835		8538
493		2863		1160259		1822		8553
494		2868		1161897		1853		8565
495		2845		1163518		1798		8580
496		2834		1165144		1834		8593
497		2870		1166769		1826		8606
498		2862		1168387		1843		8619
499		2817		1169996		1830		8633
500		2824		1171581		1839		8646
501		2684		1172945		1827		8659
502		2594		1174225		1817		8674
503		2527		1175435		1839		8688
504		2469		1176603		1831		8703
505		2424		1177728		1816		8719
506		2386		1178820		1802		8735
507		2357		1179872		1801		8750
508		2335		1180908		1805		8767
509		2314		1181935		1817		8781
510		2287		1182935		1799		8797
511		2262		1183923		1811		8812
512		2245		1184895		1804		8828
513		2225		1185844		1811		8842
514		2198		1186762		1808		8859
515		2188		1187656		1803		8875
516		2173		1188532		1797		8893
517		2160		1189397		1795		8911
518		2151		1190262		1787		8927
519		2149		1191107		1787		8948
520		2140		1191958		1787		8965
521		2136		1192799		1781		8985
522		2138		1193637		1790		9001
523		2133		1194474		1791		9020
524		2127		1195314		1799		9038
525		2115		1196153		1793		9054
526		2113		1196977		1796		9071
527		2114		1197803		1795		9087
528		2104		1198623		1795		9104
529		2104		1199438		1790		9119
530		2103		1200251		1798		9137
531		2099		1201064		1798		9152
532		2095		1201872		1798		9169
533		2093		1202673		1796		9185
534		2092		1203473		1793		9202
535		2093		1204271		1795		9219
536		2088		1205068		1793		9235
537		2085		1205861		1794		9250
538		2085		1206653		1797		9268
539		2085		1207443		1794		9285
540		2083		1208235		1799		9301
541		2082		1209026		1794		9318
542		2081		1209816		1801		9333
543		2081		1210601		1796		9353
544		2082		1211384		1800		9369
545		2079		1212166		1800		9388
546		2076		1212948		1797		9403
547		2075		1213727		1799		9420
548		2072		1214509		1801		9440
549		2069		1215281		1799		9455
550		2068		1216051		1799		9474
551		2068		1216820		1798		9489
552		2067		1217588		1800		9507
553		2067		1218355		1799		9523
554		2067		1219122		1800		9541
555		2067		1219889		1799		9558
556		2066		1220655		1801		9574
557		2066		1221420		1800		9589
558		2066		1222185		1801		9607
559		2065		1222949		1799		9623
560		2064		1223711		1800		9640
561		2062		1224472		1797		9656
562		2062		1225229		1798		9674
563		2060		1225988		1798		9689
564		2059		1226740		1801		9704
565		2059		1227491		1800		9720
566		2058		1228241		1800		9734
567		2057		1228991		1801		9750
568		2056		1229737		1803		9769
569		2055		1230481		1801		9786
570		2055		1231224		1802		9801
571		2052		1231968		1801		9816
572		2052		1232707		1802		9831
573		2052		1233446		1801		9848
574		2051		1234185		1801		9862
575		2050		1234923		1799		9879
576		2050		1235660		1800		9893
577		2050		1236397		1799		9910
578		2049		1237133		1802		9927
579		2047		1237868		1799		9944
580		2047		1238599		1800		9961
581		2047		1239330		1799		9977
582		2046		1240062		1799		9994
583		2045		1240790		1800		10012
584		2045		1241517		1801		10030
585		2044		1242245		1802		10047
586		2041		1242974		1802		10064
587		2042		1243698		1800		10081
588		2044		1244422		1805		10101
589		2043		1245144		1802		10119
590		2043		1245868		1801		10137
591		2043		1246591		1800		10155
592		2043		1247314		1801		10171
593		2042		1248040		1801		10190
594		2043		1248761		1801		10207
595		2040		1249479		1802		10225
596		2040		1250196		1803		10242
597		2040		1250913		1801		10261
598		2038		1251629		1803		10279
599		2036		1252344		1800		10296
600		2035		1253056		1801		10313
601		2034		1253766		1799		10330
602		2034		1254475		1800		10351
603		2034		1255184		1799		10369
604		2034		1255893		1800		10386
605		2034		1256602		1799		10403
606		2033		1257310		1801		10420
607		2033		1258017		1800		10439
608		2033		1258724		1801		10456
609		2033		1259431		1800		10475
610		2033		1260138		1801		10492
611		2032		1260844		1802		10510
612		2031		1261548		1803		10529
613		2031		1262251		1802		10547
614		2031		1262954		1803		10565
615		2029		1263657		1804		10583
616		2027		1264354		1802		10601
617		2027		1265049		1801		10619
618		2027		1265744		1802		10637
619		2027		1266439		1801		10655
620		2027		1267134		1802		10675
621		2025		1267829		1798		10697
622		2025		1268522		1799		10717
623		2025		1269215		1798		10733
624		2025		1269908		1799		10750
625		2025		1270601		1798		10768
626		2025		1271294		1799		10786
627		2025		1271987		1798		10804
628		2025		1272680		1799		10821
629		2025		1273373		1798		10838
630		2024		1274065		1799		10854
631		2024		1274756		1798		10873
632		2024		1275447		1799		10891
633		2023		1276137		1798		10908
634		2023		1276826		1799		10926
635		2023		1277515		1798		10948
636		2023		1278204		1799		10968
637		2023		1278893		1798		10986
638		2023		1279582		1799		11003
639		2023		1280271		1798		11022
640		2023		1280960		1799		11042
641		2023		1281649		1798		11064
642		2022		1282337		1801		11083
643		2022		1283024		1800		11105
644		2022		1283711		1801		11127
645		2022		1284398		1800		11145
646		2021		1285084		1801		11161
647		2020		1285768		1800		11178
648		2020		1286451		1801		11195
649		2019		1287133		1799		11214
650		2019		1287814		1800		11231
651		2019		1288495		1799		11248
652		2019		1289176		1800		11266
653		2019		1289857		1799		11281
654		2018		1290537		1800		11300
655		2018		1291216		1799		11315
656		2018		1291895		1800		11332
657		2017		1292573		1797		11349
658		2017		1293250		1798		11366
659		2017		1293927		1797		11383
660		2017		1294604		1798		11400
661		2016		1295280		1797		11422
662		2015		1295954		1798		11440
663		2014		1296628		1797		11460
664		2013		1297300		1800		11481
665		2013		1297971		1799		11499
666		2013		1298642		1800		11517
667		2013		1299313		1799		11535
668		2013		1299984		1800		11553
669		2012		1300654		1801		11568
670		2012		1301325		1802		11586
671		2012		1301996		1801		11603
672		2012		1302667		1802		11622
673		2012		1303338		1801		11639
674		2011		1304008		1801		11655
675		2012		1304679		1799		11673
676		2012		1305351		1802		11689
677		2011		1306025		1801		11708
678		2011		1306696		1802		11724
679		2011		1307367		1801		11741
680		2011		1308038		1802		11760
681		2011		1308709		1801		11776
682		2011		1309380		1802		11794
683		2011		1310051		1801		11810
684		2011		1310722		1802		11827
685		2011		1311393		1801		11844
686		2011		1312064		1802		11862
687		2011		1312735		1801		11878
688		2011		1313406		1802		11897
689		2011		1314077		1801		11915
690		2011		1314748		1802		11933
691		2011		1315419		1801		11952
692		2011		1316090		1802		11967
693		2011		1316761		1801		11986
694		2011		1317432		1802		12003
695		2011		1318103		1801		12021
696		2011		1318774		1802		12039
697		2011		1319445		1801		12057
698		2011		1320116		1802		12074
699		2011		1320787		1801		12092
700		2011		1321458		1802		12109
701		2011		1322129		1801		12125
702		2011		1322800		1802		12143
703		2011		1323471		1801		12160
704		2011		1324142		1802		12177
705		2011		1324813		1801		12195
706		2011		1325484		1802		12211
707		2011		1326155		1801		12230
708		2011		1326826		1802		12248
709		2011		1327497		1801		12266
710		2011		1328168		1802		12283
711		2011		1328839		1801		12301
712		2011		1329510		1802		12318
713		2011		1330181		1801		12336
714		2011		1330852		1802		12354
715		2011		1331523		1801		12369
716		2011		1332194		1802		12388
717		2011		1332865		1801		12407
718		2011		1333536		1802		12422
719		2011		1334207		1801		12436
720		2011		1334878		1802		12451
721		2011		1335549		1801		12465
722		2011		1336220		1802		12480
723		2011		1336891		1801		12494
724		2011		1337562		1802		12510
725		2011		1338233		1801		12524
726		2011		1338904		1802		12539
727		2011		1339575		1801		12555
728		2011		1340246		1802		12570
729		2011		1340917		1801		12586
730		2011		1341589		1799		12601
731		2011		1342261		1799		12615
732		2011		1342933		1799		12631
733		2011		1343605		1799		12646
734		2011		1344277		1799		12662
735		2011		1344949		1799		12678
736		2011		1345621		1799		12694
737		2011		1346293		1799		12709
738		2011		1346965		1799		12724
739		2011		1347637		1799		12739
740		2011		1348309		1799		12755
741		2011		1348981		1799		12769
742		2011		1349653		1799		12786
743		2011		1350325		1799		12802
744		2011		1350997		1799		12817
745		2011		1351669		1799		12836
746		2011		1352341		1799		12853
747		2011		1353013		1799		12869
748		2011		1353685		1799		12886
749		2011		1354357		1799		12902
750		2011		1355029		1799		12919
751		2011		1355701		1799		12935
752		2011		1356373		1799		12950
753		2011		1357045		1799		12969
754		2011		1357717		1799		12984
755		2011		1358389		1799		13001
756		2011		1359061		1799		13017
757		2011		1359733		1799		13033
758		2011		1360405		1799		13048
759		2011		1361077		1799		13065
760		2011		1361749		1799		13081
761		2011		1362421		1799		13098
762		2011		1363093		1799		13113
763		2011		1363765		1799		13128
764		2011		1364437		1799		13144
765		2011		1365109		1799		13160
766		2011		1365781		1799		13177
767		2011		1366453		1799		13193
768		2011		1367125		1799		13208
769		2011		1367797		1799		13224
770		2011		1368469		1799		13242
771		2011		1369141		1799		13260
772		2011		1369813		1799		13277
773		2011		1370485		1799		13291
774		2011		1371157		1799		13307
775		2011		1371829		1799		13322
776		2011		1372501		1799		13338
777		2011		1373173		1799		13352
778		2011		1373845		1799		13369
779		2011		1374517		1799		13385
780		2011		1375189		1799		13400
781		2011		1375861		1799		13419
782		2011		1376533		1799		13435
783		2011		1377205		1799		13452
784		2011		1377877		1799		13471
785		2011		1378549		1799		13490
786		2011		1379221		1799		13507
787		2011		1379893		1799		13524
788		2011		1380565		1799		13539
789		2011		1381237		1799		13557
790		2011		1381909		1799		13572
791		2011		1382581		1799		13588
792		2011		1383253		1799		13602
793		2011		1383925		1799		13618
794		2011		1384597		1799		13634
795		2011		1385269		1799		13653
796		2011		1385941		1799		13672
797		2011		1386613		1799		13689
798		2011		1387285		1799		13707
799		2011		1387957		1799		13727
800		2011		1388629		1799		13744
801		2011		1389301		1799		13763
802		2011		1389973		1799		13782
803		2011		1390645		1799		13800
804		2011		1391317		1799		13818
805		2011		1391989		1799		13836
806		2011		1392661		1799		13853
807		2011		1393333		1799		13870
808		2011		1394005		1799		13888
809		2011		1394677		1799		13906
810		2011		1395349		1799		13923
811		2011		1396021		1799		13940
812		2011		1396693		1799		13957
813		2011		1397365		1799		13976
814		2011		1398037		1799		13993
815		2011		1398709		1799		14011
816		2011		1399381		1799		14030
817		2011		1400053		1799		14048
818		2011		1400725		1799		14069
819		2011		1401397		1799		14087
820		2011		1402069		1799		14105
821		2011		1402741		1799		14123
822		2011		1403413		1799		14141
823		2011		1404085		1799		14160
824		2011		1404757		1799		14179
825		2011		1405429		1799		14196
826		2011		1406101		1799		14215
827		2011		1406773		1799		14233
828		2011		1407445		1799		14251
829		2011		1408117		1799		14268
830		2011		1408789		1799		14284
831		2011		1409461		1799		14303
832		2011		1410133		1799		14321
833		2011		1410805		1799		14339
834		2011		1411477		1799		14356
835		2011		1412149		1799		14373
836		2011		1412821		1799		14391
837		2011		1413493		1799		14407
838		2011		1414165		1799		14425
839		2011		1414837		1799		14442
840		2011		1415509		1799		14460
841		2011		1416181		1799		14479
842		2011		1416853		1799		14498
843		2011		1417525		1799		14515
844		2011		1418197		1799		14531
845		2011		1418869		1799		14549
846		2011		1419541		1799		14566
847		2011		1420213		1799		14586
848		2011		1420885		1799		14604
849		2011		1421557		1799		14622
850		2011		1422229		1799		14642
851		2011		1422901		1799		14658
852		2011		1423573		1799		14676
853		2011		1424245		1799		14697
854		2011		1424917		1799		14714
855		2011		1425589		1799		14731
856		2011		1426261		1799		14749
857		2011		1426933		1799		14768
858		2011		1427605		1799		14786
859		2011		1428277		1799		14805
860		2011		1428949		1799		14823
861		2011		1429621		1799		14845
862		2011		1430293		1799		14863
863		2011		1430965		1799		14882
864		2011		1431637		1799		14906
865		2011		1432309		1799		14925
866		2011		1432981		1799		14942
867		2011		1433653		1799		14961
868		2011		1434325		1799		14979
869		2011		1434997		1799		14995
870		2011		1435669		1799		15014
871		2011		1436341		1799		15033
872		2011		1437013		1799		15051
873		2011		1437685		1799		15069
874		2011		1438357		1799		15087
875		2011		1439029		1799		15106
876		2011		1439701		1799		15123
877		2011		1440373		1799		15141
878		2011		1441045		1799		15158
879		2011		1441717		1799		15176
880		2011		1442389		1799		15194
881		2011		1443061		1799		15213
882		2011		1443733		1799		15230
883		2011		1444405		1799		15248
884		2011		1445077		1799		15269
885		2011		1445749		1799		15291
886		2011		1446421		1799		15310
887		2011		1447093		1799		15329
888		2011		1447765		1799		15348
889		2011		1448437		1799		15366
890		2011		1449109		1799		15386
891		2011		1449781		1799		15414
892		2011		1450453		1799		15435
893		2011		1451125		1799		15453
894		2011		1451797		1799		15472
895		2011		1452469		1799		15489
896		2011		1453141		1799		15508
897		2011		1453813		1799		15526
898		2011		1454485		1799		15546
899		2011		1455157		1799		15564
900		2011		1455829		1799		15582
901		2011		1456501		1799		15601
902		2011		1457173		1799		15618
903		2011		1457845		1799		15637
904		2011		1458517		1799		15655
905		2011		1459189		1799		15672
906		2011		1459861		1799		15691
907		2011		1460533		1799		15711
908		2011		1461205		1799		15729
909		2011		1461877		1799		15746
910		2011		1462549		1799		15765
911		2011		1463221		1799		15784
912		2011		1463893		1799		15808
913		2011		1464565		1799		15826
914		2011		1465237		1799		15845
915		2011		1465909		1799		15861
916		2011		1466581		1799		15879
917		2011		1467253		1799		15896
918		2011		1467925		1799		15915
919		2011		1468597		1799		15932
920		2011		1469269		1799		15950
921		2011		1469941		1799		15968
922		2011		1470613		1799		15984
923		2011		1471285		1799		16004
924		2011		1471957		1799		16022
925		2011		1472629		1799		16040
926		2011		1473301		1799		16059
927		2011		1473973		1799		16076
928		2011		1474645		1799		16094
929		2011		1475317		1799		16114
930		2011		1475989		1799		16133
931		2011		1476661		1799		16151
932		2011		1477333		1799		16169
933		2011		1478005		1799		16188
934		2011		1478677		1799		16205
935		2011		1479349		1799		16223
936		2011		1480021		1799		16240
937		2011		1480693		1799		16260
938		2011		1481365		1799		16278
939		2011		1482037		1799		16295
940		2011		1482709		1799		16313
941		2011		1483381		1799		16329
942		2011		1484053		1799		16348
943		2011		1484725		1799		16365
944		2011		1485397		1799		16384
945		2011		1486069		1799		16401
946		2011		1486741		1799		16418
947		2011		1487413		1799		16436
948		2011		1488085		1799		16453
949		2011		1488757		1799		16471
950		2011		1489429		1799		16488
951		2011		1490101		1799		16506
952		2011		1490773		1799		16528
953		2011		1491445		1799		16545
954		2011		1492117		1799		16562
955		2011		1492789		1799		16581
956		2011		1493461		1799		16599
957		2011		1494133		1799		16617
958		2011		1494805		1799		16635
959		2011		1495477		1799		16653
960		2011		1496149		1799		16669
961		2011		1496821		1799		16688
962		2011		1497493		1799		16705
963		2011		1498165		1799		16724
964		2011		1498837		1799		16741
965		2011		1499509		1799		16760
966		2011		1500181		1799		16778
967		2011		1500853		1799		16797
968		2011		1501525		1799		16816
969		2011		1502197		1799		16838
970		2011		1502869		1799		16856
971		2011		1503541		1799		16875
972		2011		1504213		1799		16892
973		2011		1504885		1799		16910
974		2011		1505557		1799		16928
975		2011		1506229		1799		16946
976		2011		1506901		1799		16965
977		2011		1507573		1799		16983
978		2011		1508245		1799		17001
979		2011		1508917		1799		17020
980		2011		1509589		1799		17042
981		2011		1510261		1799		17061
982		2011		1510933		1799		17080
983		2011		1511605		1799		17099
984		2011		1512277		1799		17117
985		2011		1512949		1799		17135
986		2011		1513621		1799		17156
987		2011		1514293		1799		17174
988		2011		1514965		1799		17193
989		2011		1515637		1799		17212
990		2011		1516309		1799		17230
991		2011		1516981		1799		17248
992		2011		1517653		1799		17267
993		2011		1518325		1799		17285
994		2011		1518997		1799		17304
995		2011		1519669		1799		17320
996		2011		1520341		1799		17340
997		2011		1521013		1799		17359
998		2011		1521685		1799		17377
999		2011		1522357		1799		17395
