# Migration is number of nodes that have changed color.

Round		Edge-Cut		Swaps		Migrations		Skipped		ExecutionTime 
0		3737		2255		1210		158
1		3565		4138		1321		183
2		3407		5933		1393		206
3		3339		7638		1433		224
4		3281		9287		1456		235
5		3250		10899		1472		245
6		3183		12493		1485		262
7		3129		14039		1506		274
8		3071		15514		1526		284
9		3030		16937		1539		292
10		3005		18328		1575		299
11		2985		19689		1575		310
12		2952		21047		1572		317
13		2920		22381		1593		327
14		2903		23697		1576		333
15		2881		24990		1590		342
16		2849		26249		1600		349
17		2834		27502		1604		358
18		2833		28742		1611		365
19		2810		29978		1612		374
20		2779		31206		1608		381
21		2773		32382		1606		392
22		2752		33550		1600		397
23		2732		34708		1622		402
24		2720		35843		1629		408
25		2711		36958		1641		412
26		2702		38069		1638		416
27		2700		39177		1622		421
28		2692		40293		1622		425
29		2669		41382		1627		430
30		2668		42441		1623		436
31		2662		43501		1628		442
32		2655		44562		1628		446
33		2640		45608		1630		450
34		2629		46645		1632		454
35		2630		47665		1639		459
36		2623		48684		1638		464
37		2619		49690		1641		468
38		2612		50698		1633		471
39		2605		51691		1644		475
40		2601		52674		1639		478
41		2605		53647		1639		481
42		2593		54621		1639		485
43		2593		55584		1641		490
44		2592		56543		1640		494
45		2591		57509		1641		498
46		2588		58477		1641		501
47		2591		59450		1647		504
48		2588		60423		1647		506
49		2590		61398		1640		510
50		2589		62368		1638		516
51		2589		63339		1638		521
52		2587		64305		1634		525
53		2584		65273		1637		529
54		2580		66235		1634		532
55		2579		67198		1637		536
56		2575		68156		1640		540
57		2575		69108		1639		543
58		2575		70059		1634		547
59		2573		71012		1633		551
60		2572		71961		1634		556
61		2573		72910		1637		560
62		2569		73855		1632		564
63		2570		74797		1637		569
64		2569		75738		1635		575
65		2569		76675		1633		578
66		2567		77615		1636		582
67		2568		78551		1634		587
68		2566		79490		1634		591
69		2562		80427		1640		594
70		2563		81367		1644		598
71		2560		82307		1642		602
72		2561		83253		1642		607
73		2556		84192		1641		611
74		2554		85121		1640		616
75		2552		86056		1637		622
76		2555		86982		1638		627
77		2553		87912		1639		631
78		2551		88841		1637		636
79		2549		89765		1638		644
80		2548		90688		1639		649
81		2545		91609		1641		654
82		2547		92531		1638		659
83		2547		93452		1641		663
84		2546		94373		1637		667
85		2546		95290		1638		671
86		2545		96208		1638		675
87		2544		97121		1639		679
88		2543		98034		1639		684
89		2540		98946		1640		689
90		2538		99853		1641		693
91		2538		100759		1641		696
92		2538		101665		1641		700
93		2537		102570		1640		704
94		2537		103475		1641		708
95		2537		104381		1641		714
96		2537		105287		1641		718
97		2537		106193		1641		721
98		2537		107099		1641		725
99		2537		108005		1641		729
100		2537		108910		1641		733
101		2537		109815		1642		738
102		2539		110723		1641		743
103		2537		111634		1638		747
104		2538		112540		1640		751
105		2538		113445		1639		754
106		2536		114349		1640		760
107		2534		115245		1641		764
108		2533		116144		1640		769
109		2531		117040		1641		784
110		2530		117936		1641		790
111		2529		118829		1643		794
112		2528		119718		1641		798
113		2527		120607		1642		802
114		2526		121494		1641		806
115		2527		122382		1642		810
116		2526		123267		1640		814
117		2529		124155		1642		818
118		2526		125039		1640		823
119		2525		125920		1640		827
120		2525		126798		1640		830
121		2524		127677		1642		834
122		2523		128554		1642		838
123		2523		129428		1642		843
124		2523		130302		1642		846
125		2523		131176		1642		850
126		2523		132052		1641		855
127		2523		132930		1643		859
128		2523		133808		1643		864
129		2523		134686		1643		869
130		2524		135563		1645		874
131		2524		136439		1645		877
132		2524		137315		1645		881
133		2524		138193		1645		885
134		2521		139069		1644		888
135		2520		139943		1644		892
136		2520		140815		1644		896
137		2519		141688		1646		900
138		2519		142560		1644		906
139		2519		143432		1646		910
140		2519		144303		1643		914
141		2518		145175		1645		919
142		2517		146045		1644		923
143		2517		146914		1645		927
144		2517		147783		1644		931
145		2517		148652		1645		938
146		2517		149521		1644		943
147		2517		150390		1645		948
148		2517		151259		1644		952
149		2517		152128		1645		958
150		2517		152997		1644		963
151		2517		153866		1645		968
152		2517		154735		1644		972
153		2517		155607		1645		977
154		2517		156478		1644		981
155		2517		157349		1645		986
156		2517		158220		1644		993
157		2517		159091		1645		998
158		2517		159962		1644		1002
159		2517		160833		1645		1006
160		2518		161706		1644		1010
161		2518		162578		1644		1015
162		2518		163450		1644		1021
163		2518		164322		1644		1026
164		2518		165194		1644		1031
165		2516		166065		1645		1035
166		2517		166938		1646		1039
167		2515		167806		1644		1047
168		2515		168672		1644		1052
169		2514		169539		1645		1057
170		2514		170404		1646		1060
171		2514		171268		1646		1064
172		2514		172132		1646		1068
173		2514		172996		1646		1073
174		2514		173860		1646		1077
175		2514		174724		1646		1083
176		2514		175588		1646		1088
177		2514		176452		1646		1091
178		2514		177316		1646		1095
179		2514		178180		1646		1099
180		2514		179044		1646		1104
181		2514		179908		1646		1108
182		2514		180772		1646		1113
183		2514		181636		1646		1117
184		2514		182500		1646		1122
185		2514		183364		1646		1126
186		2514		184228		1646		1130
187		2514		185092		1646		1133
188		2514		185956		1646		1137
189		2514		186820		1646		1141
190		2514		187684		1646		1146
191		2513		188547		1647		1152
192		2513		189409		1647		1157
193		2513		190271		1647		1160
194		2513		191133		1647		1164
195		2513		191995		1647		1167
196		2513		192857		1647		1171
197		2513		193719		1647		1174
198		2513		194581		1647		1178
199		2513		195443		1647		1182
200		2513		196305		1647		1187
201		2513		197167		1647		1191
202		2513		198029		1647		1194
203		2513		198891		1647		1198
204		2513		199753		1647		1202
205		2513		200615		1647		1207
206		2513		201477		1647		1211
207		2513		202339		1647		1215
208		2513		203201		1647		1219
209		2513		204063		1647		1222
210		2513		204925		1647		1226
211		2513		205787		1647		1230
212		2513		206649		1647		1234
213		2513		207511		1647		1241
214		2513		208373		1647		1245
215		2513		209235		1647		1250
216		2513		210097		1647		1254
217		2513		210959		1647		1257
218		2513		211821		1647		1261
219		2513		212683		1647		1265
220		2513		213545		1647		1272
221		2513		214407		1647		1276
222		2513		215269		1647		1282
223		2513		216131		1647		1288
224		2513		216993		1647		1294
225		2513		217855		1647		1300
226		2513		218717		1647		1311
227		2513		219579		1647		1315
228		2513		220441		1647		1320
229		2513		221303		1647		1324
230		2513		222165		1647		1328
231		2513		223027		1647		1333
232		2513		223889		1647		1337
233		2513		224751		1647		1340
234		2513		225613		1647		1343
235		2513		226475		1647		1347
236		2513		227337		1647		1350
237		2513		228199		1647		1355
238		2513		229061		1647		1359
239		2513		229923		1647		1362
240		2513		230785		1647		1366
241		2513		231647		1647		1369
242		2513		232509		1647		1373
243		2513		233371		1647		1376
244		2512		234234		1647		1382
245		2512		235096		1647		1386
246		2512		235958		1647		1390
247		2512		236820		1647		1394
248		2512		237682		1647		1399
249		2512		238544		1647		1405
250		2512		239406		1647		1411
251		2512		240268		1647		1415
252		2512		241130		1647		1420
253		2512		241992		1647		1425
254		2512		242854		1647		1430
255		2512		243716		1647		1436
256		2512		244578		1647		1441
257		2512		245440		1647		1445
258		2512		246302		1647		1449
259		2512		247164		1647		1455
260		2512		248026		1647		1459
261		2512		248888		1647		1463
262		2512		249750		1647		1467
263		2512		250612		1647		1471
264		2512		251474		1647		1474
265		2512		252336		1647		1478
266		2512		253198		1647		1483
267		2512		254060		1647		1489
268		2512		254922		1647		1493
269		2512		255784		1647		1497
270		2512		256646		1647		1501
271		2512		257508		1647		1505
272		2512		258370		1647		1509
273		2512		259232		1647		1513
274		2512		260094		1647		1520
275		2512		260956		1647		1524
276		2512		261818		1647		1528
277		2512		262680		1647		1533
278		2512		263542		1647		1536
279		2512		264404		1647		1540
280		2512		265266		1647		1543
281		2512		266128		1647		1549
282		2512		266990		1647		1552
283		2512		267852		1647		1556
284		2512		268714		1647		1559
285		2512		269576		1647		1562
286		2512		270438		1647		1566
287		2512		271300		1647		1572
288		2512		272162		1647		1576
289		2512		273024		1647		1581
290		2512		273886		1647		1584
291		2512		274748		1647		1588
292		2512		275610		1647		1592
293		2512		276472		1647		1596
294		2512		277334		1647		1601
295		2512		278196		1647		1606
296		2512		279058		1647		1611
297		2512		279920		1647		1616
298		2512		280782		1647		1621
299		2512		281644		1647		1625
300		2512		282506		1647		1629
301		2512		283368		1647		1633
302		2512		284230		1647		1639
303		2512		285092		1647		1644
304		2512		285954		1647		1648
305		2512		286816		1647		1654
306		2512		287678		1647		1658
307		2512		288540		1647		1662
308		2512		289402		1647		1666
309		2512		290264		1647		1671
310		2512		291126		1647		1676
311		2512		291988		1647		1681
312		2512		292850		1647		1688
313		2512		293712		1647		1692
314		2512		294574		1647		1697
315		2512		295436		1647		1704
316		2512		296298		1647		1709
317		2512		297160		1647		1713
318		2512		298022		1647		1718
319		2512		298884		1647		1723
320		2512		299746		1647		1727
321		2512		300608		1647		1731
322		2512		301470		1647		1737
323		2512		302332		1647		1741
324		2512		303194		1647		1745
325		2512		304056		1647		1750
326		2512		304918		1647		1754
327		2512		305780		1647		1758
328		2512		306642		1647		1762
329		2512		307504		1647		1769
330		2512		308366		1647		1773
331		2512		309228		1647		1777
332		2512		310090		1647		1781
333		2512		310952		1647		1787
334		2512		311814		1647		1791
335		2512		312676		1647		1795
336		2512		313538		1647		1799
337		2512		314400		1647		1806
338		2512		315262		1647		1811
339		2512		316124		1647		1819
340		2512		316986		1647		1827
341		2512		317848		1647		1831
342		2512		318710		1647		1835
343		2512		319572		1647		1839
344		2512		320434		1647		1848
345		2512		321296		1647		1853
346		2512		322158		1647		1857
347		2512		323020		1647		1861
348		2512		323882		1647		1864
349		2512		324744		1647		1867
350		2512		325606		1647		1871
351		2512		326468		1647		1874
352		2512		327330		1647		1877
353		2512		328192		1647		1880
354		2512		329054		1647		1884
355		2512		329916		1647		1887
356		2512		330778		1647		1891
357		2512		331640		1647		1895
358		2512		332502		1647		1898
359		2512		333364		1647		1903
360		2512		334226		1647		1906
361		2512		335088		1647		1909
362		2512		335950		1647		1913
363		2512		336812		1647		1917
364		2512		337674		1647		1921
365		2512		338536		1647		1925
366		2512		339398		1647		1928
367		2512		340260		1647		1931
368		2512		341122		1647		1936
369		2512		341984		1647		1939
370		2512		342846		1647		1942
371		2512		343708		1647		1945
372		2512		344570		1647		1950
373		2512		345432		1647		1955
374		2512		346294		1647		1959
375		2512		347156		1647		1964
376		2512		348018		1647		1968
377		2512		348880		1647		1971
378		2512		349742		1647		1975
379		2512		350604		1647		1980
380		2512		351466		1647		1985
381		2512		352328		1647		1989
382		2512		353190		1647		1994
383		2512		354052		1647		1997
384		2512		354914		1647		2001
385		2512		355776		1647		2005
386		2512		356638		1647		2008
387		2512		357500		1647		2014
388		2512		358362		1647		2020
389		2512		359224		1647		2025
390		2512		360086		1647		2028
391		2512		360948		1647		2034
392		2512		361810		1647		2039
393		2512		362672		1647		2043
394		2512		363534		1647		2048
395		2512		364396		1647		2053
396		2512		365258		1647		2056
397		2512		366120		1647		2059
398		2512		366982		1647		2064
399		2512		367844		1647		2068
400		2512		368706		1647		2072
401		2512		369568		1647		2076
402		2512		370430		1647		2079
403		2512		371292		1647		2083
404		2512		372154		1647		2086
405		2512		373016		1647		2089
406		2512		373878		1647		2093
407		2512		374740		1647		2097
408		2512		375602		1647		2103
409		2512		376464		1647		2108
410		2512		377326		1647		2111
411		2512		378188		1647		2115
412		2512		379050		1647		2119
413		2512		379912		1647		2122
414		2512		380774		1647		2125
415		2512		381636		1647		2129
416		2512		382498		1647		2133
417		2512		383360		1647		2137
418		2512		384222		1647		2141
419		2512		385084		1647		2144
420		2512		385946		1647		2150
421		2512		386808		1647		2154
422		2512		387670		1647		2157
423		2512		388532		1647		2161
424		2512		389394		1647		2165
425		2512		390256		1647		2169
426		2512		391118		1647		2173
427		2512		391980		1647		2176
428		2512		392842		1647		2179
429		2512		393704		1647		2185
430		2512		394566		1647		2189
431		2512		395428		1647		2192
432		2512		396290		1647		2196
433		2512		397152		1647		2200
434		2512		398014		1647		2203
435		2512		398876		1647		2207
436		2512		399738		1647		2210
437		2512		400600		1647		2214
438		2512		401462		1647		2217
439		2512		402324		1647		2220
440		2512		403186		1647		2224
441		2512		404048		1647		2228
442		2512		404910		1647		2233
443		2512		405772		1647		2237
444		2512		406634		1647		2240
445		2512		407496		1647		2243
446		2512		408358		1647		2246
447		2512		409220		1647		2250
448		2512		410082		1647		2253
449		2512		410944		1647		2257
450		2512		411806		1647		2263
451		2512		412668		1647		2267
452		2512		413530		1647		2271
453		2512		414392		1647		2274
454		2512		415254		1647		2277
455		2512		416116		1647		2281
456		2512		416978		1647		2285
457		2512		417840		1647		2290
458		2512		418702		1647		2294
459		2512		419564		1647		2297
460		2512		420426		1647		2301
461		2512		421288		1647		2304
462		2512		422150		1647		2309
463		2512		423012		1647		2313
464		2512		423874		1647		2318
465		2512		424736		1647		2322
466		2512		425598		1647		2325
467		2512		426460		1647		2328
468		2512		427322		1647		2332
469		2512		428184		1647		2335
470		2512		429046		1647		2339
471		2512		429908		1647		2342
472		2512		430770		1647		2347
473		2512		431632		1647		2354
474		2512		432494		1647		2359
475		2512		433356		1647		2363
476		2512		434218		1647		2369
477		2512		435080		1647		2374
478		2512		435942		1647		2377
479		2512		436804		1647		2381
480		2512		437666		1647		2387
481		2512		438528		1647		2390
482		2512		439390		1647		2394
483		2512		440252		1647		2397
484		2512		441114		1647		2402
485		2512		441976		1647		2405
486		2512		442838		1647		2409
487		2512		443700		1647		2414
488		2512		444562		1647		2418
489		2512		445424		1647		2421
490		2512		446286		1647		2424
491		2512		447148		1647		2428
492		2512		448010		1647		2432
493		2512		448872		1647		2435
494		2512		449734		1647		2438
495		2512		450596		1647		2442
496		2512		451458		1647		2447
497		2512		452320		1647		2452
498		2512		453182		1647		2455
499		2512		454044		1647		2459
500		2512		454906		1647		2462
501		2512		455768		1647		2465
502		2512		456630		1647		2469
503		2512		457492		1647		2472
504		2512		458354		1647		2478
505		2512		459216		1647		2482
506		2512		460078		1647		2486
507		2512		460940		1647		2489
508		2512		461802		1647		2493
509		2512		462664		1647		2496
510		2512		463526		1647		2500
511		2512		464388		1647		2504
512		2512		465250		1647		2509
513		2512		466112		1647		2512
514		2512		466974		1647		2516
515		2512		467836		1647		2519
516		2512		468698		1647		2523
517		2512		469560		1647		2526
518		2512		470422		1647		2529
519		2512		471284		1647		2534
520		2512		472146		1647		2539
521		2512		473008		1647		2543
522		2512		473870		1647		2546
523		2512		474732		1647		2549
524		2512		475594		1647		2553
525		2512		476456		1647		2556
526		2512		477318		1647		2559
527		2512		478180		1647		2564
528		2512		479042		1647		2569
529		2512		479904		1647		2573
530		2512		480766		1647		2576
531		2512		481628		1647		2580
532		2512		482490		1647		2584
533		2512		483352		1647		2587
534		2512		484214		1647		2590
535		2512		485076		1647		2594
536		2512		485938		1647		2598
537		2512		486800		1647		2603
538		2512		487662		1647		2606
539		2512		488524		1647		2609
540		2512		489386		1647		2613
541		2512		490248		1647		2618
542		2512		491110		1647		2621
543		2512		491972		1647		2624
544		2512		492834		1647		2627
545		2512		493696		1647		2632
546		2512		494558		1647		2635
547		2512		495420		1647		2638
548		2512		496282		1647		2642
549		2512		497144		1647		2645
550		2512		498006		1647		2650
551		2512		498868		1647		2653
552		2512		499730		1647		2657
553		2512		500592		1647		2661
554		2512		501454		1647		2667
555		2512		502316		1647		2670
556		2512		503178		1647		2673
557		2512		504040		1647		2677
558		2512		504902		1647		2681
559		2512		505764		1647		2684
560		2512		506626		1647		2688
561		2512		507488		1647		2692
562		2512		508350		1647		2698
563		2512		509212		1647		2702
564		2512		510074		1647		2705
565		2512		510936		1647		2708
566		2512		511798		1647		2712
567		2512		512660		1647		2715
568		2512		513522		1647		2718
569		2512		514384		1647		2723
570		2512		515246		1647		2727
571		2512		516108		1647		2732
572		2512		516970		1647		2736
573		2512		517832		1647		2739
574		2512		518694		1647		2742
575		2512		519556		1647		2745
576		2512		520418		1647		2749
577		2512		521280		1647		2754
578		2512		522142		1647		2758
579		2512		523004		1647		2762
580		2512		523866		1647		2766
581		2512		524728		1647		2770
582		2512		525590		1647		2773
583		2512		526452		1647		2777
584		2512		527314		1647		2782
585		2512		528176		1647		2787
586		2512		529038		1647		2791
587		2512		529900		1647		2796
588		2512		530762		1647		2800
589		2512		531624		1647		2804
590		2512		532486		1647		2808
591		2512		533348		1647		2812
592		2512		534210		1647		2817
593		2512		535072		1647		2821
594		2512		535934		1647		2825
595		2512		536796		1647		2830
596		2512		537658		1647		2835
597		2512		538520		1647		2839
598		2512		539382		1647		2843
599		2512		540244		1647		2848
600		2512		541106		1647		2853
601		2512		541968		1647		2857
602		2512		542830		1647		2861
603		2512		543692		1647		2867
604		2512		544554		1647		2871
605		2512		545416		1647		2875
606		2512		546278		1647		2880
607		2512		547140		1647		2885
608		2512		548002		1647		2889
609		2512		548864		1647		2893
610		2512		549726		1647		2898
611		2512		550588		1647		2903
612		2512		551450		1647		2910
613		2512		552312		1647		2917
614		2512		553174		1647		2924
615		2512		554036		1647		2929
616		2512		554898		1647		2934
617		2512		555760		1647		2938
618		2512		556622		1647		2943
619		2512		557484		1647		2947
620		2512		558346		1647		2951
621		2512		559208		1647		2955
622		2512		560070		1647		2959
623		2512		560932		1647		2963
624		2512		561794		1647		2967
625		2512		562656		1647		2972
626		2512		563518		1647		2976
627		2512		564380		1647		2982
628		2512		565242		1647		2986
629		2512		566104		1647		2990
630		2512		566966		1647		2994
631		2512		567828		1647		2998
632		2512		568690		1647		3003
633		2512		569552		1647		3008
634		2512		570414		1647		3012
635		2512		571276		1647		3016
636		2512		572138		1647		3019
637		2512		573000		1647		3024
638		2512		573862		1647		3029
639		2512		574724		1647		3036
640		2512		575586		1647		3040
641		2512		576448		1647		3045
642		2512		577310		1647		3049
643		2512		578172		1647		3053
644		2512		579034		1647		3057
645		2512		579896		1647		3062
646		2512		580758		1647		3068
647		2512		581620		1647		3072
648		2512		582482		1647		3076
649		2512		583344		1647		3080
650		2512		584206		1647		3084
651		2512		585068		1647		3088
652		2512		585930		1647		3094
653		2512		586792		1647		3098
654		2512		587654		1647		3102
655		2512		588516		1647		3106
656		2512		589378		1647		3111
657		2512		590240		1647		3117
658		2512		591102		1647		3121
659		2512		591964		1647		3125
660		2512		592826		1647		3130
661		2512		593688		1647		3134
662		2512		594550		1647		3138
663		2512		595412		1647		3142
664		2512		596274		1647		3148
665		2512		597136		1647		3152
666		2512		597998		1647		3157
667		2512		598860		1647		3161
668		2512		599722		1647		3165
669		2512		600584		1647		3169
670		2512		601446		1647		3173
671		2512		602308		1647		3178
672		2512		603170		1647		3182
673		2512		604032		1647		3187
674		2512		604894		1647		3192
675		2512		605756		1647		3198
676		2512		606618		1647		3202
677		2512		607480		1647		3206
678		2512		608342		1647		3210
679		2512		609204		1647		3214
680		2512		610066		1647		3219
681		2512		610928		1647		3223
682		2512		611790		1647		3228
683		2512		612652		1647		3233
684		2512		613514		1647		3237
685		2512		614376		1647		3241
686		2512		615238		1647		3245
687		2512		616100		1647		3250
688		2512		616962		1647		3254
689		2512		617824		1647		3258
690		2512		618686		1647		3262
691		2512		619548		1647		3266
692		2512		620410		1647		3270
693		2512		621272		1647		3274
694		2512		622134		1647		3278
695		2512		622996		1647		3285
696		2512		623858		1647		3289
697		2512		624720		1647		3292
698		2512		625582		1647		3298
699		2512		626444		1647		3301
700		2512		627306		1647		3304
701		2512		628168		1647		3308
702		2512		629030		1647		3312
703		2512		629892		1647		3318
704		2512		630754		1647		3322
705		2512		631616		1647		3327
706		2512		632478		1647		3331
707		2512		633340		1647		3335
708		2512		634202		1647		3340
709		2512		635064		1647		3343
710		2512		635926		1647		3349
711		2512		636788		1647		3352
712		2512		637650		1647		3356
713		2512		638512		1647		3360
714		2512		639374		1647		3364
715		2512		640236		1647		3368
716		2512		641098		1647		3372
717		2512		641960		1647		3376
718		2512		642822		1647		3380
719		2512		643684		1647		3383
720		2512		644546		1647		3386
721		2512		645408		1647		3390
722		2512		646270		1647		3393
723		2512		647132		1647		3399
724		2512		647994		1647		3403
725		2512		648856		1647		3407
726		2512		649718		1647		3410
727		2512		650580		1647		3414
728		2512		651442		1647		3418
729		2512		652304		1647		3421
730		2512		653166		1647		3424
731		2512		654028		1647		3428
732		2512		654890		1647		3433
733		2512		655752		1647		3438
734		2512		656614		1647		3441
735		2512		657476		1647		3444
736		2512		658338		1647		3449
737		2512		659200		1647		3452
738		2512		660062		1647		3456
739		2512		660924		1647		3460
740		2512		661786		1647		3464
741		2512		662648		1647		3469
742		2512		663510		1647		3474
743		2512		664372		1647		3478
744		2512		665234		1647		3484
745		2512		666096		1647		3488
746		2512		666958		1647		3491
747		2512		667820		1647		3495
748		2512		668682		1647		3499
749		2512		669544		1647		3502
750		2512		670406		1647		3506
751		2512		671268		1647		3509
752		2512		672130		1647		3512
753		2512		672992		1647		3515
754		2512		673854		1647		3519
755		2512		674716		1647		3522
756		2512		675578		1647		3526
757		2512		676440		1647		3531
758		2512		677302		1647		3535
759		2512		678164		1647		3539
760		2512		679026		1647		3542
761		2512		679888		1647		3546
762		2512		680750		1647		3549
763		2512		681612		1647		3552
764		2512		682474		1647		3555
765		2512		683336		1647		3561
766		2512		684198		1647		3566
767		2512		685060		1647		3569
768		2512		685922		1647		3572
769		2512		686784		1647		3576
770		2512		687646		1647		3579
771		2512		688508		1647		3582
772		2512		689370		1647		3585
773		2512		690232		1647		3590
774		2512		691094		1647		3595
775		2512		691956		1647		3598
776		2512		692818		1647		3601
777		2512		693680		1647		3605
778		2512		694542		1647		3608
779		2512		695404		1647		3611
780		2512		696266		1647		3616
781		2512		697128		1647		3621
782		2512		697990		1647		3626
783		2512		698852		1647		3630
784		2512		699714		1647		3635
785		2512		700576		1647		3638
786		2512		701438		1647		3641
787		2512		702300		1647		3646
788		2512		703162		1647		3652
789		2512		704024		1647		3656
790		2512		704886		1647		3662
791		2512		705748		1647		3666
792		2512		706610		1647		3670
793		2512		707472		1647		3674
794		2512		708334		1647		3677
795		2512		709196		1647		3684
796		2512		710058		1647		3688
797		2512		710920		1647		3691
798		2512		711782		1647		3695
799		2512		712644		1647		3700
800		2512		713506		1647		3703
801		2512		714368		1647		3706
802		2512		715230		1647		3710
803		2512		716092		1647		3714
804		2512		716954		1647		3717
805		2512		717816		1647		3721
806		2512		718678		1647		3724
807		2512		719540		1647		3727
808		2512		720402		1647		3733
809		2512		721264		1647		3736
810		2512		722126		1647		3739
811		2512		722988		1647		3743
812		2512		723850		1647		3747
813		2512		724712		1647		3750
814		2512		725574		1647		3753
815		2512		726436		1647		3757
816		2512		727298		1647		3760
817		2512		728160		1647		3764
818		2512		729022		1647		3768
819		2512		729884		1647		3771
820		2512		730746		1647		3775
821		2512		731608		1647		3780
822		2512		732470		1647		3784
823		2512		733332		1647		3787
824		2512		734194		1647		3790
825		2512		735056		1647		3794
826		2512		735918		1647		3797
827		2512		736780		1647		3801
828		2512		737642		1647		3804
829		2512		738504		1647		3809
830		2512		739366		1647		3814
831		2512		740228		1647		3818
832		2512		741090		1647		3821
833		2512		741952		1647		3825
834		2512		742814		1647		3828
835		2512		743676		1647		3831
836		2512		744538		1647		3835
837		2512		745400		1647		3838
838		2512		746262		1647		3842
839		2512		747124		1647		3845
840		2512		747986		1647		3848
841		2512		748848		1647		3852
842		2512		749710		1647		3855
843		2512		750572		1647		3858
844		2512		751434		1647		3864
845		2512		752296		1647		3868
846		2512		753158		1647		3871
847		2512		754020		1647		3874
848		2512		754882		1647		3878
849		2512		755744		1647		3881
850		2512		756606		1647		3884
851		2512		757468		1647		3888
852		2512		758330		1647		3891
853		2512		759192		1647		3896
854		2512		760054		1647		3900
855		2512		760916		1647		3903
856		2512		761778		1647		3907
857		2512		762640		1647		3910
858		2512		763502		1647		3913
859		2512		764364		1647		3917
860		2512		765226		1647		3920
861		2512		766088		1647		3923
862		2512		766950		1647		3926
863		2512		767812		1647		3932
864		2512		768674		1647		3936
865		2512		769536		1647		3939
866		2512		770398		1647		3942
867		2512		771260		1647		3947
868		2512		772122		1647		3950
869		2512		772984		1647		3953
870		2512		773846		1647		3957
871		2512		774708		1647		3961
872		2512		775570		1647		3965
873		2512		776432		1647		3968
874		2512		777294		1647		3972
875		2512		778156		1647		3975
876		2512		779018		1647		3980
877		2512		779880		1647		3983
878		2512		780742		1647		3986
879		2512		781604		1647		3990
880		2512		782466		1647		3994
881		2512		783328		1647		3998
882		2512		784190		1647		4001
883		2512		785052		1647		4004
884		2512		785914		1647		4007
885		2512		786776		1647		4011
886		2512		787638		1647		4015
887		2512		788500		1647		4018
888		2512		789362		1647		4022
889		2512		790224		1647		4026
890		2512		791086		1647		4030
891		2512		791948		1647		4033
892		2512		792810		1647		4037
893		2512		793672		1647		4040
894		2512		794534		1647		4044
895		2512		795396		1647		4049
896		2512		796258		1647		4055
897		2512		797120		1647		4060
898		2512		797982		1647		4065
899		2512		798844		1647		4068
900		2512		799706		1647		4072
901		2512		800568		1647		4075
902		2512		801430		1647		4079
903		2512		802292		1647		4082
904		2512		803154		1647		4087
905		2512		804016		1647		4091
906		2512		804878		1647		4095
907		2512		805740		1647		4099
908		2512		806602		1647		4103
909		2512		807464		1647		4106
910		2512		808326		1647		4112
911		2512		809188		1647		4117
912		2512		810050		1647		4121
913		2512		810912		1647		4125
914		2512		811774		1647		4129
915		2512		812636		1647		4132
916		2512		813498		1647		4136
917		2512		814360		1647		4140
918		2512		815222		1647		4146
919		2512		816084		1647		4151
920		2512		816946		1647		4154
921		2512		817808		1647		4158
922		2512		818670		1647		4162
923		2512		819532		1647		4166
924		2512		820394		1647		4171
925		2512		821256		1647		4175
926		2512		822118		1647		4181
927		2512		822980		1647		4185
928		2512		823842		1647		4189
929		2512		824704		1647		4193
930		2512		825566		1647		4199
931		2512		826428		1647		4202
932		2512		827290		1647		4208
933		2512		828152		1647		4214
934		2512		829014		1647		4223
935		2512		829876		1647		4228
936		2512		830738		1647		4232
937		2512		831600		1647		4236
938		2512		832462		1647		4243
939		2512		833324		1647		4249
940		2512		834186		1647		4253
941		2512		835048		1647		4257
942		2512		835910		1647		4264
943		2512		836772		1647		4271
944		2512		837634		1647		4277
945		2512		838496		1647		4282
946		2512		839358		1647		4286
947		2512		840220		1647		4290
948		2512		841082		1647		4293
949		2512		841944		1647		4297
950		2512		842806		1647		4301
951		2512		843668		1647		4307
952		2512		844530		1647		4312
953		2512		845392		1647		4316
954		2512		846254		1647		4320
955		2512		847116		1647		4324
956		2512		847978		1647		4327
957		2512		848840		1647		4331
958		2512		849702		1647		4336
959		2512		850564		1647		4340
960		2512		851426		1647		4343
961		2512		852288		1647		4347
962		2512		853150		1647		4350
963		2512		854012		1647		4354
964		2512		854874		1647		4358
965		2512		855736		1647		4362
966		2512		856598		1647		4366
967		2512		857460		1647		4369
968		2512		858322		1647		4373
969		2512		859184		1647		4378
970		2512		860046		1647		4382
971		2512		860908		1647		4386
972		2512		861770		1647		4390
973		2512		862632		1647		4396
974		2512		863494		1647		4400
975		2512		864356		1647		4403
976		2512		865218		1647		4407
977		2512		866080		1647		4411
978		2512		866942		1647		4415
979		2512		867804		1647		4418
980		2512		868666		1647		4422
981		2512		869528		1647		4427
982		2512		870390		1647		4432
983		2512		871252		1647		4435
984		2512		872114		1647		4439
985		2512		872976		1647		4443
986		2512		873838		1647		4447
987		2512		874700		1647		4451
988		2512		875562		1647		4455
989		2512		876424		1647		4460
990		2512		877286		1647		4463
991		2512		878148		1647		4467
992		2512		879010		1647		4471
993		2512		879872		1647		4474
994		2512		880734		1647		4480
995		2512		881596		1647		4484
996		2512		882458		1647		4488
997		2512		883320		1647		4492
998		2512		884182		1647		4496
999		2512		885044		1647		4499
