# Migration is number of nodes that have changed color.

Round		Edge-Cut		Swaps		Migrations		Skipped		ExecutionTime 
0		4433		2317		1221		164
1		4025		4387		1400		185
2		3787		6356		1474		205
3		3596		8261		1507		221
4		3491		10098		1533		231
5		3402		11911		1542		240
6		3324		13683		1606		247
7		3281		15444		1648		256
8		3183		17185		1650		263
9		3153		18897		1673		270
10		3089		20558		1674		276
11		3034		22236		1669		284
12		2967		23827		1690		291
13		2893		25447		1711		300
14		2856		27019		1726		305
15		2825		28599		1757		310
16		2808		30157		1768		317
17		2779		31685		1759		323
18		2743		33184		1760		327
19		2722		34655		1754		333
20		2716		36137		1783		338
21		2699		37628		1783		346
22		2664		39127		1760		351
23		2657		40582		1744		354
24		2635		42026		1780		357
25		2645		43477		1750		360
26		2615		44940		1785		363
27		2617		46353		1787		366
28		2590		47779		1800		370
29		2595		49193		1797		374
30		2597		50607		1784		379
31		2578		51994		1812		382
32		2579		53404		1805		385
33		2560		54772		1808		388
34		2552		56137		1796		392
35		2574		57549		1817		395
36		2569		58899		1802		398
37		2551		60271		1797		401
38		2561		61611		1811		405
39		2561		62947		1800		408
40		2538		64294		1792		412
41		2542		65646		1791		417
42		2534		67005		1779		421
43		2536		68369		1785		424
44		2541		69688		1806		427
45		2551		71015		1811		430
46		2542		72364		1820		434
47		2536		73719		1800		439
48		2539		75059		1806		443
49		2547		76367		1819		449
50		2561		77709		1800		452
51		2568		79063		1816		455
52		2544		80408		1798		458
53		2524		81738		1810		461
54		2514		83068		1807		465
55		2517		84392		1798		469
56		2510		85729		1789		473
57		2512		87024		1793		476
58		2517		88332		1784		479
59		2516		89640		1777		482
60		2521		90930		1770		485
61		2498		92243		1786		488
62		2493		93533		1792		492
63		2464		94826		1800		495
64		2433		96094		1816		498
65		2449		97369		1819		502
66		2438		98661		1817		506
67		2443		99917		1787		509
68		2444		101197		1814		512
69		2454		102442		1788		515
70		2450		103723		1796		518
71		2459		105000		1777		521
72		2444		106266		1780		524
73		2446		107545		1790		528
74		2429		108845		1787		533
75		2433		110111		1794		538
76		2456		111416		1806		542
77		2461		112666		1808		546
78		2472		113951		1829		554
79		2456		115221		1811		559
80		2459		116506		1812		564
81		2454		117765		1803		568
82		2456		119027		1819		572
83		2456		120289		1819		576
84		2468		121578		1832		580
85		2475		122869		1805		583
86		2464		124106		1800		586
87		2458		125363		1798		589
88		2459		126617		1814		593
89		2446		127852		1829		597
90		2434		129102		1819		601
91		2441		130365		1800		604
92		2427		131629		1767		607
93		2428		132886		1765		610
94		2405		134145		1773		614
95		2406		135392		1790		617
96		2388		136632		1785		620
97		2398		137856		1789		624
98		2370		139091		1812		628
99		2361		140291		1811		632
100		2360		141495		1805		635
101		2348		142696		1797		638
102		2333		143893		1791		641
103		2332		145061		1797		644
104		2320		146230		1800		647
105		2347		147407		1787		650
106		2362		148596		1805		654
107		2354		149752		1794		662
108		2367		150971		1809		665
109		2367		152165		1812		668
110		2381		153366		1788		672
111		2373		154556		1802		675
112		2369		155772		1792		679
113		2367		156964		1797		682
114		2338		158150		1811		686
115		2329		159344		1806		690
116		2334		160558		1811		694
117		2320		161723		1816		697
118		2319		162860		1806		701
119		2317		164022		1805		704
120		2330		165193		1804		707
121		2312		166370		1782		711
122		2326		167521		1801		715
123		2313		168658		1792		719
124		2337		169835		1814		723
125		2332		170997		1810		726
126		2329		172167		1817		730
127		2324		173331		1820		734
128		2325		174524		1798		737
129		2327		175667		1792		741
130		2317		176835		1788		744
131		2314		177979		1782		749
132		2329		179132		1775		752
133		2307		180272		1786		755
134		2305		181407		1769		759
135		2331		182591		1782		763
136		2321		183758		1819		767
137		2316		184905		1806		771
138		2323		186060		1813		776
139		2302		187228		1810		781
140		2309		188386		1806		785
141		2302		189508		1806		789
142		2314		190667		1806		792
143		2313		191824		1818		796
144		2315		192957		1812		800
145		2302		194106		1814		804
146		2298		195234		1807		809
147		2309		196386		1800		814
148		2318		197545		1794		818
149		2317		198679		1813		822
150		2330		199813		1805		826
151		2332		200963		1794		831
152		2321		202113		1788		835
153		2326		203298		1799		839
154		2344		204477		1810		845
155		2333		205640		1798		850
156		2350		206823		1776		854
157		2358		208032		1795		858
158		2386		209224		1805		862
159		2356		210410		1806		866
160		2391		211617		1803		870
161		2387		212839		1806		875
162		2372		214061		1810		879
163		2379		215295		1818		885
164		2365		216495		1818		892
165		2367		217699		1808		896
166		2362		218886		1790		899
167		2351		220096		1806		903
168		2355		221275		1809		907
169		2370		222475		1829		910
170		2369		223680		1818		913
171		2369		224836		1819		917
172		2351		225975		1825		920
173		2344		227145		1802		923
174		2349		228316		1823		926
175		2343		229510		1815		929
176		2328		230683		1827		933
177		2353		231859		1821		938
178		2336		233019		1812		941
179		2332		234194		1828		944
180		2320		235373		1821		947
181		2320		236548		1803		950
182		2311		237749		1800		953
183		2335		238922		1801		956
184		2310		240086		1789		959
185		2305		241226		1792		963
186		2314		242365		1792		968
187		2318		243526		1794		971
188		2319		244658		1811		974
189		2321		245797		1830		977
190		2329		246949		1814		980
191		2334		248099		1810		984
192		2341		249231		1813		987
193		2318		250366		1839		991
194		2312		251544		1823		995
195		2313		252680		1822		999
196		2309		253855		1803		1003
197		2320		255036		1808		1006
198		2321		256195		1818		1010
199		2319		257334		1821		1013
200		2331		258511		1836		1017
201		2343		259702		1809		1020
202		2330		260884		1805		1024
203		2350		262078		1823		1029
204		2342		263262		1798		1032
205		2337		264457		1801		1034
206		2329		265617		1812		1038
207		2315		266743		1812		1041
208		2307		267893		1805		1043
209		2310		269048		1803		1047
210		2312		270184		1818		1050
211		2323		271325		1819		1053
212		2311		272491		1813		1057
213		2309		273638		1816		1062
214		2298		274758		1809		1065
215		2306		275908		1817		1068
216		2303		277043		1831		1071
217		2309		278145		1817		1075
218		2295		279310		1815		1078
219		2296		280463		1808		1082
220		2289		281602		1819		1085
221		2293		282715		1799		1089
222		2285		283814		1796		1096
223		2275		284920		1801		1099
224		2276		286013		1788		1103
225		2282		287107		1816		1106
226		2284		288228		1801		1109
227		2299		289336		1803		1112
228		2293		290433		1802		1116
229		2274		291551		1795		1120
230		2270		292621		1783		1124
231		2272		293702		1772		1127
232		2287		294789		1778		1131
233		2271		295842		1785		1134
234		2267		296959		1792		1137
235		2295		298101		1788		1141
236		2332		299234		1785		1145
237		2318		300392		1765		1149
238		2337		301577		1782		1153
239		2331		302757		1780		1156
240		2333		303938		1793		1160
241		2337		305133		1800		1163
242		2334		306332		1806		1167
243		2344		307524		1803		1170
244		2345		308674		1792		1173
245		2323		309831		1805		1177
246		2305		310977		1810		1182
247		2313		312133		1832		1186
248		2312		313332		1804		1189
249		2314		314459		1812		1192
250		2299		315634		1784		1196
251		2300		316776		1783		1200
252		2296		317884		1792		1203
253		2281		319000		1796		1207
254		2299		320102		1795		1212
255		2275		321230		1811		1216
256		2291		322332		1797		1220
257		2306		323466		1809		1223
258		2305		324585		1786		1227
259		2308		325725		1786		1230
260		2304		326880		1813		1234
261		2330		328022		1799		1238
262		2305		329196		1796		1242
263		2291		330341		1809		1246
264		2294		331511		1798		1250
265		2316		332660		1808		1253
266		2328		333817		1810		1257
267		2334		335015		1807		1261
268		2314		336187		1811		1264
269		2324		337331		1809		1267
270		2318		338484		1817		1272
271		2326		339645		1805		1276
272		2306		340816		1797		1280
273		2301		341942		1796		1283
274		2294		343044		1814		1286
275		2294		344156		1819		1290
276		2314		345275		1814		1294
277		2319		346444		1815		1298
278		2329		347611		1827		1301
279		2306		348747		1810		1305
280		2301		349878		1808		1310
281		2312		351042		1814		1314
282		2314		352141		1806		1319
283		2291		353265		1811		1323
284		2292		354400		1831		1328
285		2309		355554		1817		1331
286		2301		356720		1826		1336
287		2312		357867		1823		1341
288		2308		358994		1820		1347
289		2323		360135		1790		1352
290		2317		361293		1822		1357
291		2303		362440		1829		1361
292		2328		363610		1803		1365
293		2318		364766		1815		1370
294		2305		365938		1805		1375
295		2311		367081		1783		1379
296		2296		368226		1800		1383
297		2294		369354		1803		1388
298		2304		370490		1799		1392
299		2307		371655		1809		1397
300		2315		372831		1804		1403
301		2312		374019		1795		1407
302		2316		375198		1806		1411
303		2348		376392		1803		1415
304		2335		377588		1786		1419
305		2355		378806		1784		1423
306		2340		379976		1781		1428
307		2342		381168		1787		1433
308		2353		382380		1790		1437
309		2361		383587		1797		1441
310		2346		384764		1802		1447
311		2322		385918		1806		1450
312		2323		387058		1808		1454
313		2336		388213		1804		1458
314		2332		389387		1810		1462
315		2330		390536		1819		1465
316		2333		391693		1802		1469
317		2325		392852		1774		1472
318		2306		393999		1788		1476
319		2280		395131		1754		1480
320		2309		396271		1760		1483
321		2292		397420		1771		1486
322		2300		398540		1758		1490
323		2310		399655		1784		1494
324		2298		400806		1777		1498
325		2320		401930		1802		1502
326		2320		403081		1798		1505
327		2305		404246		1809		1509
328		2312		405406		1813		1512
329		2310		406546		1814		1516
330		2305		407676		1811		1520
331		2328		408829		1835		1525
332		2316		409977		1819		1528
333		2332		411118		1814		1532
334		2322		412247		1805		1536
335		2330		413359		1805		1539
336		2342		414530		1813		1543
337		2326		415710		1815		1547
338		2340		416857		1819		1554
339		2334		418022		1800		1557
340		2314		419193		1797		1560
341		2322		420352		1812		1563
342		2343		421532		1808		1566
343		2339		422691		1789		1569
344		2306		423828		1805		1573
345		2312		424981		1812		1576
346		2320		426115		1801		1579
347		2310		427243		1781		1584
348		2309		428348		1803		1588
349		2308		429459		1800		1592
350		2308		430641		1796		1595
351		2321		431797		1826		1599
352		2328		432933		1817		1602
353		2349		434073		1816		1606
354		2327		435237		1820		1610
355		2308		436396		1826		1614
356		2310		437547		1825		1619
357		2335		438696		1818		1623
358		2304		439829		1815		1627
359		2326		440990		1817		1630
360		2322		442170		1819		1634
361		2329		443314		1805		1637
362		2323		444453		1799		1641
363		2330		445623		1819		1644
364		2320		446783		1814		1649
365		2337		447951		1819		1653
366		2326		449135		1789		1657
367		2309		450312		1787		1660
368		2325		451477		1807		1664
369		2297		452602		1804		1667
370		2312		453744		1787		1671
371		2304		454936		1790		1674
372		2304		456067		1795		1679
373		2296		457201		1797		1683
374		2280		458349		1799		1687
375		2279		459485		1800		1690
376		2273		460613		1820		1694
377		2283		461721		1809		1697
378		2309		462843		1813		1701
379		2310		463965		1815		1705
380		2282		465087		1839		1710
381		2292		466182		1834		1715
382		2292		467329		1832		1719
383		2290		468446		1820		1723
384		2292		469572		1826		1727
385		2299		470704		1822		1730
386		2282		471830		1834		1734
387		2273		472952		1845		1738
388		2285		474074		1820		1742
389		2282		475161		1807		1745
390		2278		476272		1832		1749
391		2308		477416		1825		1752
392		2292		478532		1808		1756
393		2282		479630		1815		1760
394		2274		480743		1801		1763
395		2263		481822		1793		1767
396		2283		482928		1801		1772
397		2276		484029		1785		1776
398		2286		485140		1786		1780
399		2267		486228		1782		1783
400		2271		487307		1782		1787
401		2294		488415		1780		1790
402		2291		489549		1809		1794
403		2315		490664		1805		1797
404		2304		491790		1807		1802
405		2303		492926		1820		1806
406		2299		494063		1807		1810
407		2299		495208		1821		1813
408		2299		496352		1806		1817
409		2311		497503		1823		1820
410		2293		498632		1821		1823
411		2286		499762		1819		1827
412		2277		500862		1813		1831
413		2292		501963		1825		1835
414		2296		503092		1811		1839
415		2310		504231		1830		1842
416		2289		505365		1827		1846
417		2291		506496		1827		1849
418		2306		507650		1819		1853
419		2313		508785		1810		1856
420		2340		509947		1795		1860
421		2315		511073		1794		1865
422		2340		512199		1815		1868
423		2346		513355		1796		1872
424		2330		514516		1803		1876
425		2319		515685		1800		1880
426		2324		516859		1788		1883
427		2322		517994		1783		1886
428		2331		519153		1806		1890
429		2347		520299		1795		1895
430		2337		521482		1801		1898
431		2340		522668		1806		1902
432		2365		523860		1797		1905
433		2372		525039		1800		1909
434		2344		526183		1801		1912
435		2342		527366		1804		1916
436		2339		528545		1802		1919
437		2346		529769		1798		1923
438		2343		530972		1788		1928
439		2343		532158		1807		1931
440		2345		533353		1787		1935
441		2335		534536		1804		1938
442		2333		535708		1805		1942
443		2337		536900		1801		1945
444		2328		538097		1786		1948
445		2341		539252		1783		1952
446		2322		540425		1774		1955
447		2318		541611		1787		1959
448		2335		542763		1779		1963
449		2321		543918		1781		1967
450		2322		545060		1775		1970
451		2331		546219		1782		1974
452		2317		547367		1782		1977
453		2328		548494		1794		1981
454		2339		549650		1776		1988
455		2330		550805		1791		1992
456		2325		551948		1785		1995
457		2310		553068		1804		1998
458		2321		554255		1791		2002
459		2316		555434		1802		2005
460		2312		556604		1779		2009
461		2318		557769		1795		2013
462		2315		558885		1775		2018
463		2327		560054		1805		2022
464		2318		561190		1797		2026
465		2329		562339		1813		2030
466		2329		563481		1821		2033
467		2318		564633		1845		2037
468		2312		565795		1809		2041
469		2305		566945		1813		2044
470		2309		568107		1821		2049
471		2328		569276		1816		2053
472		2331		570432		1818		2056
473		2331		571618		1829		2060
474		2324		572774		1828		2063
475		2330		573936		1825		2067
476		2328		575069		1812		2070
477		2325		576231		1823		2073
478		2322		577386		1812		2077
479		2317		578543		1827		2082
480		2317		579697		1830		2085
481		2328		580855		1834		2089
482		2326		582034		1814		2092
483		2351		583227		1816		2096
484		2339		584396		1818		2099
485		2326		585566		1817		2102
486		2309		586696		1805		2106
487		2328		587838		1808		2110
488		2346		588999		1811		2114
489		2353		590171		1796		2118
490		2334		591333		1801		2121
491		2333		592523		1808		2125
492		2369		593721		1809		2128
493		2377		594924		1794		2132
494		2396		596130		1785		2135
495		2366		597347		1801		2139
496		2357		598529		1818		2144
497		2380		599730		1826		2147
498		2367		600946		1807		2151
499		2368		602145		1809		2154
500		2359		603354		1805		2158
501		2368		604559		1815		2161
502		2332		605736		1812		2164
503		2341		606933		1812		2168
504		2344		608129		1801		2173
505		2340		609326		1817		2176
506		2345		610537		1806		2180
507		2344		611699		1790		2183
508		2315		612871		1800		2187
509		2316		614047		1804		2190
510		2290		615170		1816		2195
511		2298		616339		1795		2200
512		2299		617495		1792		2205
513		2306		618625		1826		2209
514		2299		619779		1807		2212
515		2322		620935		1804		2216
516		2316		622064		1809		2220
517		2315		623217		1810		2224
518		2326		624379		1815		2227
519		2321		625549		1808		2232
520		2350		626751		1807		2237
521		2340		627965		1790		2241
522		2331		629115		1789		2245
523		2333		630275		1792		2248
524		2318		631442		1795		2251
525		2332		632611		1798		2255
526		2329		633776		1780		2258
527		2326		634915		1792		2263
528		2329		636068		1802		2268
529		2328		637249		1791		2271
530		2316		638400		1800		2275
531		2320		639541		1806		2278
532		2308		640694		1795		2282
533		2293		641817		1790		2286
534		2296		642960		1799		2289
535		2301		644115		1773		2294
536		2291		645244		1783		2299
537		2300		646392		1788		2303
538		2296		647527		1802		2306
539		2308		648646		1788		2310
540		2283		649799		1781		2313
541		2284		650918		1791		2317
542		2274		652057		1794		2321
543		2259		653131		1802		2325
544		2255		654209		1773		2329
545		2262		655318		1774		2332
546		2270		656403		1770		2336
547		2285		657513		1788		2340
548		2300		658617		1769		2343
549		2299		659729		1787		2347
550		2294		660874		1801		2350
551		2280		661994		1812		2355
552		2290		663131		1819		2360
553		2292		664239		1822		2364
554		2300		665352		1814		2367
555		2323		666496		1829		2371
556		2321		667645		1818		2375
557		2336		668795		1810		2378
558		2321		669922		1790		2381
559		2324		671076		1815		2385
560		2328		672230		1806		2390
561		2312		673389		1813		2393
562		2302		674519		1810		2396
563		2300		675667		1797		2400
564		2310		676806		1816		2403
565		2305		677948		1816		2407
566		2310		679131		1814		2410
567		2310		680245		1816		2414
568		2312		681422		1809		2418
569		2336		682574		1814		2422
570		2332		683744		1824		2426
571		2319		684917		1824		2430
572		2304		686058		1830		2434
573		2296		687178		1820		2438
574		2300		688301		1818		2442
575		2294		689443		1815		2446
576		2293		690565		1808		2452
577		2289		691686		1830		2456
578		2293		692825		1823		2460
579		2284		693939		1825		2464
580		2302		695061		1819		2468
581		2323		696206		1792		2473
582		2324		697387		1784		2478
583		2307		698527		1795		2483
584		2316		699693		1791		2487
585		2323		700845		1808		2491
586		2316		701994		1812		2496
587		2334		703127		1802		2500
588		2328		704294		1805		2504
589		2309		705418		1796		2509
590		2324		706554		1786		2515
591		2328		707698		1789		2519
592		2314		708812		1783		2523
593		2306		709953		1785		2527
594		2305		711057		1790		2532
595		2324		712203		1805		2536
596		2307		713324		1803		2542
597		2300		714460		1788		2547
598		2311		715619		1793		2551
599		2309		716792		1804		2555
600		2308		717965		1775		2560
601		2303		719114		1782		2564
602		2309		720272		1770		2568
603		2320		721417		1777		2574
604		2319		722571		1802		2578
605		2307		723755		1806		2582
606		2306		724929		1835		2586
607		2319		726082		1812		2591
608		2326		727249		1799		2595
609		2311		728387		1792		2600
610		2301		729570		1797		2605
611		2307		730691		1803		2610
612		2311		731830		1809		2614
613		2288		732975		1807		2618
614		2302		734131		1813		2622
615		2279		735245		1806		2627
616		2269		736324		1819		2632
617		2262		737424		1796		2637
618		2258		738516		1796		2641
619		2245		739603		1798		2645
620		2265		740707		1796		2650
621		2285		741842		1795		2654
622		2291		742943		1793		2658
623		2265		744084		1799		2663
624		2272		745173		1812		2668
625		2286		746272		1810		2672
626		2299		747418		1806		2676
627		2282		748502		1812		2680
628		2272		749624		1807		2685
629		2286		750735		1825		2689
630		2277		751841		1799		2694
631		2270		752937		1797		2700
632		2281		754021		1802		2704
633		2292		755149		1791		2708
634		2299		756274		1760		2712
635		2314		757392		1777		2717
636		2338		758577		1765		2721
637		2334		759744		1768		2726
638		2309		760886		1760		2733
639		2309		762040		1774		2737
640		2305		763175		1777		2741
641		2320		764327		1789		2746
642		2325		765504		1784		2750
643		2314		766690		1775		2755
644		2306		767835		1773		2760
645		2307		768969		1769		2764
646		2327		770108		1797		2768
647		2333		771254		1796		2773
648		2334		772426		1806		2777
649		2329		773554		1814		2781
650		2321		774722		1810		2786
651		2334		775878		1814		2791
652		2331		777027		1803		2796
653		2334		778184		1806		2800
654		2322		779342		1795		2804
655		2325		780488		1777		2808
656		2322		781633		1781		2812
657		2314		782767		1799		2817
658		2345		783937		1787		2823
659		2328		785104		1798		2827
660		2312		786265		1820		2831
661		2304		787405		1824		2835
662		2304		788564		1800		2840
663		2288		789705		1821		2844
664		2288		790816		1815		2849
665		2269		791956		1814		2854
666		2271		793075		1818		2858
667		2282		794213		1791		2862
668		2276		795336		1790		2867
669		2302		796480		1803		2871
670		2295		797624		1794		2875
671		2297		798752		1807		2880
672		2283		799892		1798		2885
673		2285		801067		1809		2889
674		2288		802184		1816		2893
675		2322		803315		1806		2897
676		2316		804488		1799		2902
677		2319		805672		1803		2906
678		2305		806847		1798		2911
679		2318		808000		1812		2916
680		2305		809148		1813		2920
681		2297		810293		1813		2925
682		2287		811460		1818		2929
683		2266		812599		1804		2933
684		2286		813734		1812		2937
685		2304		814913		1823		2944
686		2297		816077		1813		2948
687		2320		817229		1822		2951
688		2299		818384		1806		2953
689		2281		819513		1806		2956
690		2267		820656		1796		2959
691		2272		821777		1801		2961
692		2278		822932		1798		2964
693		2275		824091		1778		2967
694		2294		825204		1795		2970
695		2285		826329		1808		2973
696		2301		827471		1820		2976
697		2295		828604		1814		2979
698		2299		829756		1811		2982
699		2282		830893		1804		2986
700		2290		832005		1779		2989
701		2284		833120		1788		2993
702		2280		834191		1792		2996
703		2262		835304		1793		2999
704		2254		836400		1797		3004
705		2260		837512		1794		3008
706		2241		838625		1799		3011
707		2254		839700		1804		3015
708		2255		840836		1805		3018
709		2260		841932		1809		3021
710		2271		843057		1804		3024
711		2268		844190		1786		3027
712		2274		845317		1786		3031
713		2270		846442		1778		3034
714		2268		847560		1799		3039
715		2271		848697		1783		3043
716		2269		849844		1800		3046
717		2267		850984		1802		3049
718		2275		852105		1809		3053
719		2259		853238		1796		3056
720		2289		854375		1788		3059
721		2277		855523		1784		3062
722		2307		856655		1784		3065
723		2304		857780		1771		3069
724		2302		858926		1769		3073
725		2288		860090		1777		3077
726		2308		861211		1775		3080
727		2295		862363		1799		3083
728		2284		863467		1794		3086
729		2279		864604		1821		3089
730		2265		865726		1826		3092
731		2267		866838		1814		3095
732		2263		867969		1803		3099
733		2264		869083		1801		3104
734		2258		870177		1785		3107
735		2256		871303		1794		3110
736		2263		872423		1789		3113
737		2285		873578		1790		3116
738		2250		874674		1770		3120
739		2256		875779		1785		3123
740		2244		876902		1788		3126
741		2249		878005		1803		3131
742		2258		879134		1811		3135
743		2245		880263		1797		3138
744		2244		881394		1808		3141
745		2267		882535		1796		3145
746		2257		883659		1790		3148
747		2257		884767		1821		3151
748		2251		885891		1826		3154
749		2234		886987		1813		3158
750		2240		888098		1804		3162
751		2232		889175		1790		3167
752		2224		890262		1804		3170
753		2240		891349		1810		3173
754		2275		892464		1811		3176
755		2256		893570		1798		3179
756		2249		894670		1782		3183
757		2224		895781		1796		3186
758		2232		896885		1807		3189
759		2236		897985		1796		3193
760		2235		899080		1789		3198
761		2250		900174		1800		3201
762		2270		901300		1794		3205
763		2286		902458		1799		3209
764		2283		903563		1800		3212
765		2276		904671		1809		3215
766		2281		905783		1829		3218
767		2258		906886		1811		3223
768		2266		907976		1806		3228
769		2261		909069		1793		3231
770		2253		910159		1799		3235
771		2265		911302		1788		3238
772		2288		912415		1783		3241
773		2270		913529		1774		3244
774		2275		914671		1805		3247
775		2274		915833		1824		3251
776		2292		916999		1803		3254
777		2289		918123		1797		3259
778		2299		919272		1781		3262
779		2267		920440		1807		3265
780		2276		921551		1792		3268
781		2255		922677		1788		3272
782		2253		923794		1817		3275
783		2258		924909		1818		3278
784		2276		926020		1823		3282
785		2286		927143		1802		3286
786		2282		928304		1792		3290
787		2283		929448		1802		3294
788		2288		930600		1813		3297
789		2313		931788		1812		3302
790		2321		932972		1793		3305
791		2318		934130		1796		3308
792		2310		935300		1808		3311
793		2306		936476		1810		3315
794		2318		937619		1813		3319
795		2319		938794		1824		3322
796		2319		939973		1812		3326
797		2321		941191		1814		3329
798		2334		942381		1809		3333
799		2338		943586		1801		3336
800		2330		944753		1812		3339
801		2327		945952		1774		3343
802		2342		947136		1805		3347
803		2317		948281		1773		3351
804		2321		949486		1780		3355
805		2323		950638		1791		3358
806		2321		951818		1788		3361
807		2311		952958		1777		3364
808		2304		954125		1808		3368
809		2299		955282		1789		3371
810		2292		956441		1818		3374
811		2307		957612		1800		3379
812		2306		958774		1816		3383
813		2322		959963		1804		3386
814		2305		961129		1817		3389
815		2338		962311		1807		3393
816		2320		963504		1815		3396
817		2315		964681		1837		3399
818		2323		965872		1801		3402
819		2324		967058		1802		3405
820		2333		968246		1809		3410
821		2326		969399		1811		3414
822		2329		970563		1783		3418
823		2314		971719		1801		3421
824		2309		972899		1831		3424
825		2305		974084		1829		3427
826		2306		975236		1821		3430
827		2277		976392		1818		3434
828		2303		977510		1812		3437
829		2288		978640		1818		3441
830		2289		979791		1796		3445
831		2278		980949		1793		3448
832		2303		982111		1801		3451
833		2325		983269		1801		3454
834		2328		984445		1788		3458
835		2321		985618		1791		3461
836		2298		986790		1822		3464
837		2291		987972		1797		3467
838		2302		989100		1791		3471
839		2286		990234		1804		3476
840		2286		991379		1801		3479
841		2262		992475		1798		3482
842		2260		993589		1789		3485
843		2296		994778		1821		3489
844		2295		995928		1799		3492
845		2289		997075		1778		3495
846		2290		998206		1772		3498
847		2287		999323		1775		3502
848		2273		1000468		1778		3507
849		2286		1001603		1770		3510
850		2304		1002746		1771		3513
851		2270		1003840		1760		3517
852		2267		1004989		1788		3520
853		2300		1006161		1797		3523
854		2288		1007278		1787		3527
855		2309		1008415		1798		3531
856		2299		1009534		1809		3537
857		2295		1010697		1791		3540
858		2288		1011826		1796		3543
859		2276		1012967		1791		3547
860		2278		1014107		1816		3550
861		2268		1015224		1810		3553
862		2268		1016349		1807		3556
863		2283		1017467		1809		3560
864		2275		1018604		1790		3563
865		2262		1019706		1801		3567
866		2272		1020812		1796		3570
867		2268		1021920		1794		3573
868		2275		1023054		1784		3577
869		2249		1024167		1771		3580
870		2237		1025268		1796		3583
871		2248		1026389		1800		3587
872		2268		1027514		1798		3590
873		2274		1028639		1796		3593
874		2258		1029767		1807		3598
875		2271		1030866		1807		3601
876		2254		1031993		1798		3604
877		2274		1033153		1794		3607
878		2288		1034301		1802		3611
879		2278		1035435		1808		3614
880		2254		1036565		1800		3617
881		2269		1037673		1815		3620
882		2259		1038816		1807		3623
883		2272		1039951		1837		3628
884		2260		1041059		1829		3632
885		2270		1042186		1827		3635
886		2278		1043284		1834		3638
887		2276		1044384		1805		3641
888		2282		1045512		1788		3644
889		2278		1046608		1798		3648
890		2275		1047718		1805		3651
891		2283		1048868		1805		3654
892		2301		1050012		1809		3658
893		2306		1051139		1811		3662
894		2324		1052274		1809		3666
895		2320		1053453		1796		3669
896		2300		1054595		1813		3672
897		2301		1055759		1799		3676
898		2322		1056916		1819		3679
899		2292		1058046		1799		3683
900		2333		1059206		1782		3687
901		2309		1060398		1762		3692
902		2313		1061538		1760		3695
903		2299		1062677		1769		3699
904		2283		1063805		1775		3703
905		2285		1064953		1759		3707
906		2265		1066065		1782		3715
907		2262		1067160		1800		3721
908		2266		1068256		1779		3726
909		2296		1069357		1791		3729
910		2279		1070477		1772		3733
911		2268		1071614		1797		3737
912		2268		1072720		1772		3741
913		2266		1073835		1775		3745
914		2275		1074909		1787		3749
915		2274		1076020		1800		3754
916		2269		1077154		1793		3758
917		2262		1078241		1780		3761
918		2255		1079339		1797		3765
919		2261		1080450		1799		3769
920		2262		1081574		1800		3772
921		2253		1082666		1786		3776
922		2254		1083763		1771		3779
923		2258		1084854		1797		3784
924		2257		1085978		1803		3789
925		2257		1087095		1805		3793
926		2248		1088242		1807		3797
927		2256		1089348		1793		3800
928		2251		1090501		1804		3804
929		2262		1091629		1787		3809
930		2281		1092742		1800		3816
931		2258		1093862		1808		3821
932		2246		1094953		1801		3827
933		2260		1096063		1790		3832
934		2261		1097203		1806		3836
935		2267		1098311		1780		3839
936		2253		1099442		1789		3844
937		2248		1100557		1798		3850
938		2253		1101660		1803		3855
939		2234		1102746		1800		3861
940		2221		1103813		1784		3867
941		2225		1104922		1786		3872
942		2229		1106012		1804		3877
943		2239		1107105		1792		3881
944		2231		1108220		1766		3885
945		2230		1109330		1766		3888
946		2224		1110388		1782		3892
947		2231		1111522		1787		3895
948		2223		1112616		1797		3899
949		2242		1113693		1797		3902
950		2258		1114780		1786		3906
951		2258		1115877		1807		3911
952		2267		1116988		1788		3914
953		2269		1118085		1789		3918
954		2265		1119197		1783		3921
955		2252		1120336		1768		3925
956		2261		1121459		1781		3928
957		2243		1122547		1787		3931
958		2258		1123656		1777		3936
959		2253		1124779		1784		3940
960		2260		1125880		1783		3944
961		2250		1126966		1779		3947
962		2243		1128064		1786		3951
963		2228		1129161		1784		3954
964		2233		1130236		1795		3957
965		2247		1131333		1787		3960
966		2232		1132427		1779		3964
967		2258		1133542		1779		3968
968		2257		1134675		1778		3972
969		2259		1135793		1800		3975
970		2262		1136907		1795		3979
971		2277		1138032		1783		3982
972		2285		1139167		1787		3986
973		2283		1140327		1791		3989
974		2281		1141475		1777		3993
975		2258		1142594		1803		3996
976		2244		1143712		1801		4001
977		2255		1144823		1797		4005
978		2275		1145960		1794		4008
979		2264		1147083		1801		4012
980		2270		1148205		1782		4015
981		2270		1149308		1779		4019
982		2262		1150438		1784		4023
983		2241		1151544		1797		4026
984		2230		1152605		1815		4031
985		2235		1153659		1813		4035
986		2247		1154750		1822		4039
987		2253		1155841		1810		4042
988		2249		1156925		1828		4045
989		2246		1157998		1833		4049
990		2256		1159112		1817		4052
991		2232		1160230		1813		4056
992		2252		1161328		1809		4059
993		2254		1162444		1820		4064
994		2257		1163545		1812		4069
995		2265		1164682		1793		4075
996		2267		1165781		1820		4080
997		2269		1166879		1822		4085
998		2276		1168034		1814		4091
999		2278		1169155		1808		4095
