# Migration is number of nodes that have changed color.

Round		Edge-Cut		Swaps		Migrations		Skipped
0		4307		2375		1592
1		3863		4558		1639
2		3741		6705		1673
3		3765		8833		1690
4		3677		10947		1704
5		3602		13028		1735
6		3583		15109		1768
7		3556		17192		1769
8		3536		19251		1782
9		3522		21280		1777
10		3437		23276		1793
11		3378		25240		1744
12		3366		27215		1788
13		3357		29190		1806
14		3292		31105		1810
15		3233		33001		1803
16		3260		34857		1834
17		3267		36779		1820
18		3194		38648		1835
19		3157		40503		1865
20		3146		42338		1818
21		3130		44166		1852
22		3136		45976		1847
23		3101		47815		1847
24		3055		49623		1849
25		3021		51389		1872
26		2975		53113		1880
27		2954		54777		1880
28		2917		56451		1876
29		2869		58080		1857
30		2825		59686		1843
31		2819		61247		1839
32		2782		62788		1850
33		2750		64320		1866
34		2681		65669		1859
35		2656		66965		1832
36		2607		68214		1828
37		2579		69413		1835
38		2558		70604		1838
39		2516		71760		1830
40		2489		72901		1838
41		2459		74010		1824
42		2447		75097		1840
43		2426		76168		1831
44		2412		77227		1824
45		2400		78273		1837
46		2390		79311		1835
47		2379		80337		1843
48		2369		81354		1847
49		2365		82358		1836
50		2349		83358		1834
51		2343		84337		1836
52		2337		85313		1839
53		2329		86277		1833
54		2325		87236		1839
55		2311		88186		1840
56		2311		89124		1839
57		2308		90058		1835
58		2308		90995		1842
59		2298		91936		1839
60		2298		92862		1841
61		2295		93784		1841
62		2291		94704		1835
63		2291		95621		1834
64		2282		96530		1838
65		2282		97437		1830
66		2282		98335		1835
67		2282		99229		1831
68		2276		100126		1834
69		2277		101018		1833
70		2273		101905		1833
71		2273		102790		1832
72		2270		103671		1834
73		2267		104553		1831
74		2266		105432		1834
75		2263		106308		1833
76		2263		107183		1836
77		2262		108056		1833
78		2259		108925		1835
79		2260		109792		1831
80		2259		110663		1835
81		2257		111528		1835
82		2256		112390		1836
83		2254		113251		1834
84		2253		114111		1836
85		2253		114970		1834
86		2253		115829		1836
87		2253		116688		1834
88		2253		117547		1836
89		2253		118406		1834
90		2253		119265		1836
91		2253		120124		1834
92		2253		120983		1836
93		2253		121842		1834
94		2253		122702		1835
95		2253		123562		1834
96		2253		124422		1835
97		2253		125282		1834
98		2253		126142		1835
99		2253		127002		1834
100		2253		127862		1835
101		2253		128722		1834
102		2253		129582		1835
103		2253		130442		1834
104		2253		131302		1835
105		2253		132162		1834
106		2253		133022		1835
107		2253		133882		1834
108		2253		134742		1835
109		2253		135602		1834
110		2253		136462		1835
111		2253		137322		1834
112		2253		138182		1835
113		2253		139042		1834
114		2253		139902		1835
115		2253		140762		1834
116		2253		141622		1835
117		2253		142482		1834
118		2253		143342		1835
119		2253		144202		1834
120		2253		145062		1835
121		2253		145922		1834
122		2253		146782		1835
123		2253		147642		1834
124		2253		148502		1835
125		2253		149362		1834
126		2253		150226		1835
127		2253		151087		1833
128		2253		151948		1835
129		2253		152809		1833
130		2253		153670		1835
131		2253		154531		1833
132		2253		155392		1835
133		2253		156253		1833
134		2253		157114		1835
135		2253		157975		1833
136		2253		158836		1835
137		2253		159697		1833
138		2253		160558		1835
139		2253		161419		1833
140		2253		162280		1835
141		2253		163141		1833
142		2253		164002		1835
143		2253		164863		1833
144		2253		165724		1835
145		2253		166585		1833
146		2253		167446		1835
147		2253		168307		1833
148		2253		169168		1835
149		2253		170029		1833
150		2253		170890		1835
151		2253		171751		1833
152		2253		172612		1835
153		2253		173473		1833
154		2253		174334		1835
155		2253		175195		1833
156		2253		176056		1835
157		2253		176917		1833
158		2253		177778		1835
159		2253		178639		1833
160		2253		179500		1835
161		2253		180361		1833
162		2253		181222		1835
163		2253		182083		1833
164		2253		182944		1835
165		2253		183805		1833
166		2253		184666		1835
167		2253		185527		1833
168		2253		186388		1835
169		2253		187249		1833
170		2253		188110		1835
171		2253		188971		1833
172		2253		189832		1835
173		2253		190693		1833
174		2253		191554		1835
175		2253		192415		1833
176		2253		193276		1835
177		2253		194137		1833
178		2253		194998		1835
179		2253		195859		1833
180		2253		196720		1835
181		2253		197581		1833
182		2253		198442		1835
183		2253		199303		1833
184		2253		200164		1835
185		2253		201025		1833
186		2253		201886		1835
187		2253		202747		1833
188		2253		203608		1835
189		2253		204469		1833
190		2253		205330		1835
191		2253		206191		1833
192		2253		207052		1835
193		2253		207913		1833
194		2253		208774		1835
195		2253		209635		1833
196		2253		210496		1835
197		2253		211357		1833
198		2253		212218		1835
199		2253		213079		1833
200		2253		213940		1835
201		2253		214801		1833
202		2253		215662		1835
203		2253		216523		1833
204		2253		217384		1835
205		2253		218245		1833
206		2253		219106		1835
207		2253		219967		1833
208		2253		220828		1835
209		2253		221689		1833
210		2253		222550		1835
211		2253		223411		1833
212		2253		224272		1835
213		2253		225133		1833
214		2253		225994		1835
215		2253		226855		1833
216		2253		227716		1835
217		2253		228577		1833
218		2253		229438		1835
219		2253		230299		1833
220		2253		231160		1835
221		2253		232021		1833
222		2253		232882		1835
223		2253		233743		1833
224		2253		234604		1835
225		2253		235465		1833
226		2253		236326		1835
227		2253		237187		1833
228		2253		238048		1835
229		2253		238909		1833
230		2253		239770		1835
231		2253		240631		1833
232		2253		241492		1835
233		2253		242353		1833
234		2253		243214		1835
235		2253		244075		1833
236		2253		244936		1835
237		2253		245797		1833
238		2253		246658		1835
239		2253		247519		1833
240		2253		248380		1835
241		2253		249241		1833
242		2253		250102		1835
243		2253		250963		1833
244		2253		251824		1835
245		2253		252685		1833
246		2253		253546		1835
247		2253		254407		1833
248		2253		255268		1835
249		2253		256129		1833
250		2253		256990		1835
251		2253		257851		1833
252		2253		258712		1835
253		2253		259573		1833
254		2253		260434		1835
255		2253		261295		1833
256		2253		262156		1835
257		2253		263017		1833
258		2253		263878		1835
259		2253		264739		1833
260		2253		265600		1835
261		2253		266461		1833
262		2253		267322		1835
263		2253		268183		1833
264		2253		269044		1835
265		2253		269905		1833
266		2253		270766		1835
267		2253		271627		1833
268		2253		272488		1835
269		2253		273349		1833
270		2253		274210		1835
271		2253		275071		1833
272		2253		275932		1835
273		2253		276793		1833
274		2253		277654		1835
275		2253		278515		1833
276		2253		279376		1835
277		2253		280237		1833
278		2253		281098		1835
279		2253		281959		1833
280		2253		282820		1835
281		2253		283681		1833
282		2253		284542		1835
283		2253		285403		1833
284		2253		286264		1835
285		2253		287125		1833
286		2253		287986		1835
287		2253		288847		1833
288		2253		289708		1835
289		2253		290569		1833
290		2253		291430		1835
291		2253		292291		1833
292		2253		293152		1835
293		2253		294013		1833
294		2253		294874		1835
295		2253		295735		1833
296		2253		296596		1835
297		2253		297457		1833
298		2253		298318		1835
299		2253		299179		1833
300		2253		300040		1835
301		2253		300901		1833
302		2253		301762		1835
303		2253		302623		1833
304		2253		303484		1835
305		2253		304345		1833
306		2253		305206		1835
307		2253		306067		1833
308		2253		306928		1835
309		2253		307789		1833
310		2253		308650		1835
311		2253		309511		1833
312		2253		310372		1835
313		2253		311233		1833
314		2254		312097		1834
315		2254		312959		1834
316		2254		313821		1834
317		2253		314684		1834
318		2253		315546		1834
319		2253		316408		1834
320		2253		317270		1834
321		2253		318132		1834
322		2253		318994		1834
323		2253		319856		1834
324		2253		320718		1834
325		2253		321580		1834
326		2253		322442		1834
327		2253		323304		1834
328		2253		324166		1834
329		2253		325028		1834
330		2253		325890		1834
331		2253		326752		1834
332		2253		327614		1834
333		2253		328476		1834
334		2253		329338		1834
335		2253		330200		1834
336		2253		331062		1834
337		2253		331924		1834
338		2253		332786		1834
339		2253		333648		1834
340		2253		334510		1834
341		2253		335372		1834
342		2253		336234		1834
343		2253		337096		1834
344		2253		337958		1834
345		2253		338820		1834
346		2253		339682		1834
347		2253		340544		1834
348		2253		341406		1834
349		2253		342268		1834
350		2253		343130		1834
351		2253		343992		1834
352		2253		344854		1834
353		2253		345716		1834
354		2253		346578		1834
355		2253		347440		1834
356		2253		348302		1834
357		2253		349164		1834
358		2253		350026		1834
359		2253		350888		1834
360		2253		351750		1834
361		2253		352612		1834
362		2253		353474		1834
363		2253		354336		1834
364		2253		355198		1834
365		2253		356060		1834
366		2253		356922		1834
367		2253		357784		1834
368		2253		358646		1834
369		2253		359508		1834
370		2253		360370		1834
371		2253		361232		1834
372		2253		362094		1834
373		2253		362956		1834
374		2253		363818		1834
375		2253		364680		1834
376		2253		365542		1834
377		2253		366404		1834
378		2253		367266		1834
379		2253		368128		1834
380		2253		368990		1834
381		2253		369852		1834
382		2253		370714		1834
383		2253		371576		1834
384		2253		372438		1834
385		2253		373300		1834
386		2253		374162		1834
387		2253		375024		1834
388		2253		375886		1834
389		2253		376748		1834
390		2253		377610		1834
391		2253		378472		1834
392		2253		379334		1834
393		2253		380196		1834
394		2253		381058		1834
395		2253		381920		1834
396		2253		382782		1834
397		2253		383644		1834
398		2253		384506		1834
399		2253		385368		1834
400		2253		386230		1834
401		2253		387092		1834
402		2253		387954		1834
403		2253		388816		1834
404		2253		389678		1834
405		2253		390540		1834
406		2253		391402		1834
407		2253		392264		1834
408		2253		393126		1834
409		2253		393988		1834
410		2253		394850		1834
411		2253		395712		1834
412		2253		396574		1834
413		2253		397436		1834
414		2253		398298		1834
415		2253		399160		1834
416		2253		400022		1834
417		2253		400884		1834
418		2253		401746		1834
419		2253		402608		1834
420		2253		403470		1834
421		2253		404332		1834
422		2253		405194		1834
423		2253		406056		1834
424		2253		406918		1834
425		2253		407780		1834
426		2253		408642		1834
427		2253		409504		1834
428		2253		410366		1834
429		2253		411228		1834
430		2253		412090		1834
431		2253		412952		1834
432		2253		413814		1834
433		2253		414676		1834
434		2253		415538		1834
435		2253		416400		1834
436		2253		417262		1834
437		2253		418124		1834
438		2253		418986		1834
439		2253		419848		1834
440		2253		420710		1834
441		2253		421572		1834
442		2253		422434		1834
443		2253		423296		1834
444		2253		424158		1834
445		2253		425020		1834
446		2253		425882		1834
447		2253		426744		1834
448		2253		427606		1834
449		2253		428468		1834
450		2253		429330		1834
451		2253		430192		1834
452		2253		431054		1834
453		2253		431916		1834
454		2253		432778		1834
455		2253		433640		1834
456		2253		434502		1834
457		2253		435364		1834
458		2253		436226		1834
459		2253		437088		1834
460		2253		437950		1834
461		2253		438812		1834
462		2253		439674		1834
463		2253		440536		1834
464		2253		441398		1834
465		2253		442260		1834
466		2253		443122		1834
467		2253		443984		1834
468		2253		444846		1834
469		2253		445708		1834
470		2253		446570		1834
471		2253		447432		1834
472		2253		448294		1834
473		2253		449156		1834
474		2253		450018		1834
475		2253		450880		1834
476		2253		451742		1834
477		2253		452604		1834
478		2253		453466		1834
479		2253		454328		1834
480		2253		455190		1834
481		2253		456052		1834
482		2253		456914		1834
483		2253		457776		1834
484		2253		458638		1834
485		2253		459500		1834
486		2253		460362		1834
487		2253		461224		1834
488		2253		462086		1834
489		2253		462948		1834
490		2253		463810		1834
491		2253		464672		1834
492		2253		465534		1834
493		2253		466396		1834
494		2253		467258		1834
495		2253		468120		1834
496		2253		468982		1834
497		2253		469844		1834
498		2253		470706		1834
499		2253		471568		1834
500		2253		472430		1834
501		2253		473292		1834
502		2253		474154		1834
503		2253		475016		1834
504		2253		475878		1834
505		2253		476740		1834
506		2253		477602		1834
507		2253		478464		1834
508		2253		479326		1834
509		2253		480188		1834
510		2253		481050		1834
511		2253		481912		1834
512		2253		482774		1834
513		2253		483636		1834
514		2253		484498		1834
515		2253		485360		1834
516		2253		486222		1834
517		2253		487084		1834
518		2253		487946		1834
519		2253		488808		1834
520		2253		489670		1834
521		2253		490532		1834
522		2253		491394		1834
523		2253		492256		1834
524		2253		493118		1834
525		2253		493980		1834
526		2253		494842		1834
527		2253		495704		1834
528		2253		496566		1834
529		2253		497428		1834
530		2253		498290		1834
531		2253		499152		1834
532		2253		500014		1834
533		2253		500876		1834
534		2253		501738		1834
535		2253		502600		1834
536		2253		503462		1834
537		2253		504324		1834
538		2253		505186		1834
539		2253		506048		1834
540		2253		506910		1834
541		2253		507772		1834
542		2253		508634		1834
543		2253		509496		1834
544		2253		510358		1834
545		2253		511220		1834
546		2253		512082		1834
547		2253		512944		1834
548		2253		513806		1834
549		2253		514668		1834
550		2253		515530		1834
551		2253		516392		1834
552		2253		517254		1834
553		2253		518116		1834
554		2253		518978		1834
555		2253		519840		1834
556		2253		520702		1834
557		2253		521564		1834
558		2253		522426		1834
559		2253		523288		1834
560		2253		524150		1834
561		2253		525012		1834
562		2253		525874		1834
563		2253		526736		1834
564		2253		527598		1834
565		2253		528460		1834
566		2253		529322		1834
567		2253		530184		1834
568		2253		531046		1834
569		2253		531908		1834
570		2253		532770		1834
571		2253		533632		1834
572		2253		534494		1834
573		2253		535356		1834
574		2253		536218		1834
575		2253		537080		1834
576		2253		537942		1834
577		2253		538804		1834
578		2253		539666		1834
579		2253		540528		1834
580		2253		541390		1834
581		2253		542252		1834
582		2253		543114		1834
583		2253		543976		1834
584		2253		544838		1834
585		2253		545700		1834
586		2253		546562		1834
587		2253		547424		1834
588		2253		548286		1834
589		2253		549148		1834
590		2253		550010		1834
591		2253		550872		1834
592		2253		551734		1834
593		2253		552596		1834
594		2253		553458		1834
595		2253		554320		1834
596		2253		555182		1834
597		2253		556044		1834
598		2253		556906		1834
599		2253		557768		1834
600		2253		558630		1834
601		2253		559492		1834
602		2253		560354		1834
603		2253		561216		1834
604		2253		562078		1834
605		2253		562940		1834
606		2253		563802		1834
607		2253		564664		1834
608		2253		565526		1834
609		2253		566388		1834
610		2253		567250		1834
611		2253		568112		1834
612		2253		568974		1834
613		2253		569836		1834
614		2253		570698		1834
615		2253		571560		1834
616		2253		572422		1834
617		2253		573284		1834
618		2253		574146		1834
619		2253		575008		1834
620		2253		575870		1834
621		2253		576732		1834
622		2253		577594		1834
623		2253		578456		1834
624		2253		579318		1834
625		2253		580180		1834
626		2253		581042		1834
627		2253		581904		1834
628		2253		582766		1834
629		2253		583628		1834
630		2253		584490		1834
631		2253		585352		1834
632		2253		586214		1834
633		2253		587076		1834
634		2253		587938		1834
635		2253		588800		1834
636		2253		589662		1834
637		2253		590524		1834
638		2253		591386		1834
639		2253		592248		1834
640		2253		593110		1834
641		2253		593972		1834
642		2253		594834		1834
643		2253		595696		1834
644		2253		596558		1834
645		2253		597420		1834
646		2253		598282		1834
647		2253		599144		1834
648		2253		600006		1834
649		2253		600868		1834
650		2253		601730		1834
651		2253		602592		1834
652		2253		603454		1834
653		2253		604316		1834
654		2253		605178		1834
655		2253		606040		1834
656		2253		606902		1834
657		2253		607764		1834
658		2253		608626		1834
659		2253		609488		1834
660		2253		610350		1834
661		2253		611212		1834
662		2253		612074		1834
663		2253		612936		1834
664		2253		613798		1834
665		2253		614660		1834
666		2253		615522		1834
667		2253		616384		1834
668		2253		617246		1834
669		2253		618108		1834
670		2253		618970		1834
671		2253		619832		1834
672		2253		620694		1834
673		2253		621556		1834
674		2253		622418		1834
675		2253		623280		1834
676		2253		624142		1834
677		2253		625004		1834
678		2253		625866		1834
679		2253		626728		1834
680		2253		627590		1834
681		2253		628452		1834
682		2253		629314		1834
683		2253		630176		1834
684		2253		631038		1834
685		2253		631900		1834
686		2253		632762		1834
687		2253		633624		1834
688		2253		634486		1834
689		2253		635348		1834
690		2253		636210		1834
691		2253		637072		1834
692		2253		637934		1834
693		2253		638796		1834
694		2253		639658		1834
695		2253		640520		1834
696		2253		641382		1834
697		2253		642244		1834
698		2253		643106		1834
699		2253		643968		1834
700		2253		644830		1834
701		2253		645692		1834
702		2253		646554		1834
703		2253		647416		1834
704		2253		648278		1834
705		2253		649140		1834
706		2253		650002		1834
707		2253		650864		1834
708		2253		651726		1834
709		2253		652588		1834
710		2253		653450		1834
711		2253		654312		1834
712		2253		655174		1834
713		2253		656036		1834
714		2253		656898		1834
715		2253		657760		1834
716		2253		658622		1834
717		2253		659484		1834
718		2253		660346		1834
719		2253		661208		1834
720		2253		662070		1834
721		2253		662932		1834
722		2253		663794		1834
723		2253		664656		1834
724		2253		665518		1834
725		2253		666380		1834
726		2253		667242		1834
727		2253		668104		1834
728		2253		668966		1834
729		2253		669828		1834
730		2253		670690		1834
731		2253		671552		1834
732		2253		672414		1834
733		2253		673276		1834
734		2253		674138		1834
735		2253		675000		1834
736		2253		675862		1834
737		2253		676724		1834
738		2253		677586		1834
739		2253		678448		1834
740		2253		679310		1834
741		2253		680172		1834
742		2253		681034		1834
743		2253		681896		1834
744		2253		682758		1834
745		2253		683620		1834
746		2253		684482		1834
747		2253		685344		1834
748		2253		686206		1834
749		2253		687068		1834
750		2253		687930		1834
751		2253		688792		1834
752		2253		689654		1834
753		2253		690516		1834
754		2253		691378		1834
755		2253		692240		1834
756		2253		693102		1834
757		2253		693964		1834
758		2253		694826		1834
759		2253		695688		1834
760		2253		696550		1834
761		2253		697412		1834
762		2253		698274		1834
763		2253		699136		1834
764		2253		699998		1834
765		2253		700860		1834
766		2253		701722		1834
767		2253		702584		1834
768		2253		703446		1834
769		2253		704308		1834
770		2253		705170		1834
771		2253		706032		1834
772		2253		706894		1834
773		2253		707756		1834
774		2253		708618		1834
775		2253		709480		1834
776		2253		710342		1834
777		2253		711204		1834
778		2253		712066		1834
779		2253		712928		1834
780		2253		713790		1834
781		2253		714652		1834
782		2253		715514		1834
783		2253		716376		1834
784		2253		717238		1834
785		2253		718100		1834
786		2253		718962		1834
787		2253		719824		1834
788		2253		720686		1834
789		2253		721548		1834
790		2253		722410		1834
791		2253		723272		1834
792		2253		724134		1834
793		2253		724996		1834
794		2253		725858		1834
795		2253		726720		1834
796		2253		727582		1834
797		2253		728444		1834
798		2253		729306		1834
799		2253		730168		1834
800		2253		731030		1834
801		2253		731892		1834
802		2253		732754		1834
803		2253		733616		1834
804		2253		734478		1834
805		2253		735340		1834
806		2253		736202		1834
807		2253		737064		1834
808		2253		737926		1834
809		2253		738788		1834
810		2253		739650		1834
811		2253		740512		1834
812		2253		741374		1834
813		2253		742236		1834
814		2253		743098		1834
815		2253		743960		1834
816		2253		744822		1834
817		2253		745684		1834
818		2253		746546		1834
819		2253		747408		1834
820		2253		748270		1834
821		2253		749132		1834
822		2253		749994		1834
823		2253		750856		1834
824		2253		751718		1834
825		2253		752580		1834
826		2253		753442		1834
827		2253		754304		1834
828		2253		755166		1834
829		2253		756028		1834
830		2253		756890		1834
831		2253		757752		1834
832		2253		758614		1834
833		2253		759476		1834
834		2253		760338		1834
835		2253		761200		1834
836		2253		762062		1834
837		2253		762924		1834
838		2253		763786		1834
839		2253		764648		1834
840		2253		765510		1834
841		2253		766372		1834
842		2253		767234		1834
843		2253		768096		1834
844		2253		768958		1834
845		2253		769820		1834
846		2253		770682		1834
847		2253		771544		1834
848		2253		772406		1834
849		2253		773268		1834
850		2253		774130		1834
851		2253		774992		1834
852		2253		775854		1834
853		2253		776716		1834
854		2253		777578		1834
855		2253		778440		1834
856		2253		779302		1834
857		2253		780164		1834
858		2253		781026		1834
859		2253		781888		1834
860		2253		782750		1834
861		2253		783612		1834
862		2253		784474		1834
863		2253		785336		1834
864		2253		786198		1834
865		2253		787060		1834
866		2253		787922		1834
867		2253		788784		1834
868		2253		789646		1834
869		2253		790508		1834
870		2253		791370		1834
871		2253		792232		1834
872		2253		793094		1834
873		2253		793956		1834
874		2253		794818		1834
875		2253		795680		1834
876		2253		796542		1834
877		2253		797404		1834
878		2253		798266		1834
879		2253		799128		1834
880		2253		799990		1834
881		2253		800852		1834
882		2253		801714		1834
883		2253		802576		1834
884		2253		803438		1834
885		2253		804300		1834
886		2253		805162		1834
887		2253		806024		1834
888		2253		806886		1834
889		2253		807748		1834
890		2253		808610		1834
891		2253		809472		1834
892		2253		810334		1834
893		2253		811196		1834
894		2253		812058		1834
895		2253		812920		1834
896		2253		813782		1834
897		2253		814644		1834
898		2253		815506		1834
899		2253		816368		1834
900		2253		817230		1834
901		2253		818092		1834
902		2253		818954		1834
903		2253		819816		1834
904		2253		820678		1834
905		2253		821540		1834
906		2253		822402		1834
907		2253		823264		1834
908		2253		824126		1834
909		2253		824988		1834
910		2253		825850		1834
911		2253		826712		1834
912		2253		827574		1834
913		2253		828436		1834
914		2253		829298		1834
915		2253		830160		1834
916		2253		831022		1834
917		2253		831884		1834
918		2253		832746		1834
919		2253		833608		1834
920		2253		834470		1834
921		2253		835332		1834
922		2253		836194		1834
923		2253		837056		1834
924		2253		837918		1834
925		2253		838780		1834
926		2253		839642		1834
927		2253		840504		1834
928		2253		841366		1834
929		2253		842228		1834
930		2253		843090		1834
931		2253		843952		1834
932		2253		844814		1834
933		2253		845676		1834
934		2253		846538		1834
935		2253		847400		1834
936		2253		848262		1834
937		2253		849124		1834
938		2253		849986		1834
939		2253		850848		1834
940		2253		851710		1834
941		2253		852572		1834
942		2253		853434		1834
943		2253		854296		1834
944		2253		855158		1834
945		2253		856020		1834
946		2253		856882		1834
947		2253		857744		1834
948		2253		858606		1834
949		2253		859468		1834
950		2253		860330		1834
951		2253		861192		1834
952		2253		862054		1834
953		2253		862916		1834
954		2253		863778		1834
955		2253		864640		1834
956		2253		865502		1834
957		2253		866364		1834
958		2253		867226		1834
959		2253		868088		1834
960		2253		868950		1834
961		2253		869812		1834
962		2253		870674		1834
963		2253		871536		1834
964		2253		872398		1834
965		2253		873260		1834
966		2253		874122		1834
967		2253		874984		1834
968		2253		875846		1834
969		2253		876708		1834
970		2253		877570		1834
971		2253		878432		1834
972		2253		879294		1834
973		2253		880156		1834
974		2253		881018		1834
975		2253		881880		1834
976		2253		882742		1834
977		2253		883604		1834
978		2253		884466		1834
979		2253		885328		1834
980		2253		886190		1834
981		2253		887052		1834
982		2253		887914		1834
983		2253		888776		1834
984		2253		889638		1834
985		2253		890500		1834
986		2253		891362		1834
987		2253		892224		1834
988		2253		893086		1834
989		2253		893948		1834
990		2253		894810		1834
991		2253		895672		1834
992		2253		896534		1834
993		2253		897396		1834
994		2253		898258		1834
995		2253		899120		1834
996		2253		899982		1834
997		2253		900844		1834
998		2253		901706		1834
999		2253		902568		1834
