# Migration is number of nodes that have changed color.

Round		Edge-Cut		Swaps		Migrations		Skipped		ExecutionTime 
0		4376		2247		1154		159
1		3718		4243		1312		192
2		3468		6041		1386		232
3		3259		7752		1450		269
4		3140		9356		1462		290
5		3008		10884		1492		311
6		2870		12315		1520		328
7		2769		13679		1529		348
8		2727		15005		1535		370
9		2681		16308		1551		391
10		2630		17578		1581		408
11		2573		18801		1586		423
12		2530		19982		1583		441
13		2511		21157		1587		462
14		2482		22303		1593		480
15		2460		23431		1591		496
16		2433		24539		1593		512
17		2422		25623		1590		531
18		2395		26692		1594		556
19		2383		27743		1603		579
20		2347		28776		1614		601
21		2331		29774		1605		633
22		2308		30763		1606		652
23		2299		31737		1597		670
24		2286		32707		1606		687
25		2274		33649		1607		704
26		2260		34589		1607		722
27		2242		35520		1607		739
28		2241		36450		1615		757
29		2227		37366		1619		776
30		2221		38283		1615		794
31		2209		39195		1623		812
32		2209		40105		1622		831
33		2201		41006		1622		850
34		2197		41903		1625		869
35		2196		42799		1622		889
36		2193		43699		1626		909
37		2188		44591		1623		927
38		2182		45481		1627		946
39		2178		46369		1625		965
40		2176		47253		1628		987
41		2173		48136		1626		1006
42		2169		49015		1624		1025
43		2162		49886		1622		1043
44		2162		50755		1626		1063
45		2158		51623		1624		1082
46		2158		52490		1627		1104
47		2155		53353		1623		1125
48		2154		54219		1630		1142
49		2150		55081		1632		1163
50		2145		55936		1639		1190
51		2139		56784		1637		1212
52		2138		57625		1636		1236
53		2129		58466		1637		1258
54		2124		59301		1642		1278
55		2122		60128		1642		1296
56		2120		60954		1644		1317
57		2118		61776		1643		1337
58		2119		62601		1645		1358
59		2116		63423		1646		1377
60		2116		64241		1649		1397
61		2113		65058		1646		1416
62		2112		65870		1651		1435
63		2110		66681		1649		1453
64		2108		67493		1652		1473
65		2108		68305		1650		1493
66		2108		69118		1654		1511
67		2106		69928		1650		1532
68		2106		70737		1654		1550
69		2105		71546		1651		1570
70		2104		72356		1655		1589
71		2102		73161		1653		1608
72		2103		73965		1655		1627
73		2102		74769		1653		1646
74		2101		75571		1657		1666
75		2098		76371		1657		1687
76		2098		77166		1657		1708
77		2096		77960		1656		1727
78		2093		78752		1660		1746
79		2090		79539		1661		1763
80		2089		80325		1661		1785
81		2087		81109		1662		1803
82		2087		81893		1662		1822
83		2085		82676		1660		1839
84		2085		83459		1660		1856
85		2083		84240		1661		1875
86		2082		85018		1662		1894
87		2080		85796		1662		1912
88		2078		86569		1660		1931
89		2075		87338		1656		1949
90		2074		88109		1658		1966
91		2071		88876		1658		1988
92		2073		89643		1660		2008
93		2069		90409		1658		2029
94		2068		91178		1660		2050
95		2067		91945		1656		2069
96		2065		92709		1659		2088
97		2063		93473		1658		2106
98		2062		94234		1660		2125
99		2061		94993		1658		2144
100		2060		95753		1659		2162
101		2060		96511		1657		2181
102		2060		97269		1659		2202
103		2060		98027		1657		2222
104		2059		98784		1661		2246
105		2059		99540		1659		2265
106		2058		100298		1661		2285
107		2055		101057		1660		2305
108		2054		101814		1660		2325
109		2054		102568		1658		2347
110		2054		103322		1660		2365
111		2053		104077		1659		2383
112		2053		104833		1661		2403
113		2053		105589		1659		2422
114		2053		106345		1660		2441
115		2049		107097		1657		2459
116		2049		107848		1659		2476
117		2049		108598		1657		2495
118		2049		109348		1659		2516
119		2049		110098		1657		2533
120		2048		110847		1662		2551
121		2048		111596		1659		2569
122		2048		112345		1662		2587
123		2048		113096		1660		2606
124		2048		113846		1662		2624
125		2048		114596		1660		2643
126		2048		115346		1663		2660
127		2047		116095		1661		2681
128		2047		116844		1662		2701
129		2046		117592		1660		2721
130		2044		118339		1662		2742
131		2044		119086		1661		2762
132		2044		119833		1662		2780
133		2041		120577		1661		2798
134		2042		121321		1663		2817
135		2041		122065		1662		2835
136		2040		122808		1664		2854
137		2041		123551		1662		2871
138		2040		124294		1664		2889
139		2041		125037		1662		2910
140		2040		125780		1664		2930
141		2041		126523		1662		2949
142		2040		127266		1664		2966
143		2041		128009		1662		2985
144		2039		128751		1665		3004
145		2040		129494		1663		3024
146		2039		130237		1665		3042
147		2040		130980		1663		3060
148		2038		131724		1663		3079
149		2039		132465		1661		3098
150		2038		133206		1663		3116
151		2037		133947		1661		3136
152		2036		134688		1663		3154
153		2037		135429		1661		3172
154		2034		136171		1665		3191
155		2035		136910		1663		3208
156		2034		137649		1665		3226
157		2035		138388		1663		3244
158		2034		139127		1665		3263
159		2035		139866		1663		3280
160		2034		140605		1665		3298
161		2035		141344		1663		3316
162		2034		142083		1665		3332
163		2034		142821		1661		3351
164		2033		143558		1663		3368
165		2034		144295		1661		3385
166		2032		145031		1663		3404
167		2033		145766		1661		3424
168		2032		146501		1663		3441
169		2032		147235		1660		3456
170		2031		147968		1662		3474
171		2030		148700		1661		3491
172		2029		149431		1663		3510
173		2030		150162		1661		3526
174		2028		150892		1663		3543
175		2029		151621		1661		3558
176		2028		152350		1663		3576
177		2027		153077		1660		3593
178		2026		153804		1662		3610
179		2027		154531		1660		3627
180		2026		155258		1662		3642
181		2026		155986		1660		3660
182		2025		156713		1662		3678
183		2026		157440		1660		3695
184		2025		158167		1662		3712
185		2026		158894		1660		3731
186		2025		159621		1662		3749
187		2025		160349		1662		3765
188		2022		161074		1666		3784
189		2023		161797		1664		3800
190		2022		162520		1666		3818
191		2022		163244		1663		3838
192		2022		163968		1667		3856
193		2022		164690		1664		3875
194		2021		165409		1665		3892
195		2019		166127		1665		3912
196		2019		166845		1666		3936
197		2017		167563		1668		3953
198		2017		168277		1669		3971
199		2016		168990		1668		3988
200		2015		169701		1669		4006
201		2014		170410		1670		4022
202		2013		171119		1670		4041
203		2012		171824		1670		4060
204		2011		172527		1670		4077
205		2011		173229		1670		4095
206		2010		173931		1669		4112
207		2010		174634		1671		4129
208		2008		175335		1671		4147
209		2008		176035		1669		4164
210		2006		176734		1668		4181
211		2006		177433		1666		4199
212		2005		178130		1666		4216
213		2006		178827		1666		4233
214		2005		179524		1666		4252
215		2005		180220		1668		4268
216		2004		180915		1668		4287
217		2004		181609		1667		4303
218		2003		182302		1667		4321
219		2004		182995		1667		4338
220		2003		183688		1667		4354
221		2003		184383		1668		4374
222		2002		185076		1668		4390
223		2003		185769		1668		4407
224		2002		186462		1668		4427
225		2001		187153		1668		4446
226		1999		187844		1668		4463
227		1999		188534		1670		4480
228		1997		189224		1669		4497
229		1998		189911		1669		4513
230		1997		190598		1669		4530
231		1997		191287		1670		4546
232		1995		191975		1672		4564
233		1995		192659		1672		4580
234		1994		193342		1672		4596
235		1993		194027		1674		4615
236		1990		194706		1674		4631
237		1991		195385		1674		4649
238		1990		196062		1674		4666
239		1991		196739		1674		4684
240		1989		197415		1676		4701
241		1989		198089		1676		4718
242		1987		198763		1676		4736
243		1988		199436		1676		4756
244		1985		200107		1673		4775
245		1984		200776		1675		4791
246		1982		201442		1675		4810
247		1983		202105		1674		4826
248		1981		202767		1674		4844
249		1982		203428		1674		4862
250		1980		204088		1675		4879
251		1981		204749		1675		4901
252		1978		205408		1676		4915
253		1978		206066		1675		4930
254		1977		206723		1675		4945
255		1977		207379		1675		4960
256		1975		208033		1676		4976
257		1974		208686		1675		4991
258		1974		209337		1675		5007
259		1973		209991		1678		5023
260		1971		210644		1678		5038
261		1971		211292		1678		5054
262		1971		211940		1678		5069
263		1971		212588		1678		5085
264		1971		213236		1678		5101
265		1971		213884		1678		5117
266		1970		214531		1677		5134
267		1970		215177		1677		5151
268		1969		215822		1678		5166
269		1968		216465		1676		5182
270		1968		217109		1677		5198
271		1968		217751		1677		5214
272		1968		218393		1677		5229
273		1966		219038		1676		5246
274		1966		219682		1676		5261
275		1965		220325		1677		5278
276		1965		220969		1677		5293
277		1965		221613		1677		5309
278		1964		222256		1678		5327
279		1964		222900		1678		5342
280		1963		223543		1678		5360
281		1963		224185		1678		5377
282		1963		224827		1678		5394
283		1962		225468		1679		5409
284		1962		226108		1679		5426
285		1961		226747		1680		5441
286		1961		227385		1680		5457
287		1961		228023		1680		5472
288		1961		228661		1680		5487
289		1961		229299		1680		5506
290		1959		229937		1683		5522
291		1958		230570		1684		5543
292		1957		231201		1683		5562
293		1958		231833		1682		5579
294		1958		232466		1682		5594
295		1958		233099		1682		5612
296		1958		233731		1682		5627
297		1958		234363		1682		5646
298		1958		234995		1682		5662
299		1957		235626		1682		5681
300		1957		236256		1682		5700
301		1957		236886		1682		5717
302		1957		237516		1682		5735
303		1957		238146		1682		5750
304		1957		238776		1682		5769
305		1957		239406		1682		5784
306		1956		240037		1683		5802
307		1956		240667		1683		5819
308		1956		241297		1683		5838
309		1956		241927		1683		5855
310		1956		242557		1683		5872
311		1956		243187		1683		5890
312		1956		243817		1683		5907
313		1956		244447		1683		5925
314		1956		245077		1683		5942
315		1956		245707		1683		5960
316		1956		246337		1683		5977
317		1956		246967		1683		5994
318		1956		247597		1683		6012
319		1955		248229		1683		6029
320		1955		248859		1683		6047
321		1954		249488		1683		6064
322		1954		250116		1683		6082
323		1954		250744		1683		6099
324		1953		251373		1684		6118
325		1953		251999		1684		6134
326		1953		252625		1684		6152
327		1953		253251		1684		6175
328		1953		253877		1684		6196
329		1953		254503		1684		6214
330		1953		255129		1684		6234
331		1952		255754		1684		6250
332		1952		256378		1684		6268
333		1952		257002		1684		6285
334		1952		257626		1684		6304
335		1952		258250		1684		6322
336		1952		258874		1684		6339
337		1952		259498		1684		6357
338		1952		260122		1684		6373
339		1952		260746		1684		6392
340		1952		261370		1684		6408
341		1952		261994		1684		6425
342		1952		262618		1684		6441
343		1952		263242		1684		6457
344		1952		263866		1684		6474
345		1952		264490		1684		6490
346		1952		265114		1684		6506
347		1952		265738		1684		6523
348		1952		266362		1684		6540
349		1952		266986		1684		6558
350		1952		267610		1684		6575
351		1952		268234		1684		6593
352		1952		268858		1684		6612
353		1952		269482		1684		6629
354		1952		270106		1684		6646
355		1951		270729		1686		6665
356		1951		271351		1686		6683
357		1950		271972		1685		6701
358		1950		272592		1685		6718
359		1950		273212		1685		6736
360		1950		273832		1685		6754
361		1949		274451		1687		6771
362		1948		275068		1685		6788
363		1948		275684		1685		6805
364		1947		276299		1685		6824
365		1947		276915		1685		6844
366		1947		277531		1685		6861
367		1947		278147		1685		6881
368		1947		278763		1685		6896
369		1947		279379		1685		6915
370		1947		279995		1685		6930
371		1947		280611		1685		6949
372		1947		281227		1685		6966
373		1947		281843		1685		6984
374		1947		282459		1685		7001
375		1947		283075		1685		7018
376		1946		283690		1686		7036
377		1946		284304		1686		7052
378		1946		284918		1686		7070
379		1946		285532		1686		7086
380		1946		286146		1686		7105
381		1946		286760		1686		7128
382		1946		287374		1686		7146
383		1946		287988		1686		7164
384		1946		288602		1686		7184
385		1946		289216		1686		7202
386		1946		289830		1686		7220
387		1946		290444		1686		7238
388		1946		291058		1686		7256
389		1946		291672		1686		7274
390		1946		292286		1686		7291
391		1946		292900		1686		7309
392		1946		293514		1686		7327
393		1945		294127		1684		7344
394		1945		294739		1684		7361
395		1945		295351		1684		7378
396		1944		295962		1686		7395
397		1944		296572		1686		7413
398		1944		297182		1686		7430
399		1942		297794		1686		7447
400		1942		298404		1686		7465
401		1942		299014		1686		7485
402		1942		299624		1686		7504
403		1942		300234		1686		7522
404		1942		300844		1686		7539
405		1942		301454		1686		7556
406		1942		302064		1686		7574
407		1942		302674		1686		7592
408		1942		303284		1686		7610
409		1942		303894		1686		7627
410		1942		304504		1686		7643
411		1941		305113		1686		7661
412		1941		305721		1686		7678
413		1941		306329		1686		7695
414		1941		306937		1686		7714
415		1941		307545		1686		7730
416		1940		308152		1686		7747
417		1940		308758		1686		7764
418		1940		309364		1686		7782
419		1940		309970		1686		7798
420		1940		310576		1686		7815
421		1940		311182		1686		7832
422		1940		311788		1686		7851
423		1940		312394		1686		7869
424		1940		313000		1686		7885
425		1940		313606		1686		7902
426		1940		314212		1686		7919
427		1940		314818		1686		7941
428		1940		315424		1686		7959
429		1940		316030		1686		7978
430		1940		316636		1686		7998
431		1940		317242		1686		8012
432		1940		317848		1686		8028
433		1940		318454		1686		8043
434		1939		319061		1686		8058
435		1939		319665		1686		8074
436		1939		320269		1686		8091
437		1939		320873		1686		8107
438		1939		321477		1686		8122
439		1938		322080		1684		8137
440		1938		322682		1684		8153
441		1938		323284		1684		8168
442		1938		323886		1684		8185
443		1938		324488		1684		8200
444		1938		325090		1684		8215
445		1938		325692		1684		8232
446		1938		326294		1684		8248
447		1938		326896		1684		8263
448		1938		327498		1684		8279
449		1938		328100		1684		8294
450		1938		328702		1684		8309
451		1938		329304		1684		8325
452		1938		329906		1684		8341
453		1938		330508		1684		8359
454		1938		331110		1684		8376
455		1938		331712		1684		8391
456		1938		332314		1684		8407
457		1938		332916		1684		8424
458		1938		333518		1684		8444
459		1938		334120		1684		8463
460		1938		334722		1684		8482
461		1938		335324		1684		8499
462		1938		335926		1684		8516
463		1938		336528		1684		8533
464		1937		337129		1686		8550
465		1937		337729		1686		8568
466		1937		338329		1686		8584
467		1937		338929		1686		8601
468		1937		339529		1686		8618
469		1937		340129		1686		8635
470		1937		340729		1686		8654
471		1937		341329		1686		8672
472		1937		341929		1686		8690
473		1937		342529		1686		8708
474		1937		343129		1686		8725
475		1937		343729		1686		8745
476		1937		344329		1686		8765
477		1937		344929		1686		8785
478		1937		345529		1686		8805
479		1936		346128		1684		8825
480		1936		346726		1684		8845
481		1936		347324		1684		8869
482		1936		347922		1684		8890
483		1936		348520		1684		8909
484		1936		349118		1684		8929
485		1936		349716		1684		8950
486		1936		350314		1684		8967
487		1936		350912		1684		8986
488		1935		351509		1686		9004
489		1935		352105		1686		9025
490		1935		352701		1686		9045
491		1935		353297		1686		9061
492		1935		353893		1686		9080
493		1935		354489		1686		9101
494		1935		355085		1686		9123
495		1935		355681		1686		9144
496		1935		356277		1686		9165
497		1935		356873		1686		9183
498		1935		357469		1686		9201
499		1935		358065		1686		9221
500		1935		358661		1686		9238
501		1935		359257		1686		9253
502		1935		359853		1686		9270
503		1935		360449		1686		9286
504		1935		361045		1686		9303
505		1935		361641		1686		9320
506		1935		362237		1686		9337
507		1935		362833		1686		9355
508		1935		363429		1686		9375
509		1935		364025		1686		9393
510		1935		364621		1686		9412
511		1935		365217		1686		9430
512		1935		365813		1686		9447
513		1935		366409		1686		9464
514		1935		367005		1686		9483
515		1935		367601		1686		9499
516		1935		368197		1686		9517
517		1935		368793		1686		9533
518		1935		369389		1686		9550
519		1934		369986		1684		9568
520		1934		370580		1684		9584
521		1934		371174		1684		9601
522		1934		371768		1684		9620
523		1934		372362		1684		9637
524		1934		372956		1684		9655
525		1934		373550		1684		9672
526		1934		374144		1684		9689
527		1934		374738		1684		9708
528		1934		375332		1684		9727
529		1934		375926		1684		9746
530		1934		376520		1684		9764
531		1934		377114		1684		9780
532		1934		377708		1684		9797
533		1934		378302		1684		9816
534		1934		378896		1684		9833
535		1934		379490		1684		9851
536		1934		380084		1684		9868
537		1934		380678		1684		9886
538		1934		381272		1684		9903
539		1934		381866		1684		9920
540		1934		382460		1684		9936
541		1934		383054		1684		9954
542		1934		383648		1684		9970
543		1934		384242		1684		9989
544		1934		384836		1684		10008
545		1933		385431		1686		10022
546		1933		386023		1686		10038
547		1933		386615		1686		10052
548		1933		387207		1686		10069
549		1933		387799		1686		10083
550		1932		388390		1686		10101
551		1932		388980		1686		10117
552		1932		389570		1686		10132
553		1932		390160		1686		10147
554		1932		390750		1686		10164
555		1932		391340		1686		10180
556		1932		391930		1686		10200
557		1932		392520		1686		10216
558		1931		393109		1688		10232
559		1931		393697		1688		10248
560		1931		394285		1688		10264
561		1931		394873		1688		10280
562		1931		395461		1688		10296
563		1931		396049		1688		10312
564		1931		396637		1688		10327
565		1931		397225		1688		10345
566		1931		397813		1688		10362
567		1931		398401		1688		10378
568		1931		398989		1688		10394
569		1931		399577		1688		10411
570		1930		400164		1688		10428
571		1930		400750		1688		10445
572		1929		401335		1688		10461
573		1929		401919		1688		10478
574		1929		402503		1688		10494
575		1929		403087		1688		10510
576		1929		403671		1688		10528
577		1928		404254		1688		10543
578		1928		404836		1688		10560
579		1928		405418		1688		10576
580		1928		406000		1688		10592
581		1927		406581		1690		10609
582		1926		407160		1690		10625
583		1926		407738		1690		10642
584		1926		408316		1690		10659
585		1926		408894		1690		10674
586		1925		409471		1691		10693
587		1924		410046		1691		10716
588		1923		410619		1692		10733
589		1923		411191		1692		10749
590		1922		411764		1692		10764
591		1921		412335		1692		10782
592		1921		412903		1692		10797
593		1920		413470		1692		10814
594		1920		414036		1692		10830
595		1920		414602		1692		10846
596		1920		415168		1692		10863
597		1920		415734		1692		10879
598		1920		416300		1692		10896
599		1919		416865		1691		10911
600		1919		417429		1691		10927
601		1919		417993		1691		10943
602		1918		418556		1693		10959
603		1917		419117		1691		10976
604		1916		419678		1692		10994
605		1916		420236		1692		11009
606		1915		420795		1692		11026
607		1915		421351		1692		11041
608		1915		421907		1692		11060
609		1915		422463		1692		11075
610		1915		423019		1692		11092
611		1914		423574		1694		11109
612		1914		424128		1694		11125
613		1914		424682		1694		11141
614		1914		425236		1694		11158
615		1914		425790		1694		11175
616		1912		426342		1692		11192
617		1911		426893		1692		11211
618		1911		427443		1692		11227
619		1911		427993		1692		11243
620		1911		428543		1692		11258
621		1911		429093		1692		11276
622		1911		429643		1692		11291
623		1911		430193		1692		11311
624		1911		430743		1692		11329
625		1911		431293		1692		11346
626		1911		431843		1692		11363
627		1911		432393		1692		11378
628		1911		432943		1692		11395
629		1911		433493		1692		11412
630		1911		434043		1692		11428
631		1910		434592		1694		11444
632		1910		435140		1694		11460
633		1910		435688		1694		11476
634		1909		436235		1696		11491
635		1908		436780		1696		11506
636		1907		437325		1695		11523
637		1907		437869		1695		11538
638		1906		438414		1695		11556
639		1906		438956		1695		11571
640		1906		439498		1695		11588
641		1906		440040		1695		11603
642		1906		440582		1695		11622
643		1906		441124		1695		11645
644		1906		441666		1695		11663
645		1905		442207		1695		11680
646		1904		442746		1695		11696
647		1904		443284		1695		11713
648		1903		443821		1695		11730
649		1903		444357		1695		11746
650		1903		444893		1695		11764
651		1903		445429		1695		11780
652		1903		445965		1695		11795
653		1903		446501		1695		11812
654		1903		447037		1695		11829
655		1903		447573		1695		11846
656		1901		448109		1694		11864
657		1900		448644		1696		11881
658		1900		449176		1696		11898
659		1900		449708		1696		11916
660		1900		450240		1696		11933
661		1900		450772		1696		11951
662		1900		451304		1696		11967
663		1899		451836		1696		11986
664		1898		452369		1696		12003
665		1897		452900		1695		12023
666		1897		453428		1695		12042
667		1897		453956		1695		12060
668		1897		454484		1695		12078
669		1897		455012		1695		12094
670		1896		455539		1696		12112
671		1896		456065		1696		12131
672		1896		456591		1696		12149
673		1896		457117		1696		12167
674		1896		457643		1696		12184
675		1896		458169		1696		12202
676		1896		458695		1696		12219
677		1896		459221		1696		12239
678		1896		459747		1696		12256
679		1895		460272		1697		12275
680		1895		460796		1697		12292
681		1895		461320		1697		12309
682		1895		461844		1697		12326
683		1895		462368		1697		12344
684		1895		462892		1697		12361
685		1895		463416		1697		12379
686		1895		463940		1697		12397
687		1895		464464		1697		12414
688		1895		464988		1697		12432
689		1895		465512		1697		12451
690		1895		466036		1697		12468
691		1895		466560		1697		12488
692		1895		467084		1697		12503
693		1895		467608		1697		12518
694		1895		468132		1697		12536
695		1895		468656		1697		12557
696		1895		469180		1697		12576
697		1895		469704		1697		12592
698		1895		470228		1697		12611
699		1895		470752		1697		12630
700		1895		471276		1697		12650
701		1895		471800		1697		12668
702		1895		472324		1697		12685
703		1894		472849		1696		12704
704		1894		473371		1696		12723
705		1894		473893		1696		12739
706		1894		474415		1696		12757
707		1894		474937		1696		12774
708		1894		475459		1696		12792
709		1893		475980		1695		12810
710		1893		476500		1695		12827
711		1893		477020		1695		12848
712		1893		477540		1695		12865
713		1893		478060		1695		12884
714		1892		478581		1693		12901
715		1892		479099		1693		12921
716		1891		479616		1692		12940
717		1891		480134		1692		12957
718		1891		480652		1692		12976
719		1891		481170		1692		12995
720		1891		481688		1692		13013
721		1891		482206		1692		13033
722		1891		482724		1692		13052
723		1891		483242		1692		13071
724		1891		483760		1692		13089
725		1891		484278		1692		13111
726		1891		484796		1692		13130
727		1891		485314		1692		13149
728		1890		485833		1693		13168
729		1890		486349		1693		13188
730		1890		486865		1693		13207
731		1890		487381		1693		13229
732		1890		487897		1693		13248
733		1890		488413		1693		13267
734		1890		488929		1693		13286
735		1890		489445		1693		13304
736		1890		489961		1693		13325
737		1890		490477		1693		13344
738		1890		490993		1693		13365
739		1890		491509		1693		13385
740		1890		492025		1693		13406
741		1890		492541		1693		13425
742		1890		493057		1693		13445
743		1890		493573		1693		13463
744		1890		494089		1693		13481
745		1890		494605		1693		13501
746		1890		495121		1693		13520
747		1890		495637		1693		13539
748		1890		496153		1693		13559
749		1890		496669		1693		13578
750		1890		497185		1693		13597
751		1890		497701		1693		13618
752		1890		498217		1693		13637
753		1890		498733		1693		13658
754		1890		499249		1693		13677
755		1890		499765		1693		13697
756		1890		500281		1693		13718
757		1890		500797		1693		13737
758		1890		501313		1693		13756
759		1890		501829		1693		13775
760		1890		502345		1693		13793
761		1890		502861		1693		13812
762		1890		503377		1693		13830
763		1890		503893		1693		13851
764		1890		504409		1693		13869
765		1890		504925		1693		13886
766		1890		505441		1693		13905
767		1890		505957		1693		13923
768		1890		506473		1693		13942
769		1890		506989		1693		13960
770		1890		507505		1693		13980
771		1890		508021		1693		14001
772		1890		508537		1693		14019
773		1890		509053		1693		14037
774		1890		509569		1693		14055
775		1890		510085		1693		14073
776		1890		510601		1693		14092
777		1890		511117		1693		14111
778		1890		511633		1693		14129
779		1890		512149		1693		14148
780		1890		512665		1693		14166
781		1890		513181		1693		14186
782		1890		513697		1693		14204
783		1890		514213		1693		14223
784		1890		514729		1693		14242
785		1890		515245		1693		14260
786		1890		515761		1693		14281
787		1890		516277		1693		14304
788		1890		516793		1693		14325
789		1890		517309		1693		14350
790		1890		517825		1693		14368
791		1890		518341		1693		14385
792		1890		518857		1693		14405
793		1889		519372		1691		14423
794		1889		519886		1691		14442
795		1889		520400		1691		14461
796		1889		520914		1691		14479
797		1889		521428		1691		14498
798		1889		521942		1691		14517
799		1889		522456		1691		14535
800		1889		522970		1691		14553
801		1889		523484		1691		14571
802		1889		523998		1691		14589
803		1889		524512		1691		14608
804		1889		525026		1691		14626
805		1889		525540		1691		14644
806		1889		526054		1691		14664
807		1889		526568		1691		14683
808		1889		527082		1691		14703
809		1889		527596		1691		14719
810		1889		528110		1691		14738
811		1889		528624		1691		14756
812		1889		529138		1691		14774
813		1889		529652		1691		14791
814		1889		530166		1691		14808
815		1889		530680		1691		14826
816		1889		531194		1691		14843
817		1889		531708		1691		14861
818		1889		532222		1691		14878
819		1889		532736		1691		14899
820		1889		533250		1691		14918
821		1889		533764		1691		14936
822		1889		534278		1691		14953
823		1889		534792		1691		14970
824		1889		535306		1691		14988
825		1889		535820		1691		15005
826		1889		536334		1691		15023
827		1889		536848		1691		15042
828		1889		537362		1691		15057
829		1889		537876		1691		15073
830		1889		538390		1691		15088
831		1889		538904		1691		15106
832		1889		539418		1691		15121
833		1889		539932		1691		15137
834		1889		540446		1691		15153
835		1889		540960		1691		15170
836		1889		541474		1691		15185
837		1889		541988		1691		15203
838		1889		542502		1691		15219
839		1889		543016		1691		15236
840		1889		543530		1691		15251
841		1889		544044		1691		15268
842		1889		544558		1691		15283
843		1889		545072		1691		15300
844		1889		545586		1691		15317
845		1889		546100		1691		15335
846		1889		546614		1691		15351
847		1889		547128		1691		15366
848		1889		547642		1691		15382
849		1889		548156		1691		15399
850		1889		548670		1691		15415
851		1889		549184		1691		15431
852		1889		549698		1691		15448
853		1889		550212		1691		15464
854		1889		550726		1691		15481
855		1888		551241		1692		15497
856		1888		551753		1692		15516
857		1888		552265		1692		15533
858		1888		552777		1692		15549
859		1887		553290		1692		15567
860		1887		553800		1692		15582
861		1887		554310		1692		15599
862		1887		554820		1692		15615
863		1887		555330		1692		15633
864		1887		555840		1692		15649
865		1887		556350		1692		15665
866		1887		556860		1692		15682
867		1887		557370		1692		15698
868		1887		557880		1692		15713
869		1887		558390		1692		15731
870		1887		558900		1692		15746
871		1887		559410		1692		15765
872		1887		559920		1692		15781
873		1887		560430		1692		15797
874		1887		560940		1692		15817
875		1887		561450		1692		15836
876		1887		561960		1692		15854
877		1887		562470		1692		15869
878		1887		562980		1692		15886
879		1887		563490		1692		15903
880		1887		564000		1692		15919
881		1887		564510		1692		15938
882		1887		565020		1692		15954
883		1887		565530		1692		15971
884		1887		566040		1692		15988
885		1887		566550		1692		16005
886		1887		567060		1692		16023
887		1887		567570		1692		16040
888		1887		568080		1692		16055
889		1887		568590		1692		16076
890		1887		569100		1692		16097
891		1887		569610		1692		16118
892		1887		570120		1692		16134
893		1887		570630		1692		16151
894		1887		571140		1692		16167
895		1887		571650		1692		16190
896		1887		572160		1692		16213
897		1887		572670		1692		16233
898		1887		573180		1692		16252
899		1887		573690		1692		16277
900		1887		574200		1692		16300
901		1887		574710		1692		16323
902		1887		575220		1692		16349
903		1886		575729		1692		16372
904		1886		576237		1692		16396
905		1886		576745		1692		16417
906		1886		577253		1692		16438
907		1886		577761		1692		16456
908		1886		578269		1692		16472
909		1886		578777		1692		16487
910		1886		579285		1692		16503
911		1886		579793		1692		16517
912		1886		580301		1692		16533
913		1886		580809		1692		16548
914		1886		581317		1692		16564
915		1886		581825		1692		16579
916		1886		582333		1692		16596
917		1886		582841		1692		16618
918		1884		583349		1691		16637
919		1884		583855		1691		16656
920		1884		584361		1691		16680
921		1884		584867		1691		16698
922		1884		585373		1691		16717
923		1884		585879		1691		16735
924		1884		586385		1691		16754
925		1884		586891		1691		16773
926		1884		587397		1691		16793
927		1884		587903		1691		16812
928		1884		588409		1691		16831
929		1884		588915		1691		16849
930		1884		589421		1691		16867
931		1884		589927		1691		16885
932		1884		590433		1691		16903
933		1884		590939		1691		16921
934		1884		591445		1691		16943
935		1884		591951		1691		16958
936		1883		592458		1692		16975
937		1883		592962		1692		16993
938		1883		593466		1692		17009
939		1883		593970		1692		17026
940		1883		594474		1692		17040
941		1883		594978		1692		17056
942		1883		595482		1692		17072
943		1883		595986		1692		17088
944		1883		596490		1692		17104
945		1883		596994		1692		17122
946		1883		597498		1692		17138
947		1883		598002		1692		17156
948		1883		598506		1692		17175
949		1883		599010		1692		17191
950		1883		599514		1692		17209
951		1883		600018		1692		17227
952		1883		600522		1692		17243
953		1882		601025		1691		17261
954		1882		601527		1691		17282
955		1882		602029		1691		17299
956		1882		602531		1691		17316
957		1882		603033		1691		17332
958		1882		603535		1691		17347
959		1882		604037		1691		17364
960		1882		604539		1691		17380
961		1882		605041		1691		17397
962		1882		605543		1691		17412
963		1882		606045		1691		17429
964		1882		606547		1691		17446
965		1882		607049		1691		17463
966		1882		607551		1691		17479
967		1882		608053		1691		17496
968		1882		608555		1691		17513
969		1882		609057		1691		17530
970		1882		609559		1691		17549
971		1882		610061		1691		17568
972		1882		610563		1691		17588
973		1882		611065		1691		17607
974		1882		611567		1691		17625
975		1882		612069		1691		17645
976		1882		612571		1691		17663
977		1882		613073		1691		17682
978		1882		613575		1691		17703
979		1881		614076		1692		17724
980		1881		614576		1692		17743
981		1881		615076		1692		17764
982		1881		615576		1692		17784
983		1881		616076		1692		17804
984		1881		616576		1692		17825
985		1881		617076		1692		17843
986		1881		617576		1692		17862
987		1881		618076		1692		17881
988		1881		618576		1692		17900
989		1881		619076		1692		17918
990		1881		619576		1692		17937
991		1881		620076		1692		17957
992		1881		620576		1692		17982
993		1881		621076		1692		18006
994		1881		621576		1692		18027
995		1881		622076		1692		18046
996		1880		622575		1692		18066
997		1880		623073		1692		18087
998		1880		623571		1692		18107
999		1880		624069		1692		18129
