# Migration is number of nodes that have changed color.

Round		Edge-Cut		Swaps		Migrations		Skipped
0		4420		2356		1438
1		3832		4565		1551
2		3734		6706		1578
3		3622		8784		1618
4		3548		10814		1646
5		3480		12799		1629
6		3465		14797		1644
7		3409		16766		1666
8		3393		18706		1703
9		3343		20609		1712
10		3293		22472		1704
11		3287		24316		1748
12		3255		26175		1727
13		3240		28027		1711
14		3198		29848		1744
15		3193		31641		1726
16		3212		33486		1739
17		3157		35289		1743
18		3144		37050		1748
19		3086		38819		1736
20		3070		40555		1754
21		3044		42307		1730
22		3021		44007		1777
23		2983		45700		1739
24		3004		47398		1744
25		3019		49122		1762
26		3000		50823		1748
27		2999		52537		1790
28		2970		54249		1780
29		2956		55927		1790
30		2956		57597		1763
31		2957		59274		1768
32		2934		60917		1770
33		2888		62544		1782
34		2905		64165		1798
35		2894		65776		1789
36		2886		67405		1786
37		2892		69041		1784
38		2868		70641		1785
39		2827		72227		1804
40		2826		73785		1790
41		2834		75368		1789
42		2829		76929		1784
43		2784		78434		1771
44		2784		79981		1766
45		2787		81520		1756
46		2779		83044		1774
47		2770		84575		1788
48		2781		86119		1800
49		2786		87643		1767
50		2752		89159		1758
51		2770		90682		1779
52		2755		92164		1770
53		2755		93697		1733
54		2749		95197		1725
55		2728		96703		1733
56		2761		98238		1754
57		2728		99759		1746
58		2723		101264		1755
59		2763		102770		1760
60		2729		104275		1742
61		2736		105758		1762
62		2738		107276		1750
63		2704		108802		1750
64		2728		110281		1747
65		2724		111760		1743
66		2691		113264		1752
67		2708		114773		1730
68		2735		116293		1744
69		2703		117804		1776
70		2708		119306		1782
71		2712		120789		1747
72		2707		122270		1762
73		2689		123737		1743
74		2679		125180		1754
75		2685		126666		1750
76		2681		128143		1773
77		2677		129569		1769
78		2681		131045		1764
79		2707		132534		1768
80		2691		134002		1760
81		2659		135472		1762
82		2685		136946		1759
83		2677		138413		1755
84		2693		139875		1745
85		2712		141379		1757
86		2673		142861		1758
87		2703		144346		1750
88		2690		145823		1763
89		2689		147354		1759
90		2685		148836		1774
91		2681		150345		1768
92		2686		151817		1758
93		2675		153301		1782
94		2674		154767		1766
95		2646		156236		1762
96		2629		157685		1761
97		2604		159127		1775
98		2646		160594		1752
99		2630		162074		1748
100		2647		163526		1749
101		2638		164984		1749
102		2627		166446		1761
103		2650		167883		1767
104		2638		169357		1752
105		2636		170826		1743
106		2631		172285		1732
107		2645		173748		1777
108		2626		175194		1785
109		2636		176667		1769
110		2661		178095		1754
111		2653		179555		1765
112		2630		181004		1763
113		2633		182438		1770
114		2621		183891		1782
115		2619		185335		1756
116		2606		186764		1776
117		2603		188163		1750
118		2609		189554		1775
119		2646		191010		1759
120		2639		192447		1761
121		2611		193879		1737
122		2633		195326		1726
123		2619		196761		1744
124		2664		198204		1759
125		2613		199651		1770
126		2622		201088		1774
127		2623		202538		1785
128		2598		203984		1756
129		2582		205394		1764
130		2591		206812		1766
131		2587		208236		1767
132		2596		209663		1774
133		2618		211131		1765
134		2596		212580		1764
135		2566		214008		1775
136		2577		215403		1746
137		2587		216832		1740
138		2571		218236		1750
139		2587		219645		1754
140		2578		221048		1767
141		2556		222451		1755
142		2600		223860		1768
143		2625		225347		1757
144		2582		226788		1761
145		2591		228183		1760
146		2581		229593		1737
147		2592		230990		1722
148		2603		232428		1757
149		2586		233830		1728
150		2573		235227		1736
151		2562		236616		1738
152		2552		237995		1719
153		2539		239365		1733
154		2540		240736		1735
155		2525		242086		1765
156		2524		243414		1743
157		2555		244762		1741
158		2529		246124		1749
159		2511		247495		1762
160		2524		248879		1771
161		2535		250253		1769
162		2539		251655		1771
163		2541		253007		1768
164		2546		254410		1776
165		2541		255806		1776
166		2514		257176		1782
167		2538		258522		1768
168		2548		259897		1758
169		2550		261307		1778
170		2548		262713		1778
171		2552		264087		1747
172		2567		265475		1757
173		2556		266875		1790
174		2543		268272		1760
175		2528		269657		1757
176		2546		271057		1758
177		2550		272442		1757
178		2566		273845		1780
179		2566		275253		1757
180		2556		276660		1757
181		2572		278041		1753
182		2579		279439		1771
183		2551		280816		1755
184		2570		282220		1770
185		2561		283641		1760
186		2556		285029		1776
187		2554		286391		1785
188		2554		287797		1791
189		2539		289163		1789
190		2534		290533		1777
191		2542		291903		1776
192		2555		293300		1763
193		2555		294680		1768
194		2586		296095		1779
195		2561		297485		1764
196		2592		298915		1767
197		2609		300343		1748
198		2598		301747		1783
199		2594		303153		1749
200		2552		304548		1780
201		2577		305939		1760
202		2572		307338		1771
203		2575		308752		1787
204		2555		310165		1777
205		2589		311559		1806
206		2569		312987		1787
207		2579		314404		1773
208		2576		315824		1774
209		2550		317215		1759
210		2550		318595		1764
211		2568		320000		1732
212		2573		321410		1755
213		2580		322826		1765
214		2557		324221		1779
215		2538		325606		1761
216		2566		326984		1776
217		2539		328367		1771
218		2528		329730		1772
219		2536		331096		1767
220		2504		332428		1778
221		2522		333776		1770
222		2528		335141		1751
223		2554		336480		1760
224		2545		337863		1751
225		2533		339235		1743
226		2524		340584		1745
227		2543		341976		1750
228		2531		343372		1727
229		2522		344740		1756
230		2554		346107		1761
231		2534		347455		1741
232		2507		348791		1747
233		2511		350137		1755
234		2514		351494		1758
235		2507		352866		1767
236		2529		354197		1759
237		2527		355576		1753
238		2508		356944		1763
239		2500		358291		1766
240		2531		359668		1760
241		2492		361052		1780
242		2527		362388		1768
243		2543		363748		1780
244		2525		365109		1766
245		2523		366467		1769
246		2570		367844		1750
247		2531		369226		1723
248		2551		370573		1745
249		2510		371953		1745
250		2529		373332		1730
251		2551		374695		1739
252		2566		376093		1759
253		2560		377509		1750
254		2562		378886		1759
255		2537		380288		1745
256		2549		381670		1732
257		2546		383035		1753
258		2559		384444		1748
259		2561		385826		1739
260		2505		387227		1742
261		2545		388604		1740
262		2550		389968		1738
263		2567		391354		1734
264		2519		392732		1769
265		2515		394106		1782
266		2509		395447		1779
267		2499		396802		1777
268		2516		398122		1782
269		2537		399482		1790
270		2533		400877		1791
271		2552		402233		1779
272		2545		403620		1787
273		2513		404996		1768
274		2517		406362		1781
275		2513		407706		1780
276		2501		409060		1782
277		2518		410409		1773
278		2551		411793		1770
279		2541		413155		1782
280		2549		414531		1782
281		2509		415883		1771
282		2506		417243		1760
283		2534		418618		1772
284		2542		419992		1777
285		2559		421376		1807
286		2578		422779		1795
287		2568		424173		1796
288		2558		425580		1805
289		2566		426984		1777
290		2585		428398		1788
291		2570		429779		1794
292		2589		431178		1769
293		2608		432580		1799
294		2583		433972		1790
295		2587		435397		1770
296		2571		436833		1768
297		2609		438220		1763
298		2594		439635		1786
299		2562		441045		1770
300		2539		442432		1782
301		2529		443784		1789
302		2534		445147		1803
303		2520		446491		1789
304		2537		447838		1768
305		2520		449160		1789
306		2480		450476		1781
307		2518		451832		1775
308		2513		453183		1774
309		2481		454517		1788
310		2472		455859		1762
311		2501		457174		1767
312		2506		458524		1751
313		2512		459861		1771
314		2527		461205		1757
315		2507		462541		1732
316		2502		463888		1767
317		2525		465249		1758
318		2526		466617		1768
319		2554		467995		1757
320		2562		469351		1770
321		2579		470710		1776
322		2542		472095		1776
323		2543		473456		1771
324		2543		474821		1780
325		2548		476205		1767
326		2545		477558		1770
327		2565		478934		1773
328		2578		480327		1768
329		2555		481710		1779
330		2565		483088		1768
331		2572		484480		1781
332		2519		485867		1778
333		2514		487221		1776
334		2524		488581		1796
335		2490		489925		1800
336		2484		491254		1784
337		2482		492553		1776
338		2491		493852		1767
339		2494		495204		1786
340		2502		496552		1776
341		2494		497859		1781
342		2522		499214		1770
343		2555		500603		1773
344		2531		501980		1782
345		2534		503360		1792
346		2532		504721		1811
347		2559		506098		1789
348		2520		507460		1778
349		2516		508814		1801
350		2511		510177		1804
351		2503		511550		1790
352		2547		512887		1781
353		2546		514238		1768
354		2524		515579		1774
355		2498		516909		1767
356		2501		518285		1790
357		2527		519679		1806
358		2521		521054		1781
359		2543		522430		1794
360		2560		523822		1796
361		2570		525211		1804
362		2549		526593		1793
363		2560		527983		1803
364		2564		529399		1778
365		2585		530792		1780
366		2585		532206		1764
367		2577		533599		1770
368		2561		535008		1786
369		2562		536413		1787
370		2570		537806		1786
371		2571		539195		1765
372		2546		540599		1768
373		2541		541970		1777
374		2562		543351		1784
375		2554		544773		1786
376		2535		546132		1772
377		2556		547511		1780
378		2558		548883		1761
379		2575		550247		1758
380		2556		551662		1754
381		2554		553046		1735
382		2543		554408		1761
383		2576		555817		1731
384		2604		557226		1744
385		2591		558620		1750
386		2580		560037		1752
387		2620		561463		1737
388		2606		562878		1756
389		2589		564309		1776
390		2608		565742		1761
391		2638		567168		1773
392		2629		568628		1794
393		2619		570104		1780
394		2606		571563		1775
395		2598		573029		1786
396		2597		574482		1794
397		2585		575896		1782
398		2588		577282		1769
399		2613		578704		1776
400		2580		580092		1759
401		2587		581498		1757
402		2597		582929		1753
403		2603		584356		1734
404		2601		585766		1753
405		2585		587189		1750
406		2586		588610		1744
407		2606		590024		1748
408		2607		591431		1738
409		2579		592821		1738
410		2562		594201		1739
411		2580		595592		1733
412		2589		596997		1730
413		2576		598371		1751
414		2586		599776		1758
415		2602		601222		1779
416		2591		602660		1754
417		2592		604057		1756
418		2582		605483		1759
419		2564		606905		1749
420		2574		608329		1789
421		2607		609743		1790
422		2611		611176		1751
423		2601		612618		1769
424		2591		614052		1758
425		2608		615453		1745
426		2611		616877		1748
427		2650		618336		1767
428		2649		619788		1773
429		2641		621245		1782
430		2658		622708		1747
431		2621		624154		1762
432		2613		625558		1750
433		2614		626983		1750
434		2600		628394		1763
435		2639		629814		1783
436		2615		631244		1774
437		2601		632664		1777
438		2594		634089		1783
439		2609		635496		1799
440		2596		636913		1784
441		2558		638326		1768
442		2565		639697		1775
443		2579		641055		1758
444		2580		642468		1746
445		2569		643868		1749
446		2530		645232		1734
447		2525		646596		1755
448		2550		647969		1775
449		2565		649346		1794
450		2584		650733		1769
451		2559		652132		1788
452		2575		653526		1784
453		2581		654940		1789
454		2610		656365		1802
455		2626		657801		1774
456		2640		659241		1776
457		2599		660695		1777
458		2577		662108		1770
459		2601		663534		1758
460		2609		664982		1768
461		2587		666413		1777
462		2573		667803		1776
463		2602		669223		1766
464		2587		670658		1784
465		2617		672094		1773
466		2627		673529		1777
467		2599		674997		1783
468		2622		676429		1776
469		2623		677844		1758
470		2614		679293		1785
471		2594		680717		1779
472		2608		682142		1772
473		2580		683572		1765
474		2585		684980		1776
475		2592		686392		1756
476		2581		687813		1765
477		2563		689222		1757
478		2563		690605		1741
479		2561		691988		1767
480		2578		693379		1776
481		2569		694777		1781
482		2548		696150		1791
483		2573		697533		1788
484		2583		698937		1771
485		2585		700333		1758
486		2594		701760		1760
487		2559		703172		1789
488		2555		704560		1767
489		2569		705933		1758
490		2561		707327		1758
491		2559		708707		1777
492		2559		710111		1771
493		2569		711492		1788
494		2548		712875		1797
495		2550		714251		1787
496		2529		715645		1791
497		2523		717013		1774
498		2516		718375		1744
499		2530		719743		1769
500		2562		721126		1741
501		2540		722491		1747
502		2536		723891		1732
503		2542		725231		1746
504		2565		726620		1753
505		2560		728017		1756
506		2568		729437		1745
507		2580		730825		1786
508		2594		732258		1757
509		2564		733673		1744
510		2565		735069		1741
511		2547		736446		1765
512		2535		737846		1760
513		2517		739226		1785
514		2525		740593		1794
515		2520		741942		1776
516		2502		743319		1774
517		2505		744679		1753
518		2503		746025		1764
519		2525		747378		1767
520		2500		748729		1760
521		2495		750090		1765
522		2503		751451		1780
523		2536		752827		1773
524		2520		754215		1782
525		2521		755577		1796
526		2497		756918		1781
527		2525		758266		1778
528		2521		759636		1729
529		2535		760995		1749
530		2525		762334		1768
531		2541		763697		1759
532		2536		765064		1770
533		2528		766441		1766
534		2516		767793		1747
535		2510		769140		1751
536		2503		770494		1763
537		2499		771800		1787
538		2523		773140		1779
539		2510		774476		1771
540		2489		775820		1770
541		2498		777145		1762
542		2524		778492		1759
543		2513		779840		1752
544		2540		781206		1761
545		2569		782608		1758
546		2579		784026		1768
547		2581		785426		1745
548		2612		786839		1755
549		2602		788218		1732
550		2571		789592		1775
551		2554		790982		1735
552		2549		792345		1731
553		2545		793720		1731
554		2515		795080		1755
555		2494		796422		1769
556		2507		797771		1750
557		2518		799136		1745
558		2539		800497		1742
559		2527		801858		1745
560		2543		803226		1768
561		2557		804605		1791
562		2514		805985		1779
563		2514		807325		1773
564		2492		808667		1774
565		2501		810013		1771
566		2502		811330		1766
567		2504		812677		1792
568		2499		814039		1792
569		2518		815408		1792
570		2528		816752		1763
571		2519		818093		1755
572		2515		819463		1753
573		2522		820832		1759
574		2531		822159		1767
575		2544		823544		1761
576		2533		824921		1765
577		2553		826322		1765
578		2541		827728		1760
579		2520		829121		1771
580		2513		830499		1759
581		2514		831839		1784
582		2533		833204		1762
583		2513		834590		1777
584		2507		835950		1783
585		2537		837325		1788
586		2484		838676		1776
587		2490		840001		1779
588		2479		841340		1798
589		2497		842667		1791
590		2498		844021		1774
591		2505		845373		1781
592		2515		846721		1779
593		2509		848103		1780
594		2510		849481		1756
595		2526		850846		1755
596		2510		852223		1734
597		2506		853573		1750
598		2512		854919		1772
599		2506		856235		1774
600		2535		857610		1774
601		2525		858974		1785
602		2555		860337		1767
603		2563		861737		1750
604		2543		863136		1751
605		2569		864523		1764
606		2558		865916		1774
607		2546		867295		1773
608		2525		868679		1757
609		2541		870055		1766
610		2554		871469		1768
611		2560		872873		1744
612		2543		874269		1748
613		2547		875641		1770
614		2505		876985		1757
615		2504		878332		1751
616		2483		879669		1733
617		2489		881022		1741
618		2494		882320		1746
619		2492		883648		1741
620		2510		884991		1758
621		2518		886330		1748
622		2523		887662		1747
623		2520		889026		1756
624		2540		890369		1724
625		2506		891741		1761
626		2500		893078		1771
627		2482		894419		1761
628		2492		895757		1773
629		2476		897095		1770
630		2474		898420		1762
631		2468		899735		1738
632		2487		901033		1738
633		2488		902365		1755
634		2503		903653		1757
635		2483		904993		1782
636		2520		906347		1759
637		2513		907701		1739
638		2504		909048		1754
639		2521		910365		1754
640		2522		911717		1753
641		2490		913037		1760
642		2497		914342		1761
643		2493		915659		1751
644		2545		917019		1755
645		2555		918393		1734
646		2527		919789		1750
647		2517		921150		1784
648		2521		922518		1753
649		2488		923870		1778
650		2481		925209		1770
651		2501		926529		1781
652		2499		927893		1770
653		2528		929255		1756
654		2520		930636		1780
655		2542		932024		1762
656		2567		933447		1758
657		2554		934827		1745
658		2548		936212		1750
659		2595		937621		1773
660		2599		939024		1777
661		2583		940439		1757
662		2566		941854		1767
663		2558		943248		1765
664		2566		944649		1787
665		2565		946045		1760
666		2583		947485		1791
667		2606		948913		1767
668		2611		950332		1770
669		2619		951778		1758
670		2620		953215		1758
671		2620		954662		1774
672		2629		956114		1782
673		2640		957579		1766
674		2608		959015		1798
675		2606		960444		1804
676		2642		961872		1797
677		2625		963325		1802
678		2610		964754		1796
679		2586		966199		1793
680		2571		967641		1791
681		2609		969074		1772
682		2608		970523		1769
683		2618		971971		1782
684		2638		973424		1791
685		2624		974876		1782
686		2614		976304		1795
687		2587		977733		1765
688		2582		979162		1780
689		2602		980582		1772
690		2588		982016		1780
691		2587		983443		1770
692		2596		984845		1786
693		2584		986284		1788
694		2604		987718		1797
695		2603		989129		1761
696		2601		990529		1789
697		2580		991920		1776
698		2591		993354		1787
699		2560		994748		1801
700		2562		996135		1785
701		2572		997540		1776
702		2573		998962		1785
703		2586		1000378		1792
704		2568		1001774		1810
705		2577		1003188		1782
706		2590		1004637		1785
707		2583		1006039		1769
708		2576		1007472		1786
709		2574		1008872		1781
710		2566		1010252		1776
711		2552		1011644		1757
712		2567		1013032		1754
713		2553		1014426		1766
714		2533		1015824		1749
715		2551		1017196		1766
716		2543		1018567		1761
717		2544		1019928		1767
718		2564		1021314		1769
719		2547		1022705		1757
720		2558		1024087		1782
721		2537		1025478		1783
722		2540		1026838		1789
723		2553		1028235		1787
724		2595		1029644		1798
725		2592		1031057		1795
726		2596		1032464		1797
727		2587		1033839		1787
728		2584		1035225		1786
729		2568		1036611		1777
730		2560		1038003		1802
731		2591		1039394		1805
732		2576		1040788		1811
733		2593		1042183		1815
734		2549		1043567		1804
735		2575		1044978		1805
736		2544		1046331		1800
737		2533		1047682		1771
738		2521		1049036		1783
739		2499		1050397		1766
740		2509		1051750		1769
741		2496		1053077		1788
742		2516		1054481		1801
743		2545		1055866		1793
744		2542		1057260		1785
745		2557		1058626		1776
746		2558		1060014		1774
747		2542		1061399		1774
748		2536		1062788		1767
749		2563		1064176		1779
750		2557		1065561		1785
751		2580		1066976		1781
752		2567		1068375		1774
753		2593		1069789		1771
754		2534		1071172		1761
755		2553		1072558		1746
756		2550		1073946		1732
757		2551		1075334		1750
758		2539		1076748		1753
759		2555		1078134		1756
760		2559		1079500		1770
761		2568		1080882		1751
762		2568		1082295		1767
763		2575		1083708		1759
764		2565		1085116		1769
765		2545		1086466		1771
766		2525		1087838		1793
767		2509		1089197		1752
768		2497		1090560		1762
769		2524		1091916		1756
770		2551		1093271		1773
771		2544		1094657		1768
772		2523		1096014		1787
773		2543		1097381		1790
774		2559		1098757		1791
775		2547		1100115		1782
776		2547		1101497		1764
777		2536		1102842		1777
778		2532		1104200		1771
779		2524		1105559		1768
780		2547		1106915		1785
781		2551		1108266		1774
782		2575		1109626		1742
783		2528		1110988		1772
784		2527		1112355		1779
785		2550		1113739		1769
786		2567		1115131		1790
787		2591		1116529		1777
788		2605		1117937		1780
789		2583		1119362		1770
790		2546		1120759		1743
791		2574		1122154		1757
792		2540		1123525		1750
793		2517		1124879		1762
794		2503		1126242		1754
795		2520		1127589		1739
796		2526		1128955		1750
797		2542		1130315		1744
798		2553		1131721		1767
799		2540		1133132		1775
800		2526		1134513		1773
801		2546		1135873		1764
802		2545		1137223		1756
803		2568		1138587		1773
804		2572		1140014		1748
805		2571		1141401		1742
806		2550		1142785		1734
807		2543		1144177		1756
808		2530		1145555		1762
809		2561		1146926		1762
810		2562		1148318		1754
811		2564		1149711		1766
812		2558		1151125		1775
813		2540		1152514		1786
814		2542		1153899		1780
815		2552		1155284		1774
816		2528		1156638		1760
817		2531		1157995		1775
818		2516		1159343		1771
819		2529		1160710		1746
820		2505		1162062		1780
821		2546		1163389		1743
822		2539		1164743		1774
823		2538		1166133		1764
824		2509		1167501		1770
825		2516		1168849		1755
826		2536		1170213		1763
827		2545		1171582		1769
828		2539		1172960		1762
829		2556		1174364		1779
830		2565		1175753		1767
831		2560		1177138		1750
832		2539		1178536		1745
833		2537		1179921		1747
834		2540		1181294		1756
835		2540		1182678		1762
836		2542		1184082		1770
837		2559		1185460		1766
838		2552		1186843		1743
839		2525		1188252		1757
840		2564		1189647		1766
841		2555		1191035		1766
842		2558		1192425		1767
843		2563		1193818		1764
844		2558		1195225		1769
845		2567		1196658		1757
846		2556		1198054		1766
847		2578		1199437		1761
848		2565		1200832		1755
849		2581		1202229		1757
850		2580		1203640		1759
851		2549		1205031		1762
852		2560		1206402		1748
853		2547		1207766		1774
854		2549		1209128		1798
855		2555		1210514		1777
856		2546		1211886		1767
857		2565		1213254		1762
858		2564		1214635		1766
859		2566		1216027		1756
860		2553		1217419		1733
861		2561		1218814		1755
862		2549		1220176		1727
863		2563		1221561		1759
864		2570		1222937		1754
865		2580		1224341		1748
866		2554		1225731		1733
867		2569		1227140		1745
868		2552		1228539		1755
869		2554		1229950		1759
870		2549		1231348		1765
871		2511		1232718		1779
872		2530		1234098		1776
873		2535		1235474		1777
874		2529		1236856		1762
875		2528		1238204		1781
876		2524		1239561		1777
877		2532		1240932		1784
878		2547		1242289		1807
879		2552		1243673		1773
880		2568		1245068		1800
881		2543		1246460		1781
882		2508		1247837		1769
883		2539		1249212		1747
884		2528		1250582		1779
885		2510		1251943		1802
886		2563		1253297		1778
887		2552		1254687		1777
888		2547		1256064		1784
889		2526		1257438		1799
890		2529		1258791		1775
891		2508		1260142		1762
892		2525		1261482		1764
893		2536		1262865		1768
894		2539		1264236		1752
895		2516		1265612		1762
896		2522		1266962		1755
897		2504		1268331		1757
898		2516		1269664		1778
899		2540		1271025		1761
900		2551		1272412		1775
901		2565		1273802		1777
902		2555		1275192		1758
903		2570		1276583		1796
904		2578		1277987		1790
905		2598		1279390		1800
906		2567		1280786		1794
907		2587		1282190		1801
908		2557		1283583		1770
909		2551		1284961		1785
910		2569		1286348		1775
911		2547		1287742		1776
912		2540		1289125		1772
913		2570		1290506		1774
914		2564		1291882		1798
915		2565		1293244		1789
916		2528		1294595		1791
917		2502		1295952		1766
918		2516		1297311		1788
919		2514		1298646		1784
920		2553		1300029		1761
921		2558		1301395		1747
922		2592		1302768		1766
923		2554		1304124		1752
924		2564		1305496		1735
925		2547		1306873		1748
926		2561		1308263		1768
927		2564		1309613		1751
928		2527		1310991		1769
929		2533		1312344		1782
930		2545		1313709		1784
931		2530		1315073		1783
932		2558		1316427		1758
933		2543		1317810		1763
934		2562		1319150		1793
935		2565		1320521		1776
936		2541		1321894		1807
937		2559		1323273		1774
938		2553		1324640		1775
939		2546		1326013		1762
940		2523		1327367		1755
941		2584		1328740		1756
942		2590		1330151		1770
943		2564		1331524		1780
944		2580		1332939		1777
945		2605		1334348		1765
946		2601		1335783		1787
947		2566		1337178		1806
948		2578		1338582		1788
949		2565		1339983		1799
950		2563		1341398		1770
951		2573		1342786		1785
952		2571		1344188		1757
953		2573		1345589		1771
954		2619		1347023		1753
955		2640		1348490		1769
956		2640		1349921		1763
957		2633		1351365		1788
958		2623		1352816		1770
959		2633		1354254		1770
960		2617		1355711		1783
961		2627		1357124		1773
962		2625		1358568		1785
963		2588		1359988		1766
964		2599		1361401		1799
965		2631		1362821		1793
966		2602		1364258		1769
967		2612		1365661		1767
968		2622		1367099		1776
969		2594		1368555		1773
970		2594		1370007		1755
971		2601		1371430		1758
972		2611		1372836		1736
973		2597		1374265		1730
974		2589		1375654		1741
975		2580		1377080		1750
976		2575		1378465		1735
977		2588		1379862		1776
978		2602		1381309		1768
979		2599		1382716		1766
980		2610		1384172		1774
981		2615		1385629		1760
982		2610		1387085		1780
983		2615		1388511		1758
984		2592		1389932		1776
985		2617		1391338		1754
986		2599		1392758		1741
987		2595		1394164		1745
988		2609		1395568		1763
989		2577		1396955		1757
990		2587		1398370		1751
991		2592		1399785		1747
992		2569		1401229		1748
993		2577		1402649		1750
994		2559		1404027		1765
995		2586		1405433		1764
996		2567		1406843		1761
997		2575		1408247		1775
998		2571		1409650		1778
999		2548		1411051		1813
