# Migration is number of nodes that have changed color.

Round		Edge-Cut		Swaps		Migrations		Skipped		ExecutionTime 
0		5579		2381		2038		178
1		5190		4714		1705		216
2		4356		6950		1746		251
3		3988		9100		1773		291
4		3739		11170		1769		311
5		3755		13177		1770		322
6		3591		15141		1766		355
7		3494		17073		1779		372
8		3466		19010		1782		389
9		3423		20920		1781		403
10		3394		22820		1779		419
11		3401		24682		1785		434
12		3376		26551		1802		446
13		3390		28398		1773		461
14		3338		30243		1767		474
15		3268		32004		1791		493
16		3238		33758		1786		505
17		3172		35503		1798		521
18		3120		37198		1805		533
19		3120		38848		1772		552
20		3054		40508		1778		569
21		3030		42175		1770		585
22		3085		43838		1773		595
23		3043		45498		1771		609
24		3025		47108		1784		621
25		2983		48699		1795		635
26		2968		50308		1798		647
27		2931		51889		1766		658
28		2927		53450		1788		668
29		2945		55049		1783		680
30		2854		56653		1788		691
31		2910		58203		1804		701
32		2903		59736		1777		710
33		2886		61239		1767		721
34		2865		62785		1770		735
35		2848		64330		1783		749
36		2861		65872		1759		764
37		2891		67398		1787		777
38		2844		68951		1766		788
39		2823		70467		1790		799
40		2783		71957		1834		809
41		2820		73419		1817		819
42		2749		74934		1797		829
43		2709		76401		1768		838
44		2721		77866		1756		848
45		2691		79351		1821		858
46		2675		80812		1805		871
47		2637		82273		1816		880
48		2628		83723		1820		889
49		2593		85142		1816		897
50		2548		86540		1800		908
51		2601		87933		1798		919
52		2588		89358		1819		933
53		2584		90766		1804		945
54		2548		92125		1796		958
55		2554		93469		1811		971
56		2556		94813		1813		983
57		2558		96142		1790		994
58		2505		97486		1798		1005
59		2507		98823		1801		1016
60		2525		100124		1800		1025
61		2538		101448		1804		1033
62		2501		102753		1794		1041
63		2511		104098		1822		1052
64		2493		105413		1812		1060
65		2524		106741		1806		1069
66		2534		108061		1827		1079
67		2539		109394		1844		1087
68		2535		110734		1822		1096
69		2525		112059		1813		1106
70		2463		113378		1807		1114
71		2493		114688		1786		1124
72		2495		115984		1802		1133
73		2525		117346		1777		1142
74		2524		118650		1784		1151
75		2544		119941		1799		1163
76		2528		121280		1805		1171
77		2525		122627		1804		1180
78		2533		123928		1796		1188
79		2523		125228		1798		1198
80		2511		126542		1791		1206
81		2553		127900		1790		1214
82		2534		129243		1798		1222
83		2530		130592		1797		1233
84		2527		131973		1805		1242
85		2494		133325		1790		1250
86		2507		134637		1809		1260
87		2570		135965		1819		1268
88		2514		137313		1842		1276
89		2490		138616		1824		1286
90		2434		139896		1807		1295
91		2437		141171		1821		1303
92		2416		142419		1822		1313
93		2404		143646		1803		1322
94		2408		144870		1784		1331
95		2381		146080		1758		1339
96		2412		147302		1768		1350
97		2425		148532		1809		1358
98		2422		149744		1785		1366
99		2422		150989		1770		1375
100		2407		152248		1790		1384
101		2447		153500		1786		1393
102		2458		154785		1808		1402
103		2436		156063		1796		1412
104		2437		157293		1834		1425
105		2463		158593		1812		1435
106		2486		159885		1793		1445
107		2459		161158		1793		1455
108		2426		162387		1800		1465
109		2442		163637		1838		1474
110		2467		164882		1813		1484
111		2430		166140		1835		1492
112		2417		167354		1814		1501
113		2441		168564		1813		1511
114		2430		169818		1817		1519
115		2426		171064		1796		1528
116		2460		172299		1800		1537
117		2434		173513		1804		1546
118		2453		174761		1790		1555
119		2473		176033		1805		1565
120		2434		177291		1787		1574
121		2438		178548		1787		1583
122		2448		179802		1813		1592
123		2475		181061		1801		1602
124		2470		182372		1812		1611
125		2478		183655		1815		1619
126		2487		184924		1825		1629
127		2454		186220		1794		1637
128		2481		187476		1817		1647
129		2446		188734		1814		1656
130		2433		189966		1797		1665
131		2490		191260		1827		1674
132		2437		192544		1824		1683
133		2417		193784		1834		1696
134		2486		195085		1817		1704
135		2459		196387		1810		1713
136		2498		197675		1801		1721
137		2468		198957		1828		1731
138		2479		200266		1847		1739
139		2509		201581		1823		1750
140		2472		202914		1830		1759
141		2497		204217		1822		1768
142		2478		205538		1821		1776
143		2458		206843		1847		1786
144		2408		208116		1835		1794
145		2448		209394		1826		1802
146		2411		210647		1815		1812
147		2445		211918		1796		1820
148		2395		213171		1811		1829
149		2400		214421		1848		1840
150		2370		215650		1828		1852
151		2387		216868		1806		1862
152		2370		218110		1817		1870
153		2372		219332		1816		1880
154		2410		220592		1832		1888
155		2394		221843		1800		1898
156		2376		223086		1796		1906
157		2365		224315		1808		1916
158		2387		225557		1816		1925
159		2344		226825		1810		1935
160		2360		228038		1803		1944
161		2388		229261		1835		1952
162		2356		230482		1816		1965
163		2343		231668		1826		1973
164		2318		232864		1815		1982
165		2406		234069		1829		1990
166		2385		235294		1802		2000
167		2415		236536		1808		2009
168		2348		237773		1815		2018
169		2351		238980		1794		2028
170		2394		240197		1814		2036
171		2336		241420		1815		2044
172		2359		242601		1817		2052
173		2366		243813		1793		2062
174		2310		244982		1825		2070
175		2333		246184		1842		2077
176		2372		247435		1824		2085
177		2393		248690		1827		2095
178		2384		249914		1831		2103
179		2373		251108		1798		2111
180		2419		252353		1821		2120
181		2364		253597		1814		2129
182		2343		254819		1791		2137
183		2341		256022		1777		2146
184		2321		257246		1804		2155
185		2334		258435		1801		2164
186		2406		259630		1803		2172
187		2368		260853		1827		2182
188		2349		262066		1827		2190
189		2345		263280		1822		2197
190		2350		264490		1812		2209
191		2355		265704		1818		2217
192		2392		266933		1832		2225
193		2356		268138		1820		2232
194		2389		269374		1818		2241
195		2347		270581		1825		2251
196		2333		271775		1815		2262
197		2329		272971		1810		2270
198		2346		274184		1813		2281
199		2417		275450		1792		2288
200		2386		276693		1815		2296
201		2424		277939		1778		2304
202		2416		279196		1782		2313
203		2441		280432		1762		2321
204		2457		281673		1747		2328
205		2405		282908		1773		2338
206		2410		284183		1781		2347
207		2423		285466		1811		2354
208		2357		286722		1825		2363
209		2438		287960		1791		2372
210		2397		289194		1815		2380
211		2404		290458		1816		2387
212		2420		291722		1823		2398
213		2416		292984		1823		2406
214		2400		294236		1826		2413
215		2380		295501		1835		2420
216		2400		296744		1819		2431
217		2400		297953		1809		2441
218		2403		299207		1809		2448
219		2365		300444		1811		2456
220		2388		301665		1782		2465
221		2384		302923		1814		2475
222		2402		304134		1808		2482
223		2379		305348		1805		2491
224		2379		306576		1811		2499
225		2362		307796		1804		2509
226		2326		309000		1788		2517
227		2334		310186		1798		2526
228		2330		311386		1804		2533
229		2359		312600		1793		2541
230		2340		313807		1790		2549
231		2372		315050		1786		2561
232		2394		316303		1793		2571
233		2449		317578		1817		2580
234		2441		318837		1807		2590
235		2430		320110		1832		2599
236		2388		321343		1799		2608
237		2432		322573		1810		2621
238		2396		323822		1791		2632
239		2452		325073		1819		2642
240		2419		326319		1802		2651
241		2400		327584		1791		2659
242		2434		328831		1786		2667
243		2378		330072		1773		2678
244		2352		331294		1794		2689
245		2338		332510		1783		2696
246		2379		333755		1786		2702
247		2416		335010		1773		2711
248		2411		336233		1804		2717
249		2402		337492		1793		2725
250		2453		338785		1819		2732
251		2473		340092		1801		2739
252		2461		341409		1801		2747
253		2420		342699		1778		2754
254		2437		344005		1792		2763
255		2442		345295		1785		2772
256		2426		346538		1817		2778
257		2508		347831		1802		2785
258		2493		349153		1808		2792
259		2426		350415		1802		2800
260		2426		351660		1802		2809
261		2407		352932		1810		2816
262		2426		354213		1827		2822
263		2391		355490		1822		2830
264		2402		356755		1838		2838
265		2406		358070		1815		2847
266		2383		359322		1794		2857
267		2385		360607		1816		2866
268		2425		361917		1803		2873
269		2376		363218		1792		2880
270		2411		364483		1800		2887
271		2330		365734		1805		2898
272		2306		366935		1791		2905
273		2313		368218		1797		2912
274		2285		369447		1800		2919
275		2254		370623		1805		2929
276		2262		371806		1795		2936
277		2260		372989		1808		2943
278		2279		374177		1814		2951
279		2244		375353		1826		2960
280		2254		376548		1794		2968
281		2244		377727		1783		2977
282		2235		378900		1804		2985
283		2214		380046		1805		2994
284		2211		381202		1792		3003
285		2235		382358		1797		3012
286		2214		383531		1807		3021
287		2199		384667		1808		3031
288		2181		385784		1803		3040
289		2146		386886		1789		3049
290		2194		388047		1809		3060
291		2197		389188		1798		3069
292		2229		390371		1815		3078
293		2221		391524		1797		3092
294		2266		392692		1793		3103
295		2224		393874		1802		3113
296		2226		395041		1811		3123
297		2218		396205		1805		3134
298		2219		397394		1793		3144
299		2243		398555		1828		3152
300		2273		399756		1825		3160
301		2283		400995		1804		3167
302		2242		402198		1815		3178
303		2263		403360		1807		3185
304		2253		404541		1813		3193
305		2237		405703		1810		3202
306		2211		406869		1810		3212
307		2187		407998		1810		3221
308		2187		409151		1815		3230
309		2182		410293		1811		3239
310		2163		411396		1804		3246
311		2186		412506		1803		3256
312		2193		413641		1795		3265
313		2160		414763		1794		3274
314		2166		415879		1803		3282
315		2177		416998		1781		3289
316		2168		418095		1780		3299
317		2168		419134		1788		3308
318		2158		420234		1789		3315
319		2160		421325		1793		3324
320		2168		422382		1794		3333
321		2170		423472		1790		3342
322		2174		424552		1809		3350
323		2115		425665		1800		3363
324		2158		426764		1811		3371
325		2157		427852		1799		3378
326		2129		428919		1812		3387
327		2112		429974		1805		3397
328		2105		431055		1810		3405
329		2118		432111		1811		3413
330		2141		433180		1815		3423
331		2120		434241		1803		3431
332		2149		435324		1787		3439
333		2194		436430		1804		3446
334		2169		437523		1808		3456
335		2201		438635		1800		3463
336		2209		439760		1805		3473
337		2213		440894		1814		3480
338		2209		442046		1806		3489
339		2211		443162		1802		3496
340		2193		444287		1782		3506
341		2204		445408		1809		3516
342		2191		446533		1795		3524
343		2179		447652		1798		3531
344		2195		448778		1814		3540
345		2190		449873		1804		3548
346		2207		450995		1803		3557
347		2185		452083		1804		3564
348		2177		453211		1808		3575
349		2196		454338		1835		3583
350		2189		455437		1812		3591
351		2205		456548		1817		3598
352		2138		457647		1814		3607
353		2185		458778		1831		3615
354		2187		459868		1836		3623
355		2151		460989		1850		3631
356		2177		462062		1831		3640
357		2164		463142		1817		3648
358		2161		464219		1828		3656
359		2178		465264		1826		3663
360		2190		466372		1818		3673
361		2200		467464		1822		3682
362		2169		468572		1820		3691
363		2187		469669		1804		3700
364		2192		470754		1826		3709
365		2190		471863		1808		3717
366		2176		472996		1789		3726
367		2215		474112		1799		3735
368		2211		475238		1821		3742
369		2181		476362		1821		3749
370		2223		477472		1818		3759
371		2201		478586		1808		3767
372		2229		479732		1819		3775
373		2238		480864		1817		3786
374		2253		482057		1819		3794
375		2245		483206		1814		3802
376		2270		484398		1806		3809
377		2285		485577		1798		3816
378		2286		486754		1807		3824
379		2283		487937		1818		3830
380		2293		489114		1788		3838
381		2241		490283		1808		3845
382		2250		491415		1838		3852
383		2244		492592		1833		3860
384		2261		493742		1826		3867
385		2216		494849		1815		3874
386		2216		495974		1809		3880
387		2189		497102		1811		3890
388		2232		498230		1828		3896
389		2228		499369		1812		3903
390		2178		500519		1820		3910
391		2234		501638		1809		3920
392		2221		502781		1819		3927
393		2178		503909		1805		3934
394		2217		505042		1837		3940
395		2187		506188		1842		3949
396		2173		507296		1832		3957
397		2161		508390		1805		3964
398		2166		509471		1833		3975
399		2178		510570		1796		3983
400		2177		511641		1789		3990
401		2154		512742		1826		3997
402		2152		513828		1822		4006
403		2151		514906		1803		4015
404		2130		515994		1806		4025
405		2177		517061		1806		4032
406		2134		518163		1817		4041
407		2180		519238		1799		4048
408		2183		520343		1802		4056
409		2176		521457		1775		4063
410		2141		522543		1798		4072
411		2191		523619		1793		4079
412		2143		524648		1801		4088
413		2166		525703		1802		4095
414		2150		526812		1803		4104
415		2134		527867		1805		4111
416		2104		528925		1814		4118
417		2107		529945		1786		4125
418		2113		531045		1817		4133
419		2131		532104		1816		4144
420		2118		533138		1816		4154
421		2133		534174		1786		4165
422		2103		535232		1803		4177
423		2098		536315		1800		4183
424		2162		537403		1803		4190
425		2130		538448		1810		4197
426		2136		539518		1800		4206
427		2164		540559		1828		4213
428		2186		541651		1808		4222
429		2178		542770		1822		4230
430		2163		543865		1822		4238
431		2141		544971		1808		4246
432		2154		546048		1801		4255
433		2159		547134		1822		4263
434		2172		548235		1788		4272
435		2129		549314		1782		4279
436		2192		550408		1783		4290
437		2187		551492		1817		4300
438		2179		552581		1812		4311
439		2153		553693		1788		4323
440		2165		554790		1815		4333
441		2171		555875		1798		4342
442		2141		556932		1781		4352
443		2170		558034		1795		4360
444		2161		559127		1818		4369
445		2166		560180		1823		4379
446		2164		561290		1826		4389
447		2171		562390		1798		4397
448		2146		563475		1794		4404
449		2182		564548		1817		4412
450		2164		565627		1810		4421
451		2149		566709		1813		4429
452		2162		567772		1816		4438
453		2111		568820		1808		4447
454		2185		569914		1823		4455
455		2139		570997		1826		4463
456		2174		572073		1827		4472
457		2164		573155		1813		4481
458		2221		574241		1809		4490
459		2216		575359		1783		4497
460		2192		576403		1794		4506
461		2210		577496		1780		4515
462		2161		578590		1777		4524
463		2165		579664		1776		4532
464		2148		580715		1787		4541
465		2175		581783		1805		4549
466		2167		582846		1808		4559
467		2174		583944		1808		4567
468		2179		585052		1818		4577
469		2136		586147		1811		4586
470		2137		587208		1794		4594
471		2180		588300		1794		4605
472		2190		589429		1810		4614
473		2184		590540		1788		4622
474		2205		591651		1797		4633
475		2180		592702		1794		4643
476		2189		593796		1822		4653
477		2163		594930		1847		4661
478		2191		596047		1826		4671
479		2198		597149		1805		4679
480		2219		598265		1793		4687
481		2190		599389		1795		4695
482		2230		600516		1793		4704
483		2206		601684		1781		4712
484		2225		602830		1790		4720
485		2242		603976		1806		4728
486		2194		605131		1814		4737
487		2222		606301		1819		4745
488		2188		607411		1812		4754
489		2208		608528		1812		4762
490		2229		609655		1800		4772
491		2223		610790		1796		4780
492		2227		611978		1801		4789
493		2186		613117		1816		4797
494		2231		614229		1809		4806
495		2222		615348		1788		4814
496		2231		616477		1787		4822
497		2207		617612		1808		4830
498		2207		618733		1812		4838
499		2216		619877		1817		4846
500		2221		621025		1810		4855
501		2215		622138		1810		4863
502		2197		623227		1778		4871
503		2165		624315		1776		4880
504		2179		625353		1790		4889
505		2148		626426		1793		4897
506		2148		627502		1795		4906
507		2134		628615		1802		4915
508		2153		629686		1806		4924
509		2191		630767		1775		4934
510		2150		631850		1787		4943
511		2140		632934		1797		4956
512		2136		634017		1785		4973
513		2167		635075		1787		4981
514		2141		636174		1797		4990
515		2147		637237		1797		4998
516		2134		638290		1814		5006
517		2155		639379		1826		5014
518		2157		640470		1808		5024
519		2150		641563		1820		5032
520		2143		642646		1815		5042
521		2150		643747		1811		5052
522		2155		644832		1816		5061
523		2183		645935		1790		5070
524		2229		647039		1817		5078
525		2199		648139		1809		5086
526		2223		649269		1838		5094
527		2206		650406		1821		5105
528		2200		651523		1832		5113
529		2191		652666		1829		5121
530		2239		653801		1809		5131
531		2228		654924		1829		5139
532		2195		656037		1834		5147
533		2193		657163		1824		5155
534		2193		658282		1818		5167
535		2171		659399		1832		5174
536		2192		660526		1827		5185
537		2217		661664		1819		5193
538		2197		662805		1821		5201
539		2212		663964		1789		5209
540		2167		665080		1780		5218
541		2184		666191		1818		5227
542		2216		667293		1799		5234
543		2214		668425		1803		5242
544		2183		669560		1825		5250
545		2181		670677		1823		5258
546		2200		671791		1794		5268
547		2174		672914		1800		5276
548		2218		674034		1819		5284
549		2139		675136		1816		5292
550		2161		676204		1825		5302
551		2151		677299		1826		5313
552		2167		678386		1811		5322
553		2160		679483		1809		5330
554		2165		680572		1813		5340
555		2149		681653		1840		5352
556		2166		682732		1837		5366
557		2198		683816		1849		5376
558		2187		684913		1826		5386
559		2224		686042		1824		5393
560		2185		687179		1817		5400
561		2175		688245		1809		5409
562		2175		689362		1810		5416
563		2172		690462		1826		5424
564		2170		691546		1830		5433
565		2187		692631		1823		5442
566		2194		693753		1825		5450
567		2220		694885		1829		5457
568		2220		696014		1827		5465
569		2232		697117		1846		5474
570		2201		698219		1829		5481
571		2185		699319		1846		5489
572		2174		700389		1840		5500
573		2193		701454		1845		5509
574		2166		702536		1831		5519
575		2169		703623		1832		5527
576		2171		704697		1836		5536
577		2125		705761		1819		5546
578		2128		706810		1833		5556
579		2116		707861		1812		5564
580		2090		708900		1807		5572
581		2138		709958		1829		5580
582		2141		711002		1810		5588
583		2210		712098		1823		5597
584		2192		713192		1807		5605
585		2170		714299		1819		5613
586		2151		715384		1826		5622
587		2179		716467		1836		5632
588		2155		717553		1828		5640
589		2170		718639		1826		5648
590		2142		719690		1822		5657
591		2203		720759		1806		5665
592		2156		721800		1791		5673
593		2178		722865		1818		5682
594		2187		723937		1823		5691
595		2132		725012		1832		5699
596		2131		726119		1820		5706
597		2167		727177		1821		5718
598		2163		728265		1800		5733
599		2145		729333		1806		5741
600		2166		730420		1800		5750
601		2172		731479		1807		5758
602		2154		732591		1808		5766
603		2164		733692		1821		5773
604		2116		734741		1836		5783
605		2138		735774		1831		5790
606		2104		736807		1825		5800
607		2090		737843		1813		5809
608		2092		738886		1826		5817
609		2099		739903		1818		5824
610		2137		740958		1823		5833
611		2119		742046		1822		5843
612		2134		743084		1820		5852
613		2142		744151		1821		5859
614		2128		745216		1823		5869
615		2117		746300		1795		5877
616		2103		747338		1792		5885
617		2108		748385		1801		5893
618		2134		749426		1819		5902
619		2101		750476		1810		5913
620		2140		751550		1821		5920
621		2161		752598		1807		5929
622		2116		753616		1813		5938
623		2116		754646		1813		5945
624		2122		755675		1820		5953
625		2150		756728		1815		5961
626		2148		757796		1837		5970
627		2154		758881		1810		5978
628		2140		759932		1820		5985
629		2134		760966		1815		5995
630		2135		761998		1822		6003
631		2156		763056		1805		6011
632		2108		764095		1810		6023
633		2152		765148		1825		6032
634		2162		766217		1798		6040
635		2161		767304		1819		6049
636		2146		768381		1810		6057
637		2140		769459		1800		6065
638		2149		770542		1801		6074
639		2179		771626		1805		6083
640		2128		772699		1799		6091
641		2146		773791		1801		6102
642		2135		774874		1816		6109
643		2135		775979		1820		6117
644		2180		777090		1816		6125
645		2175		778197		1789		6135
646		2189		779285		1795		6145
647		2148		780338		1797		6154
648		2139		781418		1775		6163
649		2150		782506		1794		6173
650		2130		783554		1768		6184
651		2133		784595		1770		6193
652		2125		785608		1786		6202
653		2157		786685		1795		6210
654		2182		787767		1782		6220
655		2200		788861		1835		6228
656		2148		789985		1829		6237
657		2164		791093		1814		6245
658		2166		792147		1819		6253
659		2170		793222		1842		6261
660		2172		794323		1817		6271
661		2159		795434		1827		6279
662		2140		796501		1820		6289
663		2154		797614		1815		6300
664		2123		798690		1827		6309
665		2119		799780		1847		6317
666		2153		800890		1823		6326
667		2131		801963		1834		6335
668		2143		803032		1840		6344
669		2134		804111		1827		6354
670		2107		805193		1813		6362
671		2158		806268		1825		6369
672		2127		807348		1839		6376
673		2126		808457		1840		6385
674		2133		809515		1843		6395
675		2122		810585		1835		6402
676		2133		811672		1825		6409
677		2153		812762		1827		6416
678		2170		813832		1827		6426
679		2129		814901		1828		6435
680		2127		815983		1829		6442
681		2122		817049		1810		6450
682		2127		818100		1836		6458
683		2137		819142		1812		6467
684		2076		820198		1803		6474
685		2089		821207		1810		6482
686		2129		822284		1806		6490
687		2100		823313		1804		6498
688		2109		824314		1823		6507
689		2087		825360		1803		6517
690		2079		826402		1809		6525
691		2134		827443		1814		6532
692		2098		828501		1805		6545
693		2110		829552		1829		6556
694		2098		830600		1822		6565
695		2091		831645		1835		6576
696		2083		832671		1821		6588
697		2063		833702		1813		6598
698		2068		834736		1826		6605
699		2075		835756		1819		6613
700		2079		836777		1821		6621
701		2082		837797		1816		6633
702		2099		838791		1825		6644
703		2090		839828		1847		6654
704		2073		840828		1801		6665
705		2100		841840		1813		6674
706		2074		842854		1827		6684
707		2085		843872		1803		6692
708		2099		844892		1807		6702
709		2126		845921		1802		6712
710		2101		846953		1821		6721
711		2069		848000		1825		6730
712		2092		849034		1834		6739
713		2116		850093		1841		6748
714		2088		851144		1838		6756
715		2103		852194		1846		6766
716		2107		853247		1826		6776
717		2083		854312		1845		6789
718		2086		855336		1844		6800
719		2064		856362		1810		6808
720		2093		857378		1814		6817
721		2055		858391		1831		6826
722		2063		859423		1814		6835
723		2060		860443		1802		6843
724		2060		861446		1815		6855
725		2077		862466		1814		6864
726		2082		863489		1803		6872
727		2088		864530		1798		6882
728		2111		865541		1806		6890
729		2109		866588		1824		6900
730		2088		867654		1826		6909
731		2126		868665		1811		6918
732		2100		869692		1811		6927
733		2109		870739		1797		6937
734		2055		871757		1806		6946
735		2119		872761		1826		6955
736		2084		873753		1815		6965
737		2130		874813		1794		6973
738		2108		875852		1814		6983
739		2125		876918		1809		6996
740		2173		877962		1797		7006
741		2128		879002		1803		7020
742		2147		880080		1804		7030
743		2126		881157		1821		7038
744		2134		882230		1820		7049
745		2104		883315		1808		7057
746		2116		884374		1799		7065
747		2122		885437		1812		7074
748		2134		886492		1802		7084
749		2116		887573		1822		7093
750		2134		888649		1798		7106
751		2124		889720		1818		7115
752		2150		890745		1795		7123
753		2081		891780		1800		7135
754		2109		892816		1794		7144
755		2152		893902		1788		7152
756		2127		894993		1809		7160
757		2145		896053		1798		7170
758		2146		897154		1789		7180
759		2148		898202		1832		7188
760		2167		899262		1830		7197
761		2136		900387		1813		7205
762		2117		901481		1815		7213
763		2165		902570		1814		7221
764		2131		903643		1813		7232
765		2132		904712		1823		7244
766		2136		905770		1807		7254
767		2190		906851		1839		7266
768		2189		907980		1829		7275
769		2175		909083		1810		7284
770		2222		910192		1817		7294
771		2185		911297		1797		7304
772		2170		912426		1809		7318
773		2150		913532		1814		7329
774		2164		914640		1824		7339
775		2112		915734		1821		7350
776		2120		916798		1813		7360
777		2110		917854		1807		7374
778		2128		918863		1803		7386
779		2097		919938		1804		7398
780		2084		920985		1830		7410
781		2080		922039		1831		7420
782		2086		923062		1836		7432
783		2115		924107		1813		7442
784		2094		925139		1810		7453
785		2077		926178		1802		7462
786		2057		927192		1812		7471
787		2055		928207		1795		7483
788		2054		929189		1792		7492
789		2078		930165		1818		7501
790		2054		931162		1803		7513
791		2063		932157		1777		7522
792		2064		933137		1803		7531
793		2056		934140		1799		7542
794		2081		935148		1826		7552
795		2072		936168		1794		7562
796		2069		937180		1790		7572
797		2048		938158		1812		7581
798		2019		939115		1798		7591
799		2017		940081		1797		7602
800		2043		941036		1834		7614
801		2051		942008		1819		7628
802		2042		942979		1825		7643
803		2038		943992		1812		7658
804		2062		945025		1825		7667
805		2083		946018		1801		7678
806		2073		947060		1821		7690
807		2068		948078		1824		7704
808		2106		949087		1809		7715
809		2107		950092		1833		7728
810		2102		951127		1834		7737
811		2144		952169		1833		7747
812		2142		953226		1823		7758
813		2113		954289		1828		7768
814		2114		955334		1809		7777
815		2114		956387		1823		7786
816		2149		957485		1837		7796
817		2140		958543		1817		7807
818		2152		959601		1824		7819
819		2147		960675		1806		7831
820		2145		961734		1830		7845
821		2134		962761		1830		7858
822		2132		963815		1822		7868
823		2135		964880		1808		7881
824		2161		965980		1806		7895
825		2154		967045		1814		7905
826		2152		968135		1807		7917
827		2160		969213		1830		7928
828		2162		970301		1815		7941
829		2140		971348		1811		7949
830		2152		972431		1793		7958
831		2128		973503		1796		7968
832		2096		974554		1797		7980
833		2104		975627		1800		7990
834		2118		976700		1776		8003
835		2118		977754		1777		8016
836		2142		978816		1795		8028
837		2111		979862		1808		8038
838		2120		980911		1805		8048
839		2119		982000		1824		8058
840		2139		983050		1811		8069
841		2136		984150		1801		8079
842		2141		985211		1803		8089
843		2129		986288		1826		8100
844		2162		987350		1795		8111
845		2119		988413		1780		8120
846		2130		989479		1806		8131
847		2103		990566		1799		8141
848		2133		991601		1792		8152
849		2122		992680		1782		8163
850		2088		993658		1778		8172
851		2077		994678		1794		8183
852		2096		995723		1785		8194
853		2130		996790		1815		8208
854		2112		997855		1798		8220
855		2138		998901		1810		8232
856		2125		999965		1816		8245
857		2139		1001007		1813		8258
858		2140		1002117		1812		8268
859		2140		1003185		1821		8278
860		2137		1004268		1781		8289
861		2150		1005362		1775		8299
862		2124		1006443		1823		8309
863		2129		1007503		1800		8317
864		2097		1008561		1785		8328
865		2130		1009614		1803		8336
866		2160		1010696		1819		8347
867		2143		1011734		1813		8356
868		2115		1012774		1819		8364
869		2140		1013830		1825		8375
870		2163		1014926		1829		8383
871		2175		1016035		1818		8395
872		2180		1017152		1821		8405
873		2165		1018233		1804		8413
874		2150		1019292		1800		8424
875		2163		1020352		1792		8434
876		2156		1021450		1786		8444
877		2133		1022536		1817		8457
878		2166		1023609		1832		8470
879		2153		1024637		1823		8480
880		2178		1025692		1815		8488
881		2211		1026755		1812		8497
882		2191		1027836		1810		8504
883		2183		1028902		1819		8515
884		2146		1029980		1827		8524
885		2157		1031089		1819		8534
886		2167		1032158		1801		8543
887		2162		1033240		1817		8553
888		2137		1034307		1824		8566
889		2163		1035371		1832		8579
890		2177		1036443		1825		8592
891		2137		1037478		1807		8601
892		2173		1038548		1803		8610
893		2161		1039614		1809		8621
894		2143		1040634		1806		8630
895		2126		1041695		1788		8641
896		2117		1042759		1794		8652
897		2156		1043852		1791		8662
898		2182		1044971		1782		8671
899		2194		1046069		1794		8683
900		2181		1047166		1815		8697
901		2147		1048264		1803		8712
902		2161		1049345		1805		8724
903		2171		1050414		1801		8737
904		2189		1051526		1806		8751
905		2166		1052629		1793		8764
906		2182		1053739		1786		8777
907		2148		1054848		1815		8786
908		2161		1055972		1821		8794
909		2161		1057098		1818		8805
910		2180		1058194		1826		8815
911		2162		1059268		1819		8824
912		2189		1060346		1790		8832
913		2192		1061468		1795		8842
914		2185		1062597		1819		8851
915		2169		1063729		1833		8861
916		2181		1064811		1830		8871
917		2121		1065874		1838		8880
918		2163		1066944		1826		8888
919		2149		1067996		1834		8900
920		2163		1069073		1829		8909
921		2143		1070137		1852		8917
922		2148		1071154		1851		8928
923		2131		1072242		1840		8936
924		2146		1073316		1837		8944
925		2162		1074345		1829		8951
926		2132		1075415		1828		8961
927		2138		1076457		1829		8969
928		2147		1077529		1832		8978
929		2170		1078581		1823		8987
930		2128		1079627		1825		8998
931		2148		1080661		1832		9012
932		2120		1081721		1821		9021
933		2160		1082721		1828		9031
934		2128		1083803		1825		9041
935		2132		1084818		1793		9052
936		2096		1085824		1825		9065
937		2097		1086867		1817		9075
938		2081		1087901		1830		9089
939		2060		1088930		1829		9101
940		2064		1089921		1808		9112
941		2033		1090912		1827		9122
942		2072		1091909		1837		9132
943		2079		1092926		1822		9141
944		2075		1093895		1827		9150
945		2095		1094895		1806		9157
946		2105		1095913		1827		9164
947		2104		1096942		1824		9173
948		2076		1097964		1820		9183
949		2075		1098970		1828		9191
950		2080		1099956		1829		9202
951		2086		1100967		1848		9213
952		2035		1101946		1815		9223
953		2022		1102946		1827		9234
954		2068		1103924		1831		9244
955		2089		1104944		1824		9253
956		2037		1105979		1814		9262
957		2020		1106983		1821		9271
958		2038		1107968		1822		9280
959		2003		1108919		1845		9288
960		2035		1109874		1833		9296
961		2060		1110860		1827		9308
962		2075		1111864		1813		9316
963		2059		1112841		1805		9324
964		2095		1113863		1823		9332
965		2076		1114873		1844		9340
966		2112		1115899		1851		9347
967		2069		1116919		1839		9355
968		2081		1117890		1824		9363
969		2114		1118878		1816		9371
970		2084		1119902		1818		9378
971		2110		1120907		1803		9385
972		2130		1121903		1816		9394
973		2064		1122877		1818		9402
974		2080		1123863		1829		9410
975		2074		1124873		1828		9418
976		2064		1125868		1830		9427
977		2067		1126882		1839		9435
978		2054		1127879		1828		9443
979		2061		1128869		1824		9453
980		2058		1129865		1810		9462
981		2077		1130838		1812		9471
982		2080		1131831		1807		9480
983		2063		1132817		1812		9489
984		2116		1133840		1830		9497
985		2113		1134874		1813		9506
986		2087		1135899		1824		9518
987		2107		1136919		1831		9526
988		2109		1137973		1824		9534
989		2099		1139037		1812		9542
990		2090		1140068		1817		9555
991		2087		1141089		1830		9563
992		2046		1142087		1831		9571
993		2066		1143090		1826		9580
994		2076		1144087		1819		9589
995		2071		1145094		1815		9597
996		2100		1146154		1828		9604
997		2057		1147158		1820		9613
998		2057		1148153		1815		9620
999		2055		1149101		1820		9628
