# Migration is number of nodes that have changed color.

Round		Edge-Cut		Swaps		Migrations		Skipped
0		5506		2392		2047
1		5456		4746		1691
2		4503		7033		1764
3		3915		9208		1777
4		3874		11281		1797
5		3845		13334		1787
6		3728		15385		1764
7		3608		17396		1831
8		3585		19367		1835
9		3588		21362		1773
10		3467		23272		1761
11		3394		25145		1786
12		3318		26993		1767
13		3263		28785		1793
14		3232		30584		1759
15		3197		32362		1802
16		3214		34063		1780
17		3102		35789		1770
18		3138		37507		1779
19		3058		39223		1807
20		3024		40861		1805
21		3046		42510		1799
22		3055		44122		1812
23		3023		45752		1805
24		3020		47367		1820
25		3007		49000		1806
26		2943		50589		1841
27		2890		52118		1813
28		2915		53648		1795
29		2909		55191		1816
30		2988		56762		1807
31		2898		58313		1796
32		2923		59832		1785
33		2991		61381		1793
34		2922		62925		1795
35		2911		64459		1806
36		2873		65978		1798
37		2862		67471		1795
38		2876		69011		1812
39		2832		70519		1790
40		2851		72000		1823
41		2842		73497		1808
42		2841		74991		1793
43		2814		76517		1814
44		2848		77974		1783
45		2799		79451		1786
46		2857		80926		1787
47		2844		82409		1782
48		2827		83908		1774
49		2827		85376		1788
50		2739		86821		1789
51		2784		88238		1809
52		2762		89664		1813
53		2775		91117		1811
54		2755		92563		1797
55		2735		93994		1776
56		2724		95439		1753
57		2732		96856		1794
58		2760		98314		1777
59		2710		99766		1764
60		2727		101187		1808
61		2684		102646		1807
62		2605		104067		1802
63		2595		105452		1806
64		2538		106818		1789
65		2478		108173		1784
66		2516		109524		1818
67		2484		110882		1805
68		2509		112252		1801
69		2527		113613		1822
70		2548		114979		1809
71		2489		116364		1796
72		2436		117695		1798
73		2456		119008		1795
74		2424		120327		1792
75		2439		121630		1790
76		2359		122890		1800
77		2346		124182		1793
78		2370		125457		1798
79		2380		126688		1791
80		2355		127932		1791
81		2351		129177		1800
82		2317		130404		1802
83		2332		131638		1793
84		2295		132840		1805
85		2319		134039		1797
86		2324		135262		1813
87		2312		136474		1829
88		2316		137674		1815
89		2305		138890		1837
90		2305		140110		1796
91		2331		141303		1803
92		2352		142505		1817
93		2304		143740		1814
94		2320		144936		1824
95		2282		146160		1808
96		2281		147347		1796
97		2255		148490		1805
98		2240		149662		1808
99		2245		150815		1815
100		2234		151982		1825
101		2279		153112		1837
102		2301		154299		1807
103		2282		155474		1821
104		2259		156635		1809
105		2262		157807		1789
106		2277		158969		1791
107		2342		160163		1803
108		2320		161375		1808
109		2331		162573		1813
110		2355		163808		1821
111		2394		165046		1797
112		2329		166290		1801
113		2312		167529		1826
114		2335		168722		1802
115		2284		169926		1815
116		2264		171096		1819
117		2313		172283		1819
118		2306		173476		1798
119		2289		174620		1791
120		2356		175781		1825
121		2279		176968		1805
122		2298		178161		1806
123		2316		179356		1803
124		2284		180534		1805
125		2265		181655		1820
126		2220		182775		1832
127		2212		183874		1835
128		2206		184982		1837
129		2200		186085		1831
130		2225		187208		1846
131		2213		188337		1797
132		2201		189464		1818
133		2210		190565		1782
134		2225		191686		1801
135		2216		192815		1802
136		2220		193944		1803
137		2213		195049		1801
138		2204		196151		1808
139		2211		197259		1823
140		2244		198372		1792
141		2221		199518		1801
142		2262		200670		1801
143		2235		201798		1783
144		2215		202926		1792
145		2219		204034		1799
146		2218		205121		1793
147		2201		206239		1780
148		2167		207343		1787
149		2153		208443		1794
150		2167		209532		1810
151		2180		210593		1818
152		2163		211628		1806
153		2163		212682		1805
154		2192		213763		1804
155		2194		214848		1818
156		2194		215920		1814
157		2190		217004		1814
158		2144		218092		1818
159		2205		219179		1820
160		2198		220262		1816
161		2180		221333		1816
162		2195		222395		1823
163		2194		223441		1801
164		2155		224505		1801
165		2182		225558		1799
166		2160		226644		1822
167		2182		227699		1791
168		2149		228757		1795
169		2117		229801		1836
170		2180		230837		1821
171		2173		231875		1794
172		2145		232963		1816
173		2170		234004		1829
174		2202		235067		1823
175		2184		236135		1811
176		2147		237173		1817
177		2154		238217		1819
178		2143		239284		1803
179		2167		240363		1795
180		2148		241429		1790
181		2163		242456		1805
182		2133		243503		1783
183		2168		244577		1807
184		2114		245593		1802
185		2123		246612		1797
186		2096		247610		1814
187		2140		248637		1814
188		2130		249662		1811
189		2128		250701		1808
190		2107		251749		1832
191		2141		252786		1810
192		2157		253834		1787
193		2167		254894		1806
194		2129		255953		1813
195		2133		256988		1805
196		2119		257994		1799
197		2119		259015		1804
198		2179		260067		1794
199		2187		261116		1802
200		2202		262169		1795
201		2194		263277		1796
202		2179		264360		1793
203		2157		265454		1796
204		2175		266522		1790
205		2187		267581		1818
206		2211		268717		1796
207		2192		269809		1815
208		2183		270890		1793
209		2170		271968		1797
210		2182		273032		1807
211		2183		274095		1809
212		2162		275200		1809
213		2187		276285		1808
214		2199		277368		1834
215		2220		278442		1829
216		2235		279553		1849
217		2228		280653		1830
218		2220		281773		1808
219		2167		282827		1802
220		2155		283896		1813
221		2162		284971		1802
222		2149		286029		1794
223		2148		287072		1787
224		2133		288118		1795
225		2143		289150		1796
226		2151		290207		1786
227		2167		291257		1770
228		2169		292270		1800
229		2110		293328		1797
230		2138		294364		1795
231		2140		295397		1816
232		2157		296460		1805
233		2142		297516		1808
234		2153		298565		1817
235		2168		299617		1791
236		2178		300687		1793
237		2181		301752		1787
238		2216		302815		1792
239		2191		303872		1811
240		2208		304933		1816
241		2221		306003		1824
242		2209		307074		1807
243		2177		308133		1814
244		2159		309194		1810
245		2169		310261		1828
246		2166		311327		1807
247		2159		312377		1820
248		2150		313427		1821
249		2104		314466		1813
250		2122		315471		1811
251		2115		316492		1799
252		2109		317510		1819
253		2159		318494		1798
254		2163		319529		1783
255		2162		320595		1783
256		2150		321651		1805
257		2160		322711		1815
258		2195		323790		1788
259		2156		324869		1804
260		2160		325904		1808
261		2156		326999		1809
262		2173		328077		1820
263		2129		329122		1818
264		2123		330166		1825
265		2137		331210		1838
266		2106		332261		1845
267		2114		333326		1842
268		2110		334345		1830
269		2125		335401		1826
270		2131		336431		1841
271		2131		337463		1829
272		2139		338492		1831
273		2129		339500		1834
274		2136		340506		1819
275		2100		341507		1802
276		2075		342489		1821
277		2082		343476		1845
278		2095		344491		1824
279		2131		345477		1819
280		2109		346435		1806
281		2105		347421		1818
282		2133		348447		1822
283		2124		349463		1835
284		2107		350467		1819
285		2119		351474		1834
286		2132		352532		1822
287		2153		353581		1826
288		2138		354666		1809
289		2144		355705		1813
290		2154		356780		1814
291		2184		357858		1815
292		2207		358936		1820
293		2193		360026		1832
294		2231		361123		1826
295		2228		362231		1803
296		2207		363331		1808
297		2214		364400		1796
298		2191		365511		1802
299		2176		366583		1822
300		2178		367678		1819
301		2198		368751		1819
302		2213		369848		1818
303		2221		370961		1806
304		2202		372030		1818
305		2221		373118		1790
306		2230		374220		1790
307		2222		375274		1782
308		2197		376345		1810
309		2203		377443		1823
310		2226		378576		1808
311		2200		379676		1824
312		2197		380809		1805
313		2209		381902		1796
314		2223		383045		1813
315		2206		384169		1846
316		2197		385291		1827
317		2198		386396		1827
318		2240		387504		1828
319		2207		388613		1828
320		2232		389707		1813
321		2190		390800		1822
322		2202		391914		1841
323		2196		393060		1837
324		2234		394173		1832
325		2204		395283		1818
326		2178		396381		1836
327		2189		397458		1823
328		2214		398532		1811
329		2224		399628		1827
330		2194		400774		1834
331		2184		401864		1818
332		2187		402949		1818
333		2191		404015		1817
334		2184		405091		1821
335		2179		406170		1809
336		2179		407234		1816
337		2174		408306		1827
338		2193		409371		1815
339		2175		410452		1819
340		2176		411545		1831
341		2220		412629		1815
342		2190		413733		1820
343		2226		414830		1837
344		2209		415944		1853
345		2202		417074		1804
346		2199		418192		1814
347		2203		419291		1824
348		2198		420372		1825
349		2208		421492		1816
350		2223		422584		1824
351		2180		423673		1824
352		2197		424770		1811
353		2196		425875		1794
354		2207		426932		1788
355		2217		428010		1798
356		2188		429107		1807
357		2165		430183		1826
358		2164		431250		1806
359		2165		432316		1827
360		2190		433381		1831
361		2234		434489		1817
362		2200		435608		1809
363		2182		436657		1806
364		2167		437717		1802
365		2183		438795		1812
366		2175		439880		1821
367		2190		440949		1821
368		2140		442040		1818
369		2153		443085		1823
370		2144		444132		1817
371		2162		445204		1852
372		2155		446272		1827
373		2202		447351		1825
374		2207		448466		1806
375		2180		449557		1827
376		2178		450650		1812
377		2188		451682		1821
378		2199		452751		1797
379		2208		453809		1806
380		2170		454884		1792
381		2175		455966		1787
382		2170		457040		1796
383		2185		458089		1802
384		2161		459169		1818
385		2170		460255		1799
386		2210		461357		1817
387		2200		462464		1798
388		2202		463585		1801
389		2203		464694		1818
390		2214		465827		1809
391		2207		466950		1820
392		2190		468079		1833
393		2203		469202		1821
394		2214		470312		1817
395		2217		471440		1826
396		2179		472553		1822
397		2160		473641		1815
398		2193		474724		1807
399		2160		475820		1822
400		2187		476905		1827
401		2166		477966		1818
402		2182		479061		1815
403		2182		480156		1817
404		2184		481251		1818
405		2171		482317		1835
406		2178		483416		1815
407		2134		484501		1821
408		2142		485550		1827
409		2145		486626		1818
410		2121		487657		1803
411		2108		488693		1813
412		2120		489750		1827
413		2096		490775		1827
414		2107		491797		1815
415		2128		492849		1796
416		2112		493878		1801
417		2126		494907		1812
418		2096		495946		1830
419		2110		496988		1820
420		2102		497993		1813
421		2107		499002		1833
422		2110		499977		1827
423		2135		500998		1821
424		2143		502053		1794
425		2121		503066		1808
426		2123		504085		1822
427		2123		505079		1800
428		2105		506136		1809
429		2081		507159		1819
430		2096		508135		1813
431		2125		509167		1831
432		2149		510208		1835
433		2150		511259		1846
434		2128		512273		1840
435		2126		513341		1825
436		2147		514371		1834
437		2152		515429		1852
438		2147		516473		1824
439		2151		517535		1816
440		2205		518652		1817
441		2127		519747		1828
442		2121		520755		1835
443		2157		521809		1834
444		2112		522903		1838
445		2180		523957		1805
446		2169		524993		1798
447		2180		526054		1810
448		2170		527090		1807
449		2161		528152		1810
450		2168		529183		1818
451		2138		530240		1829
452		2184		531274		1836
453		2174		532370		1836
454		2191		533456		1829
455		2169		534529		1817
456		2191		535653		1803
457		2204		536758		1830
458		2201		537840		1830
459		2214		538952		1822
460		2211		540043		1811
461		2143		541098		1820
462		2195		542149		1806
463		2150		543188		1816
464		2183		544236		1822
465		2202		545303		1789
466		2225		546408		1805
467		2178		547492		1839
468		2182		548521		1829
469		2132		549550		1822
470		2106		550568		1812
471		2117		551583		1799
472		2092		552577		1831
473		2072		553548		1817
474		2072		554549		1808
475		2067		555545		1816
476		2080		556520		1813
477		2111		557547		1836
478		2126		558569		1837
479		2116		559573		1854
480		2098		560591		1844
481		2123		561580		1844
482		2144		562623		1812
483		2138		563628		1827
484		2112		564639		1822
485		2118		565659		1823
486		2094		566689		1805
487		2164		567727		1829
488		2103		568774		1824
489		2161		569804		1845
490		2135		570859		1837
491		2125		571878		1821
492		2119		572884		1833
493		2133		573901		1815
494		2120		574924		1809
495		2086		575946		1805
496		2119		576964		1822
497		2130		578009		1803
498		2130		579039		1840
499		2126		580063		1835
500		2121		581086		1820
501		2121		582111		1795
502		2120		583131		1820
503		2116		584186		1828
504		2116		585230		1802
505		2149		586273		1811
506		2145		587338		1821
507		2157		588375		1842
508		2153		589430		1836
509		2160		590493		1825
510		2146		591536		1822
511		2133		592598		1813
512		2127		593666		1814
513		2147		594683		1813
514		2155		595757		1812
515		2124		596788		1824
516		2141		597847		1839
517		2153		598909		1830
518		2151		599957		1812
519		2159		601040		1809
520		2181		602126		1819
521		2191		603226		1824
522		2163		604311		1812
523		2166		605412		1816
524		2163		606495		1828
525		2163		607579		1823
526		2185		608664		1794
527		2152		609741		1819
528		2175		610784		1828
529		2140		611857		1814
530		2179		612925		1797
531		2176		614008		1811
532		2173		615113		1812
533		2150		616182		1812
534		2155		617280		1809
535		2188		618362		1814
536		2215		619470		1811
537		2207		620601		1824
538		2199		621695		1822
539		2211		622805		1810
540		2186		623883		1818
541		2198		624975		1804
542		2212		626088		1809
543		2231		627195		1808
544		2193		628296		1807
545		2177		629406		1833
546		2170		630513		1836
547		2141		631584		1809
548		2166		632646		1805
549		2157		633704		1826
550		2144		634763		1809
551		2148		635824		1831
552		2135		636870		1819
553		2141		637925		1826
554		2119		638970		1821
555		2122		640014		1816
556		2139		641051		1823
557		2115		642063		1832
558		2127		643097		1844
559		2127		644152		1834
560		2111		645205		1843
561		2100		646220		1825
562		2159		647259		1817
563		2101		648315		1815
564		2144		649361		1818
565		2167		650427		1835
566		2128		651534		1808
567		2135		652581		1811
568		2116		653641		1845
569		2148		654653		1832
570		2150		655715		1828
571		2120		656776		1830
572		2149		657840		1833
573		2129		658867		1818
574		2130		659935		1821
575		2128		660970		1807
576		2097		661964		1831
577		2103		662983		1831
578		2124		663987		1820
579		2137		665001		1829
580		2107		666019		1816
581		2088		666977		1831
582		2105		667937		1814
583		2090		668912		1798
584		2082		669886		1813
585		2079		670871		1823
586		2111		671874		1829
587		2113		672884		1814
588		2094		673889		1816
589		2114		674897		1837
590		2115		675916		1820
591		2096		676954		1816
592		2141		677995		1837
593		2138		679020		1810
594		2154		680057		1834
595		2187		681124		1829
596		2181		682205		1811
597		2180		683248		1810
598		2175		684315		1822
599		2193		685390		1835
600		2171		686484		1811
601		2163		687559		1830
602		2167		688647		1832
603		2154		689712		1838
604		2149		690780		1846
605		2194		691821		1823
606		2225		692879		1830
607		2208		693980		1837
608		2181		695091		1833
609		2143		696153		1845
610		2152		697196		1834
611		2170		698258		1809
612		2151		699332		1800
613		2143		700372		1790
614		2157		701483		1812
615		2187		702539		1828
616		2167		703624		1819
617		2152		704688		1827
618		2135		705732		1833
619		2129		706774		1835
620		2110		707815		1822
621		2124		708886		1820
622		2126		709931		1825
623		2097		710990		1823
624		2108		712007		1843
625		2129		713062		1840
626		2161		714136		1840
627		2128		715215		1838
628		2132		716295		1829
629		2130		717365		1845
630		2132		718424		1836
631		2113		719480		1846
632		2087		720527		1849
633		2143		721550		1836
634		2107		722566		1822
635		2115		723591		1821
636		2095		724622		1830
637		2078		725662		1820
638		2113		726689		1818
639		2110		727705		1822
640		2088		728727		1842
641		2076		729736		1834
642		2083		730776		1823
643		2124		731835		1830
644		2093		732903		1815
645		2074		733940		1811
646		2093		734977		1816
647		2122		736010		1844
648		2120		737039		1843
649		2130		738104		1847
650		2140		739168		1841
651		2115		740220		1809
652		2112		741289		1820
653		2098		742330		1804
654		2116		743358		1818
655		2115		744395		1823
656		2094		745411		1833
657		2083		746422		1803
658		2113		747430		1814
659		2118		748452		1830
660		2084		749480		1825
661		2081		750520		1814
662		2085		751513		1826
663		2144		752541		1825
664		2132		753607		1826
665		2153		754630		1834
666		2146		755706		1840
667		2164		756782		1841
668		2155		757851		1846
669		2143		758934		1825
670		2139		760010		1826
671		2136		761084		1826
672		2138		762104		1835
673		2155		763187		1828
674		2144		764263		1816
675		2153		765350		1839
676		2155		766408		1840
677		2198		767514		1829
678		2133		768598		1846
679		2111		769664		1823
680		2156		770717		1827
681		2141		771782		1842
682		2176		772853		1819
683		2151		773920		1835
684		2168		775015		1819
685		2163		776094		1819
686		2150		777187		1796
687		2148		778261		1785
688		2126		779312		1824
689		2153		780411		1810
690		2137		781470		1810
691		2164		782546		1805
692		2139		783660		1822
693		2205		784757		1827
694		2157		785824		1822
695		2168		786888		1816
696		2184		787994		1813
697		2156		789070		1804
698		2156		790151		1794
699		2185		791204		1805
700		2163		792251		1790
701		2149		793347		1804
702		2132		794398		1806
703		2140		795432		1816
704		2136		796511		1813
705		2144		797560		1804
706		2170		798600		1818
707		2144		799686		1807
708		2174		800759		1812
709		2130		801769		1791
710		2140		802768		1810
711		2129		803840		1810
712		2141		804855		1837
713		2146		805874		1814
714		2119		806920		1812
715		2086		807940		1820
716		2137		808965		1813
717		2098		809992		1812
718		2111		811055		1806
719		2136		812094		1820
720		2147		813136		1825
721		2179		814164		1812
722		2158		815230		1824
723		2160		816316		1814
724		2177		817406		1812
725		2168		818462		1801
726		2155		819539		1805
727		2231		820625		1801
728		2170		821711		1816
729		2149		822779		1831
730		2182		823876		1808
731		2154		824958		1805
732		2182		826036		1804
733		2165		827106		1804
734		2177		828181		1828
735		2194		829266		1816
736		2183		830363		1813
737		2196		831478		1812
738		2192		832592		1815
739		2181		833685		1809
740		2161		834757		1823
741		2146		835838		1836
742		2156		836916		1840
743		2158		837959		1823
744		2132		839016		1841
745		2120		840102		1832
746		2144		841121		1838
747		2099		842168		1828
748		2115		843196		1856
749		2120		844260		1830
750		2098		845310		1836
751		2111		846363		1822
752		2119		847398		1868
753		2139		848448		1862
754		2134		849495		1848
755		2189		850590		1847
756		2190		851676		1856
757		2143		852756		1850
758		2175		853846		1824
759		2207		854954		1838
760		2212		856033		1843
761		2201		857122		1856
762		2187		858192		1819
763		2186		859283		1815
764		2185		860349		1817
765		2206		861424		1804
766		2183		862561		1799
767		2211		863675		1823
768		2193		864787		1822
769		2169		865905		1835
770		2178		866998		1820
771		2161		868029		1809
772		2188		869077		1806
773		2171		870130		1788
774		2151		871165		1810
775		2124		872213		1799
776		2149		873272		1796
777		2157		874315		1806
778		2184		875364		1831
779		2189		876439		1830
780		2166		877540		1819
781		2140		878594		1810
782		2185		879642		1813
783		2178		880719		1806
784		2190		881805		1798
785		2174		882896		1792
786		2212		883980		1812
787		2188		885097		1806
788		2209		886196		1789
789		2237		887331		1799
790		2194		888445		1801
791		2208		889560		1808
792		2172		890661		1818
793		2136		891785		1849
794		2180		892875		1815
795		2175		893974		1820
796		2167		895047		1818
797		2221		896161		1844
798		2198		897241		1812
799		2171		898324		1821
800		2219		899407		1804
801		2216		900501		1829
802		2179		901575		1838
803		2196		902666		1858
804		2224		903796		1841
805		2214		904901		1845
806		2172		906020		1846
807		2185		907107		1824
808		2207		908217		1840
809		2185		909310		1842
810		2222		910435		1821
811		2240		911549		1820
812		2236		912685		1807
813		2267		913798		1834
814		2289		914959		1822
815		2244		916130		1818
816		2240		917268		1828
817		2202		918372		1830
818		2241		919514		1816
819		2212		920633		1843
820		2225		921749		1811
821		2270		922855		1816
822		2244		923982		1824
823		2249		925130		1826
824		2244		926288		1851
825		2250		927422		1828
826		2206		928566		1812
827		2212		929687		1816
828		2222		930839		1821
829		2220		931948		1805
830		2185		933035		1820
831		2249		934184		1845
832		2242		935330		1814
833		2240		936492		1810
834		2246		937624		1813
835		2233		938717		1785
836		2239		939864		1793
837		2246		941044		1801
838		2252		942177		1821
839		2245		943301		1789
840		2227		944460		1798
841		2254		945593		1822
842		2200		946733		1814
843		2196		947823		1814
844		2194		948969		1800
845		2247		950075		1819
846		2195		951192		1820
847		2172		952284		1810
848		2213		953355		1826
849		2200		954433		1817
850		2221		955516		1808
851		2228		956641		1838
852		2218		957751		1828
853		2179		958858		1820
854		2186		959936		1828
855		2227		961037		1836
856		2219		962106		1823
857		2193		963177		1834
858		2221		964270		1826
859		2203		965368		1832
860		2190		966479		1795
861		2185		967536		1801
862		2188		968620		1792
863		2215		969733		1808
864		2203		970851		1806
865		2206		971933		1825
866		2195		973007		1818
867		2187		974144		1808
868		2150		975194		1832
869		2173		976249		1797
870		2178		977353		1798
871		2150		978409		1816
872		2149		979462		1811
873		2118		980478		1838
874		2100		981513		1807
875		2134		982519		1832
876		2102		983547		1830
877		2108		984566		1816
878		2077		985564		1830
879		2114		986612		1812
880		2101		987642		1839
881		2092		988616		1814
882		2126		989643		1804
883		2109		990655		1806
884		2106		991680		1818
885		2133		992730		1828
886		2132		993801		1825
887		2100		994848		1838
888		2119		995875		1833
889		2132		996917		1831
890		2131		997969		1838
891		2143		999004		1848
892		2168		1000057		1829
893		2168		1001108		1838
894		2139		1002138		1814
895		2174		1003184		1822
896		2149		1004268		1822
897		2154		1005291		1846
898		2141		1006310		1829
899		2105		1007357		1827
900		2120		1008347		1821
901		2092		1009330		1833
902		2095		1010346		1833
903		2139		1011383		1816
904		2134		1012398		1813
905		2124		1013425		1820
906		2138		1014472		1813
907		2133		1015488		1832
908		2152		1016523		1831
909		2154		1017552		1818
910		2177		1018638		1830
911		2171		1019720		1823
912		2231		1020795		1824
913		2206		1021938		1823
914		2200		1023043		1834
915		2207		1024163		1834
916		2199		1025257		1844
917		2173		1026329		1835
918		2175		1027418		1823
919		2175		1028469		1807
920		2175		1029528		1780
921		2179		1030566		1823
922		2173		1031641		1816
923		2164		1032694		1806
924		2182		1033787		1809
925		2193		1034841		1794
926		2166		1035930		1828
927		2163		1036980		1814
928		2160		1038041		1845
929		2155		1039118		1837
930		2140		1040196		1842
931		2127		1041226		1848
932		2115		1042270		1838
933		2111		1043301		1829
934		2096		1044358		1823
935		2110		1045382		1822
936		2102		1046422		1812
937		2116		1047473		1825
938		2124		1048502		1835
939		2118		1049548		1812
940		2143		1050587		1817
941		2114		1051628		1827
942		2086		1052656		1812
943		2097		1053674		1794
944		2098		1054717		1823
945		2107		1055722		1822
946		2093		1056737		1841
947		2067		1057729		1844
948		2081		1058740		1837
949		2098		1059770		1850
950		2108		1060819		1813
951		2083		1061847		1840
952		2142		1062919		1842
953		2131		1063963		1831
954		2143		1065023		1843
955		2118		1066051		1830
956		2090		1067081		1845
957		2141		1068143		1843
958		2118		1069179		1848
959		2096		1070209		1826
960		2100		1071238		1822
961		2105		1072278		1822
962		2074		1073285		1838
963		2092		1074290		1823
964		2062		1075261		1813
965		2051		1076197		1835
966		2044		1077140		1835
967		2042		1078092		1832
968		2018		1079042		1811
969		2008		1079965		1834
970		2000		1080890		1827
971		1991		1081839		1814
972		1991		1082767		1817
973		1997		1083678		1810
974		1997		1084603		1820
975		2011		1085522		1837
976		2001		1086416		1842
977		1965		1087317		1821
978		1982		1088213		1828
979		1971		1089107		1816
980		1988		1089994		1797
981		1981		1090847		1812
982		1982		1091732		1821
983		1978		1092628		1822
984		1994		1093518		1812
985		2016		1094446		1812
986		1997		1095371		1842
987		2029		1096296		1838
988		2005		1097220		1818
989		2000		1098117		1820
990		2024		1099018		1816
991		2024		1099924		1804
992		2026		1100809		1817
993		2007		1101746		1807
994		2022		1102649		1835
995		2019		1103595		1824
996		1982		1104505		1819
997		2016		1105444		1853
998		2006		1106346		1829
999		1984		1107242		1831
