# Migration is number of nodes that have changed color.

Round		Edge-Cut		Swaps		Migrations		Skipped
0		5559		2387		1922
1		5314		4761		1636
2		5231		7128		1715
3		5071		9493		1696
4		4515		11845		1720
5		4011		14114		1709
6		3927		16345		1706
7		3892		18558		1697
8		3876		20775		1752
9		3931		22992		1727
10		3891		25202		1723
11		3879		27410		1717
12		3796		29612		1782
13		3811		31806		1768
14		3817		34007		1761
15		3829		36202		1770
16		3771		38382		1793
17		3838		40571		1744
18		3847		42782		1742
19		3798		44978		1757
20		3816		47166		1791
21		3850		49347		1774
22		3830		51534		1735
23		3756		53704		1735
24		3750		55863		1719
25		3723		58045		1748
26		3736		60203		1762
27		3690		62372		1732
28		3755		64539		1770
29		3731		66702		1760
30		3774		68862		1792
31		3744		71025		1755
32		3777		73199		1773
33		3739		75382		1744
34		3733		77552		1788
35		3715		79719		1763
36		3720		81872		1788
37		3674		84017		1767
38		3670		86155		1774
39		3651		88296		1748
40		3622		90421		1743
41		3660		92549		1760
42		3623		94675		1757
43		3636		96793		1787
44		3616		98905		1786
45		3604		101014		1783
46		3620		103129		1796
47		3591		105243		1769
48		3615		107362		1802
49		3563		109485		1762
50		3520		111552		1772
51		3468		113631		1758
52		3438		115692		1754
53		3389		117720		1763
54		3360		119727		1760
55		3363		121713		1755
56		3312		123691		1750
57		3322		125665		1734
58		3345		127635		1724
59		3342		129622		1766
60		3316		131599		1772
61		3326		133572		1761
62		3320		135526		1769
63		3303		137480		1778
64		3281		139448		1795
65		3230		141377		1790
66		3239		143297		1746
67		3208		145216		1783
68		3236		147144		1786
69		3216		149036		1803
70		3212		150955		1789
71		3195		152834		1789
72		3228		154715		1785
73		3208		156593		1809
74		3182		158445		1794
75		3174		160312		1818
76		3130		162160		1799
77		3135		164013		1839
78		3108		165846		1829
79		3118		167676		1813
80		3105		169504		1802
81		3076		171304		1799
82		3070		173090		1779
83		3035		174849		1785
84		3030		176622		1791
85		3006		178375		1787
86		2972		180090		1808
87		2975		181809		1786
88		2992		183519		1774
89		2977		185211		1758
90		2900		186731		1768
91		2821		188196		1763
92		2766		189574		1760
93		2734		190911		1754
94		2686		192223		1775
95		2660		193492		1764
96		2636		194734		1770
97		2627		195961		1775
98		2614		197178		1772
99		2596		198386		1770
100		2575		199575		1761
101		2557		200746		1762
102		2547		201900		1757
103		2530		203053		1761
104		2511		204176		1755
105		2517		205293		1748
106		2494		206403		1760
107		2485		207489		1757
108		2484		208562		1759
109		2464		209624		1760
110		2454		210669		1757
111		2445		211700		1757
112		2442		212731		1756
113		2426		213756		1750
114		2423		214760		1751
115		2417		215757		1755
116		2410		216744		1761
117		2409		217728		1755
118		2403		218705		1754
119		2400		219686		1754
120		2397		220659		1753
121		2396		221621		1752
122		2394		222582		1756
123		2389		223543		1760
124		2387		224503		1764
125		2382		225459		1761
126		2375		226404		1761
127		2371		227348		1758
128		2375		228298		1764
129		2378		229247		1766
130		2373		230193		1763
131		2371		231138		1764
132		2367		232072		1762
133		2364		233002		1765
134		2366		233935		1767
135		2365		234862		1765
136		2367		235792		1765
137		2364		236716		1764
138		2363		237642		1761
139		2361		238568		1762
140		2361		239488		1757
141		2363		240407		1757
142		2361		241329		1757
143		2356		242247		1760
144		2353		243159		1763
145		2348		244067		1760
146		2344		244969		1765
147		2335		245872		1765
148		2333		246761		1762
149		2333		247644		1762
150		2331		248529		1763
151		2329		249413		1764
152		2326		250293		1765
153		2324		251162		1766
154		2324		252030		1765
155		2323		252898		1765
156		2319		253768		1768
157		2318		254630		1767
158		2315		255489		1767
159		2313		256340		1765
160		2311		257189		1764
161		2313		258038		1762
162		2311		258887		1764
163		2310		259733		1764
164		2308		260578		1766
165		2306		261417		1764
166		2306		262256		1764
167		2304		263095		1762
168		2303		263931		1762
169		2302		264763		1762
170		2300		265592		1763
171		2299		266421		1763
172		2298		267247		1763
173		2298		268077		1762
174		2298		268906		1762
175		2298		269735		1762
176		2298		270564		1762
177		2298		271393		1762
178		2298		272222		1762
179		2298		273051		1762
180		2298		273880		1762
181		2297		274708		1764
182		2297		275535		1764
183		2297		276362		1764
184		2297		277189		1764
185		2297		278016		1764
186		2297		278843		1764
187		2297		279670		1764
188		2297		280497		1764
189		2297		281324		1764
190		2297		282151		1764
191		2297		282978		1764
192		2296		283804		1764
193		2296		284629		1764
194		2296		285454		1764
195		2296		286279		1764
196		2296		287104		1764
197		2296		287929		1764
198		2296		288754		1764
199		2296		289579		1764
200		2296		290404		1764
201		2296		291229		1764
202		2296		292055		1766
203		2296		292880		1766
204		2296		293705		1766
205		2296		294530		1766
206		2298		295358		1766
207		2297		296186		1767
208		2297		297013		1767
209		2298		297841		1767
210		2298		298671		1768
211		2297		299499		1768
212		2294		300328		1767
213		2292		301157		1767
214		2292		301984		1767
215		2292		302811		1767
216		2292		303638		1767
217		2291		304464		1769
218		2291		305291		1769
219		2291		306118		1769
220		2291		306945		1769
221		2291		307772		1769
222		2291		308599		1769
223		2291		309426		1769
224		2291		310253		1769
225		2291		311080		1769
226		2291		311907		1769
227		2291		312734		1769
228		2291		313561		1769
229		2291		314388		1769
230		2291		315215		1769
231		2291		316042		1769
232		2291		316869		1769
233		2291		317696		1769
234		2291		318523		1769
235		2291		319350		1769
236		2291		320177		1769
237		2291		321004		1769
238		2291		321831		1769
239		2291		322658		1769
240		2291		323486		1770
241		2291		324313		1770
242		2291		325140		1770
243		2291		325967		1770
244		2291		326794		1770
245		2291		327621		1770
246		2291		328448		1770
247		2291		329275		1770
248		2291		330102		1770
249		2291		330929		1770
250		2291		331756		1770
251		2291		332583		1770
252		2291		333410		1770
253		2291		334237		1770
254		2291		335064		1770
255		2291		335891		1770
256		2291		336718		1770
257		2291		337545		1770
258		2291		338372		1770
259		2291		339199		1770
260		2291		340026		1770
261		2291		340853		1770
262		2291		341680		1770
263		2291		342507		1770
264		2291		343334		1770
265		2291		344161		1770
266		2291		344988		1770
267		2291		345815		1770
268		2291		346642		1770
269		2291		347469		1770
270		2291		348296		1770
271		2291		349123		1770
272		2291		349950		1770
273		2291		350777		1770
274		2291		351604		1770
275		2291		352431		1770
276		2291		353258		1770
277		2291		354085		1770
278		2291		354912		1770
279		2291		355739		1770
280		2291		356566		1770
281		2291		357393		1770
282		2291		358220		1770
283		2291		359047		1770
284		2291		359874		1770
285		2291		360701		1770
286		2291		361528		1770
287		2291		362355		1770
288		2291		363182		1770
289		2291		364009		1770
290		2291		364836		1770
291		2291		365663		1770
292		2291		366490		1770
293		2291		367317		1770
294		2291		368144		1770
295		2291		368971		1770
296		2291		369798		1770
297		2291		370625		1770
298		2291		371452		1770
299		2291		372279		1770
300		2291		373106		1770
301		2291		373933		1770
302		2291		374760		1770
303		2291		375587		1770
304		2291		376414		1770
305		2291		377241		1770
306		2291		378068		1770
307		2291		378895		1770
308		2291		379722		1770
309		2291		380549		1770
310		2291		381376		1770
311		2291		382203		1770
312		2291		383030		1770
313		2291		383857		1770
314		2291		384684		1770
315		2291		385511		1770
316		2291		386338		1770
317		2291		387165		1770
318		2291		387992		1770
319		2291		388819		1770
320		2291		389646		1770
321		2291		390473		1770
322		2291		391300		1770
323		2291		392127		1770
324		2291		392954		1770
325		2291		393781		1770
326		2291		394608		1770
327		2291		395435		1770
328		2291		396262		1770
329		2291		397089		1770
330		2291		397916		1770
331		2291		398743		1770
332		2291		399570		1770
333		2291		400397		1770
334		2291		401224		1770
335		2291		402051		1770
336		2291		402878		1770
337		2291		403705		1770
338		2291		404532		1770
339		2291		405359		1770
340		2291		406186		1770
341		2291		407013		1770
342		2291		407840		1770
343		2291		408667		1770
344		2291		409494		1770
345		2291		410321		1770
346		2291		411148		1770
347		2291		411975		1770
348		2291		412802		1770
349		2291		413629		1770
350		2291		414456		1770
351		2291		415283		1770
352		2291		416110		1770
353		2291		416937		1770
354		2291		417764		1770
355		2291		418591		1770
356		2291		419418		1770
357		2291		420245		1770
358		2291		421072		1770
359		2291		421899		1770
360		2291		422726		1770
361		2291		423553		1770
362		2291		424380		1770
363		2291		425207		1770
364		2291		426034		1770
365		2291		426861		1770
366		2291		427688		1770
367		2291		428515		1770
368		2291		429342		1770
369		2291		430169		1770
370		2291		430996		1770
371		2291		431823		1770
372		2291		432650		1770
373		2291		433477		1770
374		2291		434304		1770
375		2291		435131		1770
376		2291		435958		1770
377		2291		436785		1770
378		2291		437612		1770
379		2291		438439		1770
380		2291		439266		1770
381		2291		440093		1770
382		2291		440920		1770
383		2291		441747		1770
384		2291		442574		1770
385		2291		443401		1770
386		2291		444228		1770
387		2291		445055		1770
388		2291		445882		1770
389		2291		446709		1770
390		2291		447536		1770
391		2291		448363		1770
392		2291		449190		1770
393		2291		450017		1770
394		2291		450844		1770
395		2291		451671		1770
396		2291		452498		1770
397		2291		453325		1770
398		2291		454152		1770
399		2291		454979		1770
400		2291		455806		1770
401		2291		456633		1770
402		2291		457460		1770
403		2291		458287		1770
404		2291		459114		1770
405		2291		459941		1770
406		2291		460768		1770
407		2291		461595		1770
408		2291		462422		1770
409		2291		463249		1770
410		2291		464076		1770
411		2291		464903		1770
412		2291		465730		1770
413		2291		466557		1770
414		2291		467384		1770
415		2291		468211		1770
416		2291		469038		1770
417		2291		469865		1770
418		2291		470692		1770
419		2291		471519		1770
420		2291		472346		1770
421		2291		473173		1770
422		2291		474000		1770
423		2291		474827		1770
424		2291		475654		1770
425		2291		476481		1770
426		2291		477308		1770
427		2291		478135		1770
428		2291		478962		1770
429		2291		479789		1770
430		2291		480616		1770
431		2291		481443		1770
432		2291		482270		1770
433		2291		483097		1770
434		2291		483924		1770
435		2291		484751		1770
436		2291		485578		1770
437		2291		486405		1770
438		2291		487232		1770
439		2291		488059		1770
440		2291		488886		1770
441		2291		489713		1770
442		2291		490540		1770
443		2291		491367		1770
444		2291		492194		1770
445		2291		493021		1770
446		2291		493848		1770
447		2291		494675		1770
448		2291		495502		1770
449		2291		496329		1770
450		2291		497156		1770
451		2291		497983		1770
452		2291		498810		1770
453		2291		499637		1770
454		2291		500464		1770
455		2291		501291		1770
456		2291		502118		1770
457		2291		502945		1770
458		2291		503772		1770
459		2291		504599		1770
460		2291		505426		1770
461		2291		506253		1770
462		2291		507080		1770
463		2291		507907		1770
464		2291		508734		1770
465		2291		509561		1770
466		2291		510388		1770
467		2291		511215		1770
468		2291		512042		1770
469		2291		512869		1770
470		2291		513696		1770
471		2291		514523		1770
472		2291		515350		1770
473		2291		516177		1770
474		2291		517004		1770
475		2291		517831		1770
476		2291		518658		1770
477		2291		519485		1770
478		2291		520312		1770
479		2291		521139		1770
480		2291		521966		1770
481		2291		522793		1770
482		2291		523620		1770
483		2291		524447		1770
484		2291		525274		1770
485		2291		526101		1770
486		2291		526928		1770
487		2291		527755		1770
488		2291		528582		1770
489		2291		529409		1770
490		2291		530236		1770
491		2291		531063		1770
492		2291		531890		1770
493		2291		532717		1770
494		2291		533544		1770
495		2291		534371		1770
496		2291		535198		1770
497		2291		536025		1770
498		2291		536852		1770
499		2291		537679		1770
500		2291		538506		1770
501		2291		539333		1770
502		2291		540160		1770
503		2291		540987		1770
504		2291		541814		1770
505		2291		542641		1770
506		2291		543468		1770
507		2291		544295		1770
508		2291		545122		1770
509		2291		545949		1770
510		2291		546776		1770
511		2291		547603		1770
512		2291		548430		1770
513		2291		549257		1770
514		2291		550084		1770
515		2291		550911		1770
516		2291		551738		1770
517		2291		552565		1770
518		2291		553392		1770
519		2291		554219		1770
520		2291		555046		1770
521		2291		555873		1770
522		2291		556700		1770
523		2291		557527		1770
524		2291		558354		1770
525		2291		559181		1770
526		2291		560008		1770
527		2291		560835		1770
528		2291		561662		1770
529		2291		562489		1770
530		2291		563316		1770
531		2291		564143		1770
532		2291		564970		1770
533		2291		565797		1770
534		2291		566624		1770
535		2291		567451		1770
536		2291		568278		1770
537		2291		569105		1770
538		2291		569932		1770
539		2291		570759		1770
540		2291		571586		1770
541		2291		572413		1770
542		2291		573240		1770
543		2291		574067		1770
544		2291		574894		1770
545		2291		575721		1770
546		2291		576548		1770
547		2291		577375		1770
548		2291		578202		1770
549		2291		579029		1770
550		2291		579856		1770
551		2291		580683		1770
552		2291		581510		1770
553		2291		582337		1770
554		2291		583164		1770
555		2291		583991		1770
556		2291		584818		1770
557		2291		585645		1770
558		2291		586472		1770
559		2291		587299		1770
560		2291		588126		1770
561		2291		588953		1770
562		2291		589780		1770
563		2291		590607		1770
564		2291		591434		1770
565		2291		592261		1770
566		2291		593088		1770
567		2291		593915		1770
568		2291		594742		1770
569		2291		595569		1770
570		2291		596396		1770
571		2291		597223		1770
572		2291		598050		1770
573		2291		598877		1770
574		2291		599704		1770
575		2291		600531		1770
576		2291		601358		1770
577		2291		602185		1770
578		2291		603012		1770
579		2291		603839		1770
580		2291		604666		1770
581		2291		605493		1770
582		2291		606320		1770
583		2291		607147		1770
584		2291		607974		1770
585		2291		608801		1770
586		2291		609628		1770
587		2291		610455		1770
588		2291		611282		1770
589		2291		612109		1770
590		2291		612936		1770
591		2291		613763		1770
592		2291		614590		1770
593		2291		615417		1770
594		2291		616244		1770
595		2291		617071		1770
596		2291		617898		1770
597		2291		618725		1770
598		2291		619552		1770
599		2291		620379		1770
600		2291		621206		1770
601		2291		622033		1770
602		2291		622860		1770
603		2291		623687		1770
604		2291		624514		1770
605		2291		625341		1770
606		2291		626168		1770
607		2291		626995		1770
608		2291		627822		1770
609		2291		628649		1770
610		2291		629476		1770
611		2291		630303		1770
612		2291		631130		1770
613		2291		631957		1770
614		2291		632784		1770
615		2291		633611		1770
616		2291		634438		1770
617		2291		635265		1770
618		2291		636092		1770
619		2291		636919		1770
620		2291		637746		1770
621		2291		638573		1770
622		2291		639400		1770
623		2291		640227		1770
624		2291		641054		1770
625		2291		641881		1770
626		2291		642708		1770
627		2291		643535		1770
628		2291		644362		1770
629		2291		645189		1770
630		2291		646016		1770
631		2291		646843		1770
632		2291		647670		1770
633		2291		648497		1770
634		2291		649324		1770
635		2291		650151		1770
636		2291		650978		1770
637		2291		651805		1770
638		2291		652632		1770
639		2291		653459		1770
640		2291		654286		1770
641		2291		655113		1770
642		2291		655940		1770
643		2291		656767		1770
644		2291		657594		1770
645		2291		658421		1770
646		2291		659248		1770
647		2291		660075		1770
648		2291		660902		1770
649		2291		661729		1770
650		2291		662556		1770
651		2291		663383		1770
652		2291		664210		1770
653		2291		665037		1770
654		2291		665864		1770
655		2291		666691		1770
656		2291		667518		1770
657		2291		668345		1770
658		2291		669172		1770
659		2291		669999		1770
660		2291		670826		1770
661		2291		671653		1770
662		2291		672480		1770
663		2291		673307		1770
664		2291		674134		1770
665		2291		674961		1770
666		2291		675788		1770
667		2291		676615		1770
668		2291		677442		1770
669		2291		678269		1770
670		2291		679096		1770
671		2291		679923		1770
672		2291		680750		1770
673		2291		681577		1770
674		2291		682404		1770
675		2291		683231		1770
676		2291		684058		1770
677		2291		684885		1770
678		2291		685712		1770
679		2291		686539		1770
680		2291		687366		1770
681		2291		688193		1770
682		2291		689020		1770
683		2291		689847		1770
684		2291		690674		1770
685		2291		691501		1770
686		2291		692328		1770
687		2291		693155		1770
688		2291		693982		1770
689		2291		694809		1770
690		2291		695636		1770
691		2291		696463		1770
692		2291		697290		1770
693		2291		698117		1770
694		2291		698944		1770
695		2291		699771		1770
696		2291		700598		1770
697		2291		701425		1770
698		2291		702252		1770
699		2291		703079		1770
700		2291		703906		1770
701		2291		704733		1770
702		2291		705560		1770
703		2291		706387		1770
704		2291		707214		1770
705		2291		708041		1770
706		2291		708868		1770
707		2291		709695		1770
708		2291		710522		1770
709		2291		711349		1770
710		2291		712176		1770
711		2291		713003		1770
712		2291		713830		1770
713		2291		714657		1770
714		2291		715484		1770
715		2291		716311		1770
716		2291		717138		1770
717		2291		717965		1770
718		2291		718792		1770
719		2291		719619		1770
720		2291		720446		1770
721		2291		721273		1770
722		2291		722100		1770
723		2291		722927		1770
724		2291		723754		1770
725		2291		724581		1770
726		2291		725408		1770
727		2291		726235		1770
728		2291		727062		1770
729		2291		727889		1770
730		2291		728716		1770
731		2291		729543		1770
732		2291		730370		1770
733		2291		731197		1770
734		2291		732024		1770
735		2291		732851		1770
736		2291		733678		1770
737		2291		734505		1770
738		2291		735332		1770
739		2291		736159		1770
740		2291		736986		1770
741		2291		737813		1770
742		2291		738640		1770
743		2291		739467		1770
744		2291		740294		1770
745		2291		741121		1770
746		2291		741948		1770
747		2291		742775		1770
748		2291		743602		1770
749		2291		744429		1770
750		2291		745256		1770
751		2291		746083		1770
752		2291		746910		1770
753		2291		747737		1770
754		2291		748564		1770
755		2291		749391		1770
756		2291		750218		1770
757		2291		751045		1770
758		2291		751872		1770
759		2291		752699		1770
760		2291		753526		1770
761		2291		754353		1770
762		2291		755180		1770
763		2291		756007		1770
764		2291		756834		1770
765		2291		757661		1770
766		2291		758488		1770
767		2291		759315		1770
768		2291		760142		1770
769		2291		760969		1770
770		2291		761796		1770
771		2291		762623		1770
772		2291		763450		1770
773		2291		764277		1770
774		2291		765104		1770
775		2291		765931		1770
776		2291		766758		1770
777		2291		767585		1770
778		2291		768412		1770
779		2291		769239		1770
780		2291		770066		1770
781		2291		770893		1770
782		2291		771720		1770
783		2291		772547		1770
784		2291		773374		1770
785		2291		774201		1770
786		2291		775028		1770
787		2291		775855		1770
788		2291		776682		1770
789		2291		777509		1770
790		2291		778336		1770
791		2291		779163		1770
792		2291		779990		1770
793		2291		780817		1770
794		2291		781644		1770
795		2291		782471		1770
796		2291		783298		1770
797		2291		784125		1770
798		2291		784952		1770
799		2291		785779		1770
800		2291		786606		1770
801		2291		787433		1770
802		2291		788260		1770
803		2291		789087		1770
804		2291		789914		1770
805		2291		790741		1770
806		2291		791568		1770
807		2291		792395		1770
808		2291		793222		1770
809		2291		794049		1770
810		2291		794876		1770
811		2291		795703		1770
812		2291		796530		1770
813		2291		797357		1770
814		2291		798184		1770
815		2291		799011		1770
816		2291		799838		1770
817		2291		800665		1770
818		2291		801492		1770
819		2291		802319		1770
820		2291		803146		1770
821		2291		803973		1770
822		2291		804800		1770
823		2291		805627		1770
824		2291		806454		1770
825		2291		807281		1770
826		2291		808108		1770
827		2291		808935		1770
828		2291		809762		1770
829		2291		810589		1770
830		2291		811416		1770
831		2291		812243		1770
832		2291		813070		1770
833		2291		813897		1770
834		2291		814724		1770
835		2291		815551		1770
836		2291		816378		1770
837		2291		817205		1770
838		2291		818032		1770
839		2291		818859		1770
840		2291		819686		1770
841		2291		820513		1770
842		2291		821340		1770
843		2291		822167		1770
844		2291		822994		1770
845		2291		823821		1770
846		2291		824648		1770
847		2291		825475		1770
848		2291		826302		1770
849		2291		827129		1770
850		2291		827956		1770
851		2291		828783		1770
852		2291		829610		1770
853		2291		830437		1770
854		2291		831264		1770
855		2291		832091		1770
856		2291		832918		1770
857		2291		833745		1770
858		2291		834572		1770
859		2291		835399		1770
860		2291		836226		1770
861		2291		837053		1770
862		2291		837880		1770
863		2291		838707		1770
864		2291		839534		1770
865		2291		840361		1770
866		2291		841188		1770
867		2291		842015		1770
868		2291		842842		1770
869		2291		843669		1770
870		2291		844496		1770
871		2291		845323		1770
872		2291		846150		1770
873		2291		846977		1770
874		2291		847804		1770
875		2291		848631		1770
876		2291		849458		1770
877		2291		850285		1770
878		2291		851112		1770
879		2291		851939		1770
880		2291		852766		1770
881		2291		853593		1770
882		2291		854420		1770
883		2291		855247		1770
884		2291		856074		1770
885		2291		856901		1770
886		2291		857728		1770
887		2291		858555		1770
888		2291		859382		1770
889		2291		860209		1770
890		2291		861036		1770
891		2291		861863		1770
892		2291		862690		1770
893		2291		863517		1770
894		2291		864344		1770
895		2291		865171		1770
896		2291		865998		1770
897		2291		866825		1770
898		2291		867652		1770
899		2291		868479		1770
900		2291		869306		1770
901		2291		870133		1770
902		2291		870960		1770
903		2291		871787		1770
904		2291		872614		1770
905		2291		873441		1770
906		2291		874268		1770
907		2291		875095		1770
908		2291		875922		1770
909		2291		876749		1770
910		2291		877576		1770
911		2291		878403		1770
912		2291		879230		1770
913		2291		880057		1770
914		2291		880884		1770
915		2291		881711		1770
916		2291		882538		1770
917		2291		883365		1770
918		2291		884192		1770
919		2291		885019		1770
920		2291		885846		1770
921		2291		886673		1770
922		2291		887500		1770
923		2291		888327		1770
924		2291		889154		1770
925		2291		889981		1770
926		2291		890808		1770
927		2291		891635		1770
928		2291		892462		1770
929		2291		893289		1770
930		2291		894116		1770
931		2291		894943		1770
932		2291		895770		1770
933		2291		896597		1770
934		2291		897424		1770
935		2291		898251		1770
936		2291		899078		1770
937		2291		899905		1770
938		2291		900732		1770
939		2291		901559		1770
940		2291		902386		1770
941		2291		903213		1770
942		2291		904040		1770
943		2291		904867		1770
944		2291		905694		1770
945		2291		906521		1770
946		2291		907348		1770
947		2291		908175		1770
948		2291		909002		1770
949		2291		909829		1770
950		2291		910656		1770
951		2291		911483		1770
952		2291		912310		1770
953		2291		913137		1770
954		2291		913964		1770
955		2291		914791		1770
956		2291		915618		1770
957		2291		916445		1770
958		2291		917272		1770
959		2291		918099		1770
960		2291		918926		1770
961		2291		919753		1770
962		2291		920580		1770
963		2291		921407		1770
964		2291		922234		1770
965		2291		923061		1770
966		2291		923888		1770
967		2291		924715		1770
968		2291		925542		1770
969		2291		926369		1770
970		2291		927196		1770
971		2291		928023		1770
972		2291		928850		1770
973		2291		929677		1770
974		2291		930504		1770
975		2291		931331		1770
976		2291		932158		1770
977		2291		932985		1770
978		2291		933812		1770
979		2291		934639		1770
980		2291		935466		1770
981		2291		936293		1770
982		2291		937120		1770
983		2291		937947		1770
984		2291		938774		1770
985		2291		939601		1770
986		2291		940428		1770
987		2291		941255		1770
988		2291		942082		1770
989		2291		942909		1770
990		2291		943736		1770
991		2291		944563		1770
992		2291		945390		1770
993		2291		946217		1770
994		2291		947044		1770
995		2291		947871		1770
996		2291		948698		1770
997		2291		949525		1770
998		2291		950352		1770
999		2291		951179		1770
