# Migration is number of nodes that have changed color.

Round		Edge-Cut		Swaps		Migrations		Skipped
0		606231		63644		54617
1		605494		127258		46500
2		605087		190844		47931
3		604958		254440		47403
4		604597		318040		47718
5		603088		381623		47564
6		603761		445215		47605
7		601672		508771		47672
8		600819		572325		47634
9		598994		635872		47597
10		598855		699401		47529
11		598265		762922		47683
12		597291		826483		47568
13		596488		889985		47611
14		596015		953494		47518
15		594313		1016981		47622
16		594123		1080491		47659
17		592769		1143961		47860
18		593201		1207432		47756
19		592290		1270897		47713
20		591881		1334348		47607
21		590811		1397815		47617
22		588569		1461253		47832
23		588116		1524618		47704
24		586445		1587987		47742
25		586339		1651396		47597
26		584400		1714757		47646
27		580350		1778050		47653
28		569332		1841317		47471
29		552083		1904349		47640
30		525033		1966984		47612
31		473783		2028390		47838
32		415632		2086768		47791
33		379969		2141879		47626
34		354855		2194535		47742
35		334517		2244851		47746
36		323276		2293520		48079
37		318029		2341124		47817
38		310822		2387699		47821
39		306940		2433882		47799
40		304842		2479476		48014
41		301810		2524525		47739
42		298348		2569057		47867
43		298171		2613300		47875
44		295121		2657338		47694
45		293870		2700984		47680
46		290313		2744144		47783
47		287241		2786892		47888
48		268981		2828790		47741
49		216748		2867174		47848
50		192449		2901100		47817
51		182388		2932631		47653
52		179032		2962880		47761
53		175327		2991752		47699
54		173990		3020350		47817
55		172590		3048415		47848
56		170541		3075843		47985
57		169507		3102922		47706
58		168775		3129686		47710
59		168834		3156119		47820
60		168461		3182282		47747
61		165629		3207783		47865
62		163303		3232744		47909
63		161375		3256917		47937
64		161084		3280711		47800
65		159353		3304292		47851
66		158090		3327315		47885
67		157194		3349690		47865
68		155623		3371966		47904
69		153950		3393371		47802
70		152925		3413883		47832
71		151999		3434032		47825
72		150325		3453869		47803
73		148794		3472952		47838
74		148569		3491636		47892
75		145869		3509414		47863
76		143773		3526160		47871
77		142921		3542480		47777
78		141029		3558186		47869
79		139968		3573221		47874
80		138012		3586873		47889
81		136135		3599323		47871
82		134122		3610944		47846
83		132762		3621678		47892
84		131783		3631602		47748
85		130054		3640595		47875
86		128524		3648844		47838
87		127273		3656438		47748
88		125684		3662953		47736
89		124191		3668535		47816
90		122576		3671587		47837
91		121578		3673817		47832
92		120766		3675610		47806
93		120303		3677007		47782
94		119852		3678154		47790
95		119546		3679163		47795
96		119322		3679963		47816
97		119158		3680649		47862
98		119005		3681286		47859
99		118918		3681864		47853
100		118832		3682411		47845
101		118721		3682857		47851
102		118624		3683289		47835
103		118540		3683692		47847
104		118488		3684048		47833
105		118436		3684377		47827
106		118330		3684659		47855
107		118283		3684908		47858
108		118242		3685112		47860
109		118233		3685303		47861
110		118196		3685479		47866
111		118152		3685656		47856
112		118133		3685809		47866
113		118096		3685967		47875
114		118067		3686079		47877
115		118047		3686188		47884
116		118011		3686296		47882
117		117983		3686383		47880
118		117963		3686461		47870
119		117949		3686538		47882
120		117925		3686609		47877
121		117894		3686683		47866
122		117882		3686727		47873
123		117868		3686773		47869
124		117853		3686825		47874
125		117834		3686884		47863
126		117828		3686924		47861
127		117829		3686958		47865
128		117802		3687003		47865
129		117798		3687038		47874
130		117790		3687080		47873
131		117795		3687131		47874
132		117782		3687169		47877
133		117765		3687206		47880
134		117754		3687236		47888
135		117740		3687263		47883
136		117734		3687283		47881
137		117725		3687299		47878
138		117720		3687318		47876
139		117731		3687341		47880
140		117728		3687360		47879
141		117717		3687385		47876
142		117719		3687416		47876
143		117723		3687440		47880
144		117712		3687464		47882
145		117707		3687497		47879
146		117698		3687515		47880
147		117691		3687536		47880
148		117689		3687557		47880
149		117684		3687572		47882
150		117682		3687590		47886
151		117677		3687604		47885
152		117682		3687626		47883
153		117687		3687643		47885
154		117686		3687651		47883
155		117687		3687661		47885
156		117681		3687667		47885
157		117679		3687683		47888
158		117679		3687698		47885
159		117680		3687720		47889
160		117681		3687737		47885
161		117672		3687758		47886
162		117663		3687785		47887
163		117663		3687812		47889
164		117667		3687832		47890
165		117665		3687854		47884
166		117668		3687874		47883
167		117656		3687890		47883
168		117656		3687908		47887
169		117657		3687923		47886
170		117671		3687937		47888
171		117664		3687956		47889
172		117658		3687972		47891
173		117649		3687996		47891
174		117648		3688008		47893
175		117643		3688028		47893
176		117647		3688043		47897
177		117639		3688060		47890
178		117634		3688079		47892
179		117631		3688087		47891
180		117627		3688097		47892
181		117628		3688104		47893
182		117637		3688111		47897
183		117635		3688118		47897
184		117630		3688124		47898
185		117630		3688131		47897
186		117626		3688134		47897
187		117620		3688144		47894
188		117622		3688149		47896
189		117624		3688153		47898
190		117621		3688158		47902
191		117620		3688162		47903
192		117619		3688168		47904
193		117617		3688176		47907
194		117614		3688192		47908
195		117613		3688198		47905
196		117612		3688207		47907
197		117610		3688210		47906
198		117607		3688215		47906
199		117605		3688221		47906
200		117606		3688230		47901
201		117605		3688235		47901
202		117599		3688241		47900
203		117598		3688242		47899
204		117598		3688248		47901
205		117598		3688258		47898
206		117593		3688266		47899
207		117594		3688269		47897
208		117593		3688271		47896
209		117591		3688274		47899
210		117591		3688274		47899
211		117592		3688276		47899
212		117591		3688277		47899
213		117590		3688278		47899
214		117592		3688280		47900
215		117591		3688283		47901
216		117590		3688285		47900
217		117588		3688291		47901
218		117586		3688294		47901
219		117586		3688302		47901
220		117588		3688310		47901
221		117585		3688320		47901
222		117586		3688323		47902
223		117581		3688330		47898
224		117581		3688332		47898
225		117581		3688334		47898
226		117579		3688336		47897
227		117577		3688338		47897
228		117576		3688339		47897
229		117576		3688341		47897
230		117576		3688341		47897
231		117576		3688343		47898
232		117577		3688346		47899
233		117578		3688353		47900
234		117578		3688356		47900
235		117576		3688357		47900
236		117576		3688359		47900
237		117572		3688362		47902
238		117571		3688363		47903
239		117569		3688365		47900
240		117567		3688367		47900
241		117567		3688367		47900
242		117564		3688369		47901
243		117564		3688369		47901
244		117563		3688370		47901
245		117563		3688370		47901
246		117563		3688370		47901
247		117563		3688370		47901
248		117561		3688372		47901
249		117561		3688372		47901
250		117562		3688375		47899
251		117562		3688375		47899
252		117562		3688375		47899
253		117562		3688375		47899
254		117562		3688375		47899
255		117562		3688375		47899
256		117562		3688375		47899
257		117562		3688375		47899
258		117561		3688376		47898
259		117561		3688376		47898
260		117560		3688377		47897
261		117560		3688377		47897
262		117560		3688377		47897
263		117559		3688378		47896
264		117559		3688378		47896
265		117558		3688379		47896
266		117556		3688381		47895
267		117556		3688381		47895
268		117556		3688381		47895
269		117556		3688381		47895
270		117556		3688381		47895
271		117555		3688382		47895
272		117554		3688383		47895
273		117554		3688383		47895
274		117553		3688386		47897
275		117553		3688387		47899
276		117552		3688388		47897
277		117549		3688391		47896
278		117549		3688391		47896
279		117549		3688391		47896
280		117548		3688392		47897
281		117548		3688392		47897
282		117547		3688393		47899
283		117546		3688394		47898
284		117546		3688394		47898
285		117546		3688394		47898
286		117546		3688394		47898
287		117545		3688395		47898
288		117545		3688395		47898
289		117545		3688395		47898
290		117544		3688396		47898
291		117543		3688397		47898
292		117543		3688397		47898
293		117543		3688397		47898
294		117543		3688397		47898
295		117542		3688398		47898
296		117542		3688398		47898
297		117540		3688400		47900
298		117540		3688400		47900
299		117540		3688400		47900
300		117539		3688401		47900
301		117539		3688401		47900
302		117539		3688401		47900
303		117539		3688401		47900
304		117538		3688402		47900
305		117538		3688402		47900
306		117538		3688402		47900
307		117538		3688402		47900
308		117537		3688403		47900
309		117537		3688403		47900
310		117537		3688403		47900
311		117536		3688404		47899
312		117536		3688404		47899
313		117536		3688404		47899
314		117536		3688404		47899
315		117536		3688404		47899
316		117535		3688405		47900
317		117535		3688405		47900
318		117535		3688405		47900
319		117535		3688405		47900
320		117535		3688405		47900
321		117534		3688406		47901
322		117534		3688406		47901
323		117534		3688406		47901
324		117534		3688406		47901
325		117533		3688407		47902
326		117533		3688407		47902
327		117532		3688408		47901
328		117532		3688408		47901
329		117532		3688408		47901
330		117532		3688408		47901
331		117532		3688408		47901
332		117532		3688408		47901
333		117532		3688408		47901
334		117532		3688408		47901
335		117532		3688408		47901
336		117532		3688408		47901
337		117532		3688408		47901
338		117532		3688408		47901
339		117532		3688408		47901
340		117532		3688408		47901
341		117532		3688408		47901
342		117531		3688409		47901
343		117530		3688410		47901
344		117529		3688411		47900
345		117529		3688411		47900
346		117529		3688411		47900
347		117529		3688411		47900
348		117529		3688411		47900
349		117529		3688411		47900
350		117529		3688411		47900
351		117529		3688411		47900
352		117529		3688411		47900
353		117529		3688411		47900
354		117529		3688411		47900
355		117529		3688411		47900
356		117529		3688411		47900
357		117529		3688411		47900
358		117529		3688411		47900
359		117529		3688411		47900
360		117529		3688411		47900
361		117529		3688411		47900
362		117528		3688412		47899
363		117528		3688412		47899
364		117528		3688412		47899
365		117528		3688412		47899
366		117528		3688412		47899
367		117528		3688412		47899
368		117528		3688412		47899
369		117528		3688412		47899
370		117527		3688413		47898
371		117527		3688413		47898
372		117527		3688413		47898
373		117527		3688413		47898
374		117527		3688413		47898
375		117527		3688413		47898
376		117527		3688413		47898
377		117527		3688413		47898
378		117527		3688413		47898
379		117527		3688413		47898
380		117527		3688413		47898
381		117527		3688413		47898
382		117527		3688413		47898
383		117527		3688413		47898
384		117527		3688413		47898
385		117527		3688413		47898
386		117527		3688413		47898
387		117527		3688413		47898
388		117527		3688413		47898
389		117527		3688413		47898
390		117527		3688413		47898
391		117527		3688413		47898
392		117527		3688413		47898
393		117527		3688413		47898
394		117527		3688413		47898
395		117527		3688413		47898
396		117527		3688413		47898
397		117527		3688413		47898
398		117527		3688413		47898
399		117527		3688413		47898
400		117527		3688413		47898
401		117527		3688413		47898
402		117527		3688413		47898
403		117527		3688413		47898
404		117527		3688413		47898
405		117527		3688413		47898
406		117527		3688413		47898
407		117527		3688413		47898
408		117527		3688413		47898
409		117527		3688413		47898
410		117527		3688413		47898
411		117527		3688413		47898
412		117527		3688413		47898
413		117527		3688413		47898
414		117527		3688413		47898
415		117527		3688413		47898
416		117527		3688413		47898
417		117527		3688413		47898
418		117527		3688413		47898
419		117526		3688414		47898
420		117526		3688414		47898
421		117526		3688414		47898
422		117526		3688414		47898
423		117526		3688414		47898
424		117526		3688414		47898
425		117526		3688414		47898
426		117526		3688414		47898
427		117526		3688414		47898
428		117526		3688414		47898
429		117526		3688414		47898
430		117526		3688414		47898
431		117526		3688414		47898
432		117526		3688414		47898
433		117526		3688414		47898
434		117526		3688414		47898
435		117525		3688415		47898
436		117525		3688415		47898
437		117525		3688415		47898
438		117525		3688415		47898
439		117525		3688415		47898
440		117525		3688415		47898
441		117525		3688415		47898
442		117525		3688415		47898
443		117525		3688415		47898
444		117525		3688415		47898
445		117525		3688415		47898
446		117525		3688415		47898
447		117525		3688415		47898
448		117525		3688415		47898
449		117525		3688415		47898
450		117525		3688415		47898
451		117525		3688415		47898
452		117525		3688415		47898
453		117525		3688415		47898
454		117525		3688415		47898
455		117525		3688415		47898
456		117525		3688415		47898
457		117525		3688415		47898
458		117525		3688415		47898
459		117525		3688415		47898
460		117525		3688415		47898
461		117525		3688415		47898
462		117525		3688415		47898
463		117525		3688415		47898
464		117525		3688415		47898
465		117525		3688415		47898
466		117525		3688415		47898
467		117525		3688415		47898
468		117525		3688415		47898
469		117525		3688415		47898
470		117525		3688415		47898
471		117525		3688415		47898
472		117525		3688415		47898
473		117525		3688415		47898
474		117524		3688416		47898
475		117524		3688416		47898
476		117524		3688416		47898
477		117524		3688416		47898
478		117524		3688416		47898
479		117524		3688416		47898
480		117524		3688416		47898
481		117524		3688416		47898
482		117524		3688416		47898
483		117524		3688416		47898
484		117524		3688416		47898
485		117524		3688416		47898
486		117524		3688416		47898
487		117524		3688416		47898
488		117524		3688416		47898
489		117524		3688416		47898
490		117524		3688416		47898
491		117524		3688416		47898
492		117524		3688416		47898
493		117524		3688416		47898
494		117524		3688416		47898
495		117524		3688416		47898
496		117524		3688416		47898
497		117524		3688416		47898
498		117524		3688416		47898
499		117524		3688416		47898
500		117524		3688416		47898
501		117524		3688416		47898
502		117524		3688416		47898
503		117524		3688416		47898
504		117524		3688416		47898
505		117524		3688416		47898
506		117524		3688416		47898
507		117524		3688416		47898
508		117524		3688416		47898
509		117524		3688416		47898
510		117524		3688416		47898
511		117524		3688416		47898
512		117524		3688416		47898
513		117524		3688416		47898
514		117524		3688416		47898
515		117524		3688416		47898
516		117524		3688416		47898
517		117524		3688416		47898
518		117524		3688416		47898
519		117524		3688416		47898
520		117524		3688416		47898
521		117524		3688416		47898
522		117523		3688417		47898
523		117523		3688417		47898
524		117523		3688417		47898
525		117523		3688417		47898
526		117523		3688417		47898
527		117523		3688417		47898
528		117523		3688417		47898
529		117523		3688417		47898
530		117523		3688417		47898
531		117523		3688417		47898
532		117523		3688417		47898
533		117523		3688417		47898
534		117523		3688417		47898
535		117523		3688417		47898
536		117523		3688417		47898
537		117523		3688417		47898
538		117523		3688417		47898
539		117523		3688417		47898
540		117523		3688417		47898
541		117523		3688417		47898
542		117523		3688417		47898
543		117523		3688417		47898
544		117522		3688418		47898
545		117522		3688418		47898
546		117522		3688418		47898
547		117522		3688418		47898
548		117522		3688418		47898
549		117522		3688418		47898
550		117522		3688418		47898
551		117522		3688418		47898
552		117522		3688418		47898
553		117521		3688419		47898
554		117521		3688419		47898
555		117521		3688419		47898
556		117521		3688419		47898
557		117521		3688419		47898
558		117521		3688419		47898
559		117521		3688419		47898
560		117521		3688419		47898
561		117521		3688419		47898
562		117521		3688419		47898
563		117521		3688419		47898
564		117521		3688419		47898
565		117521		3688419		47898
566		117521		3688419		47898
567		117521		3688419		47898
568		117521		3688419		47898
569		117521		3688419		47898
570		117521		3688419		47898
571		117521		3688419		47898
572		117521		3688419		47898
573		117521		3688419		47898
574		117521		3688419		47898
575		117521		3688419		47898
576		117521		3688419		47898
577		117521		3688419		47898
578		117521		3688419		47898
579		117521		3688419		47898
580		117521		3688419		47898
581		117521		3688419		47898
582		117521		3688419		47898
583		117521		3688419		47898
584		117521		3688419		47898
585		117521		3688419		47898
586		117521		3688419		47898
587		117521		3688419		47898
588		117521		3688419		47898
589		117521		3688419		47898
590		117521		3688419		47898
591		117521		3688419		47898
592		117521		3688419		47898
593		117521		3688419		47898
594		117521		3688419		47898
595		117521		3688419		47898
596		117521		3688419		47898
597		117521		3688419		47898
598		117521		3688419		47898
599		117521		3688419		47898
600		117521		3688419		47898
601		117521		3688419		47898
602		117521		3688419		47898
603		117521		3688419		47898
604		117521		3688419		47898
605		117521		3688419		47898
606		117521		3688419		47898
607		117521		3688419		47898
608		117521		3688419		47898
609		117521		3688419		47898
610		117521		3688419		47898
611		117521		3688419		47898
612		117521		3688419		47898
613		117521		3688419		47898
614		117521		3688419		47898
615		117521		3688419		47898
616		117521		3688419		47898
617		117521		3688419		47898
618		117521		3688419		47898
619		117521		3688419		47898
620		117521		3688419		47898
621		117521		3688419		47898
622		117521		3688419		47898
623		117521		3688419		47898
624		117521		3688419		47898
625		117521		3688419		47898
626		117521		3688419		47898
627		117521		3688419		47898
628		117521		3688419		47898
629		117521		3688419		47898
630		117521		3688419		47898
631		117520		3688420		47899
632		117520		3688420		47899
633		117520		3688420		47899
634		117520		3688420		47899
635		117520		3688420		47899
636		117520		3688420		47899
637		117520		3688420		47899
638		117520		3688420		47899
639		117520		3688420		47899
640		117520		3688420		47899
641		117520		3688420		47899
642		117520		3688420		47899
643		117520		3688420		47899
644		117520		3688420		47899
645		117520		3688420		47899
646		117520		3688420		47899
647		117520		3688420		47899
648		117520		3688420		47899
649		117520		3688420		47899
650		117520		3688420		47899
651		117520		3688420		47899
652		117520		3688420		47899
653		117520		3688420		47899
654		117520		3688420		47899
655		117520		3688420		47899
656		117519		3688421		47899
657		117519		3688421		47899
658		117519		3688421		47899
659		117519		3688421		47899
660		117519		3688421		47899
661		117519		3688421		47899
662		117519		3688421		47899
663		117519		3688421		47899
664		117519		3688421		47899
665		117519		3688421		47899
666		117519		3688421		47899
667		117519		3688421		47899
668		117519		3688421		47899
669		117519		3688421		47899
670		117519		3688421		47899
671		117519		3688421		47899
672		117519		3688421		47899
673		117519		3688421		47899
674		117519		3688421		47899
675		117519		3688421		47899
676		117519		3688421		47899
677		117519		3688421		47899
678		117519		3688421		47899
679		117519		3688421		47899
680		117519		3688421		47899
681		117519		3688421		47899
682		117519		3688421		47899
683		117519		3688421		47899
684		117519		3688421		47899
685		117519		3688421		47899
686		117519		3688421		47899
687		117519		3688421		47899
688		117519		3688421		47899
689		117519		3688421		47899
690		117519		3688421		47899
691		117519		3688421		47899
692		117519		3688421		47899
693		117519		3688421		47899
694		117519		3688421		47899
695		117519		3688421		47899
696		117519		3688421		47899
697		117519		3688421		47899
698		117519		3688421		47899
699		117519		3688421		47899
700		117519		3688421		47899
701		117519		3688421		47899
702		117519		3688421		47899
703		117519		3688421		47899
704		117519		3688421		47899
705		117519		3688421		47899
706		117519		3688421		47899
707		117519		3688421		47899
708		117519		3688421		47899
709		117519		3688421		47899
710		117519		3688421		47899
711		117519		3688421		47899
712		117519		3688421		47899
713		117519		3688421		47899
714		117519		3688421		47899
715		117519		3688421		47899
716		117519		3688421		47899
717		117519		3688421		47899
718		117519		3688421		47899
719		117519		3688421		47899
720		117519		3688421		47899
721		117519		3688421		47899
722		117519		3688421		47899
723		117519		3688421		47899
724		117519		3688421		47899
725		117519		3688421		47899
726		117519		3688421		47899
727		117519		3688421		47899
728		117519		3688421		47899
729		117519		3688421		47899
730		117519		3688421		47899
731		117519		3688421		47899
732		117519		3688421		47899
733		117519		3688421		47899
734		117519		3688421		47899
735		117519		3688421		47899
736		117519		3688421		47899
737		117519		3688421		47899
738		117519		3688421		47899
739		117519		3688421		47899
740		117519		3688421		47899
741		117519		3688421		47899
742		117519		3688421		47899
743		117519		3688421		47899
744		117519		3688421		47899
745		117519		3688421		47899
746		117519		3688421		47899
747		117519		3688421		47899
748		117519		3688421		47899
749		117519		3688421		47899
750		117519		3688421		47899
751		117519		3688421		47899
752		117519		3688421		47899
753		117519		3688421		47899
754		117519		3688421		47899
755		117519		3688421		47899
756		117519		3688421		47899
757		117519		3688421		47899
758		117519		3688421		47899
759		117519		3688421		47899
760		117519		3688421		47899
761		117519		3688421		47899
762		117519		3688421		47899
763		117519		3688421		47899
764		117519		3688421		47899
765		117519		3688421		47899
766		117519		3688421		47899
767		117519		3688421		47899
768		117519		3688421		47899
769		117519		3688421		47899
770		117519		3688421		47899
771		117519		3688421		47899
772		117519		3688421		47899
773		117519		3688421		47899
774		117519		3688421		47899
775		117519		3688421		47899
776		117519		3688421		47899
777		117519		3688421		47899
778		117519		3688421		47899
779		117519		3688421		47899
780		117519		3688421		47899
781		117519		3688421		47899
782		117519		3688421		47899
783		117519		3688421		47899
784		117519		3688421		47899
785		117519		3688421		47899
786		117519		3688421		47899
787		117519		3688421		47899
788		117519		3688421		47899
789		117519		3688421		47899
790		117519		3688421		47899
791		117519		3688421		47899
792		117519		3688421		47899
793		117519		3688421		47899
794		117519		3688421		47899
795		117519		3688421		47899
796		117519		3688421		47899
797		117519		3688421		47899
798		117519		3688421		47899
799		117519		3688421		47899
800		117519		3688421		47899
801		117519		3688421		47899
802		117518		3688422		47901
803		117518		3688422		47901
804		117518		3688422		47901
805		117518		3688422		47901
806		117518		3688422		47901
807		117518		3688422		47901
808		117518		3688422		47901
809		117518		3688422		47901
810		117518		3688422		47901
811		117518		3688422		47901
812		117518		3688422		47901
813		117518		3688422		47901
814		117518		3688422		47901
815		117518		3688422		47901
816		117518		3688422		47901
817		117518		3688422		47901
818		117518		3688422		47901
819		117518		3688422		47901
820		117518		3688422		47901
821		117518		3688422		47901
822		117518		3688422		47901
823		117518		3688422		47901
824		117518		3688422		47901
825		117518		3688422		47901
826		117518		3688422		47901
827		117518		3688422		47901
828		117518		3688422		47901
829		117518		3688422		47901
830		117518		3688422		47901
831		117518		3688422		47901
832		117518		3688422		47901
833		117518		3688422		47901
834		117518		3688422		47901
835		117518		3688422		47901
836		117518		3688422		47901
837		117518		3688422		47901
838		117518		3688422		47901
839		117518		3688422		47901
840		117518		3688422		47901
841		117518		3688422		47901
842		117518		3688422		47901
843		117518		3688422		47901
844		117518		3688422		47901
845		117518		3688422		47901
846		117518		3688422		47901
847		117518		3688422		47901
848		117518		3688422		47901
849		117518		3688422		47901
850		117518		3688422		47901
851		117518		3688422		47901
852		117518		3688422		47901
853		117518		3688422		47901
854		117518		3688422		47901
855		117518		3688422		47901
856		117518		3688422		47901
857		117518		3688422		47901
858		117518		3688422		47901
859		117518		3688422		47901
860		117518		3688422		47901
861		117518		3688422		47901
862		117518		3688422		47901
863		117518		3688422		47901
864		117518		3688422		47901
865		117518		3688422		47901
866		117518		3688422		47901
867		117518		3688422		47901
868		117518		3688422		47901
869		117518		3688422		47901
870		117518		3688422		47901
871		117518		3688422		47901
872		117518		3688422		47901
873		117518		3688422		47901
874		117518		3688422		47901
875		117518		3688422		47901
876		117518		3688422		47901
877		117518		3688422		47901
878		117518		3688422		47901
879		117518		3688422		47901
880		117518		3688422		47901
881		117518		3688422		47901
882		117518		3688422		47901
883		117518		3688422		47901
884		117518		3688422		47901
885		117518		3688422		47901
886		117518		3688422		47901
887		117518		3688422		47901
888		117518		3688422		47901
889		117518		3688422		47901
890		117518		3688422		47901
891		117518		3688422		47901
892		117518		3688422		47901
893		117518		3688422		47901
894		117518		3688422		47901
895		117518		3688422		47901
896		117518		3688422		47901
897		117518		3688422		47901
898		117518		3688422		47901
899		117518		3688422		47901
900		117518		3688422		47901
901		117518		3688422		47901
902		117518		3688422		47901
903		117518		3688422		47901
904		117518		3688422		47901
905		117518		3688422		47901
906		117518		3688422		47901
907		117518		3688422		47901
908		117518		3688422		47901
909		117518		3688422		47901
910		117518		3688422		47901
911		117518		3688422		47901
912		117518		3688422		47901
913		117518		3688422		47901
914		117518		3688422		47901
915		117518		3688422		47901
916		117518		3688422		47901
917		117518		3688422		47901
918		117518		3688422		47901
919		117518		3688422		47901
920		117518		3688422		47901
921		117518		3688422		47901
922		117518		3688422		47901
923		117518		3688422		47901
924		117518		3688422		47901
925		117518		3688422		47901
926		117518		3688422		47901
927		117518		3688422		47901
928		117518		3688422		47901
929		117518		3688422		47901
930		117518		3688422		47901
931		117518		3688422		47901
932		117518		3688422		47901
933		117518		3688422		47901
934		117518		3688422		47901
935		117518		3688422		47901
936		117518		3688422		47901
937		117518		3688422		47901
938		117518		3688422		47901
939		117518		3688422		47901
940		117518		3688422		47901
941		117518		3688422		47901
942		117518		3688422		47901
943		117518		3688422		47901
944		117518		3688422		47901
945		117518		3688422		47901
946		117518		3688422		47901
947		117518		3688422		47901
948		117518		3688422		47901
949		117518		3688422		47901
950		117518		3688422		47901
951		117518		3688422		47901
952		117518		3688422		47901
953		117518		3688422		47901
954		117518		3688422		47901
955		117518		3688422		47901
956		117518		3688422		47901
957		117518		3688422		47901
958		117518		3688422		47901
959		117518		3688422		47901
960		117518		3688422		47901
961		117518		3688422		47901
962		117518		3688422		47901
963		117518		3688422		47901
964		117518		3688422		47901
965		117518		3688422		47901
966		117518		3688422		47901
967		117518		3688422		47901
968		117518		3688422		47901
969		117518		3688422		47901
970		117518		3688422		47901
971		117518		3688422		47901
972		117518		3688422		47901
973		117518		3688422		47901
974		117518		3688422		47901
975		117518		3688422		47901
976		117518		3688422		47901
977		117518		3688422		47901
978		117518		3688422		47901
979		117518		3688422		47901
980		117518		3688422		47901
981		117518		3688422		47901
982		117518		3688422		47901
983		117518		3688422		47901
984		117518		3688422		47901
985		117518		3688422		47901
986		117518		3688422		47901
987		117518		3688422		47901
988		117518		3688422		47901
989		117518		3688422		47901
990		117518		3688422		47901
991		117518		3688422		47901
992		117518		3688422		47901
993		117518		3688422		47901
994		117518		3688422		47901
995		117518		3688422		47901
996		117518		3688422		47901
997		117518		3688422		47901
998		117518		3688422		47901
999		117518		3688422		47901
