# Migration is number of nodes that have changed color.

Round		Edge-Cut		Swaps		Migrations		Skipped
0		488208		60481		50560
1		316558		109088		47043
2		233075		144807		47459
3		193741		171378		47513
4		174008		192304		47576
5		160582		209747		47608
6		152030		223833		47640
7		146211		235636		47727
8		142423		245553		47717
9		138888		253808		47738
10		135235		258355		47703
11		133069		261712		47722
12		131238		264342		47693
13		129963		266450		47699
14		129031		268102		47666
15		128547		269510		47700
16		128148		270739		47701
17		127718		271857		47746
18		127420		272862		47739
19		127125		273692		47775
20		126929		274513		47709
21		126698		275227		47734
22		126464		275850		47723
23		126287		276362		47734
24		126156		276815		47725
25		126115		277224		47714
26		126071		277622		47707
27		125988		278011		47713
28		125941		278374		47716
29		125855		278690		47702
30		125815		279007		47677
31		125772		279283		47677
32		125776		279551		47701
33		125757		279793		47705
34		125664		280023		47678
35		125604		280243		47687
36		125533		280432		47697
37		125497		280603		47700
38		125463		280749		47707
39		125432		280907		47702
40		125406		281034		47718
41		125406		281162		47699
42		125366		281286		47700
43		125317		281381		47687
44		125302		281469		47688
45		125288		281548		47692
46		125264		281636		47699
47		125249		281719		47691
48		125231		281796		47699
49		125203		281873		47685
50		125196		281942		47695
51		125179		282002		47681
52		125148		282063		47690
53		125136		282122		47686
54		125132		282168		47687
55		125116		282211		47693
56		125121		282257		47692
57		125113		282305		47692
58		125118		282348		47681
59		125112		282392		47677
60		125096		282433		47675
61		125095		282471		47686
62		125101		282516		47682
63		125092		282571		47669
64		125084		282622		47670
65		125063		282675		47672
66		125053		282726		47671
67		125055		282768		47671
68		125038		282809		47673
69		125039		282851		47667
70		125045		282914		47668
71		125029		282965		47676
72		125022		283015		47676
73		125019		283046		47679
74		125017		283077		47681
75		125013		283107		47688
76		125014		283138		47687
77		124995		283166		47692
78		124996		283195		47696
79		124998		283219		47692
80		125001		283247		47689
81		124994		283264		47692
82		124988		283285		47692
83		124987		283308		47693
84		124985		283329		47695
85		124982		283350		47692
86		124977		283367		47693
87		124978		283381		47690
88		124984		283402		47690
89		124975		283416		47691
90		124969		283427		47696
91		124967		283446		47693
92		124972		283461		47693
93		124965		283478		47690
94		124979		283496		47689
95		124974		283505		47691
96		124977		283521		47691
97		124981		283532		47694
98		124970		283547		47693
99		124966		283553		47693
100		124965		283566		47698
101		124959		283581		47696
102		124957		283589		47694
103		124957		283603		47694
104		124955		283613		47694
105		124953		283624		47694
106		124948		283632		47698
107		124949		283640		47698
108		124948		283652		47699
109		124952		283665		47701
110		124939		283678		47700
111		124934		283690		47702
112		124931		283697		47703
113		124932		283707		47702
114		124932		283714		47701
115		124936		283724		47703
116		124934		283732		47705
117		124933		283737		47705
118		124931		283741		47702
119		124931		283743		47704
120		124930		283748		47706
121		124926		283751		47703
122		124923		283758		47701
123		124926		283764		47701
124		124928		283774		47704
125		124922		283779		47703
126		124922		283781		47703
127		124937		283797		47697
128		124930		283811		47693
129		124922		283819		47695
130		124924		283824		47696
131		124924		283832		47694
132		124925		283840		47695
133		124922		283846		47695
134		124919		283852		47697
135		124924		283861		47695
136		124920		283870		47693
137		124921		283884		47696
138		124920		283901		47695
139		124913		283916		47695
140		124910		283921		47697
141		124911		283928		47700
142		124924		283944		47698
143		124919		283951		47701
144		124920		283957		47699
145		124924		283972		47701
146		124930		283981		47700
147		124931		283987		47701
148		124922		283995		47701
149		124923		284002		47699
150		124918		284009		47700
151		124915		284015		47700
152		124917		284019		47697
153		124917		284023		47698
154		124909		284027		47699
155		124911		284032		47699
156		124906		284033		47701
157		124906		284037		47702
158		124904		284039		47703
159		124900		284043		47704
160		124901		284044		47704
161		124908		284051		47700
162		124900		284059		47702
163		124898		284063		47702
164		124898		284069		47704
165		124896		284071		47705
166		124905		284074		47704
167		124901		284083		47703
168		124900		284085		47703
169		124897		284090		47704
170		124897		284097		47702
171		124894		284099		47702
172		124891		284102		47703
173		124891		284109		47704
174		124893		284112		47705
175		124890		284114		47705
176		124890		284114		47705
177		124890		284114		47705
178		124891		284116		47704
179		124891		284118		47703
180		124890		284120		47703
181		124893		284122		47701
182		124893		284124		47701
183		124892		284125		47703
184		124892		284125		47703
185		124892		284125		47703
186		124891		284126		47704
187		124889		284127		47705
188		124889		284127		47705
189		124889		284127		47705
190		124889		284127		47705
191		124889		284127		47705
192		124888		284128		47706
193		124886		284130		47707
194		124885		284131		47706
195		124885		284131		47706
196		124885		284131		47706
197		124883		284132		47707
198		124882		284133		47708
199		124881		284134		47708
200		124881		284134		47708
201		124880		284135		47707
202		124880		284135		47707
203		124879		284136		47706
204		124878		284137		47706
205		124880		284139		47705
206		124879		284141		47704
207		124879		284141		47704
208		124878		284143		47703
209		124877		284144		47703
210		124874		284145		47703
211		124872		284146		47702
212		124871		284147		47702
213		124871		284147		47702
214		124870		284148		47702
215		124870		284148		47702
216		124870		284148		47702
217		124870		284148		47702
218		124870		284149		47704
219		124870		284149		47704
220		124870		284149		47704
221		124870		284149		47704
222		124870		284149		47704
223		124870		284149		47704
224		124872		284155		47704
225		124868		284157		47704
226		124867		284158		47704
227		124867		284158		47704
228		124868		284160		47705
229		124868		284160		47705
230		124868		284160		47705
231		124868		284160		47705
232		124867		284161		47706
233		124867		284161		47706
234		124867		284161		47706
235		124867		284161		47706
236		124867		284161		47706
237		124867		284161		47706
238		124867		284161		47706
239		124866		284162		47706
240		124866		284162		47706
241		124866		284162		47706
242		124865		284163		47706
243		124865		284163		47706
244		124865		284163		47706
245		124865		284163		47706
246		124865		284163		47706
247		124864		284164		47706
248		124864		284164		47706
249		124864		284164		47706
250		124864		284164		47706
251		124864		284164		47706
252		124863		284165		47704
253		124862		284166		47702
254		124862		284166		47702
255		124862		284166		47702
256		124862		284167		47703
257		124862		284167		47703
258		124862		284167		47703
259		124862		284167		47703
260		124862		284167		47703
261		124862		284167		47703
262		124861		284168		47704
263		124861		284168		47704
264		124861		284168		47704
265		124861		284168		47704
266		124861		284168		47704
267		124861		284168		47704
268		124861		284168		47704
269		124861		284168		47704
270		124860		284169		47705
271		124860		284169		47705
272		124860		284169		47705
273		124860		284169		47705
274		124860		284169		47705
275		124859		284170		47704
276		124858		284171		47705
277		124858		284171		47705
278		124855		284173		47707
279		124855		284173		47707
280		124855		284173		47707
281		124855		284173		47707
282		124855		284173		47707
283		124854		284174		47707
284		124854		284174		47707
285		124853		284175		47706
286		124853		284175		47706
287		124852		284176		47707
288		124852		284176		47707
289		124852		284176		47707
290		124852		284176		47707
291		124852		284176		47707
292		124852		284176		47707
293		124852		284176		47707
294		124852		284176		47707
295		124852		284176		47707
296		124852		284176		47707
297		124852		284176		47707
298		124851		284177		47707
299		124851		284177		47707
300		124851		284179		47707
301		124852		284180		47707
302		124851		284181		47707
303		124851		284181		47707
304		124852		284183		47707
305		124851		284185		47707
306		124852		284186		47707
307		124851		284189		47707
308		124851		284189		47707
309		124851		284192		47708
310		124851		284195		47708
311		124849		284198		47709
312		124849		284200		47709
313		124849		284202		47709
314		124849		284203		47708
315		124848		284205		47708
316		124849		284206		47709
317		124849		284206		47709
318		124849		284208		47709
319		124849		284209		47708
320		124848		284211		47708
321		124848		284213		47708
322		124850		284216		47707
323		124849		284218		47707
324		124850		284219		47708
325		124850		284219		47708
326		124850		284219		47708
327		124850		284221		47708
328		124850		284223		47708
329		124849		284226		47709
330		124848		284228		47710
331		124848		284228		47710
332		124848		284228		47710
333		124848		284228		47710
334		124847		284230		47710
335		124847		284230		47710
336		124846		284231		47710
337		124846		284231		47710
338		124845		284232		47708
339		124845		284232		47708
340		124845		284232		47708
341		124845		284232		47708
342		124845		284232		47708
343		124845		284232		47708
344		124845		284232		47708
345		124845		284232		47708
346		124845		284232		47708
347		124845		284232		47708
348		124845		284232		47708
349		124845		284232		47708
350		124845		284232		47708
351		124845		284232		47708
352		124845		284232		47708
353		124845		284232		47708
354		124845		284232		47708
355		124845		284232		47708
356		124845		284232		47708
357		124845		284232		47708
358		124845		284232		47708
359		124845		284232		47708
360		124844		284233		47709
361		124844		284233		47709
362		124844		284233		47709
363		124844		284233		47709
364		124844		284233		47709
365		124844		284233		47709
366		124844		284233		47709
367		124843		284234		47707
368		124843		284234		47707
369		124843		284234		47707
370		124843		284234		47707
371		124843		284234		47707
372		124843		284234		47707
373		124843		284234		47707
374		124843		284234		47707
375		124843		284234		47707
376		124843		284234		47707
377		124843		284234		47707
378		124843		284234		47707
379		124843		284234		47707
380		124843		284234		47707
381		124843		284234		47707
382		124843		284234		47707
383		124843		284234		47707
384		124843		284234		47707
385		124843		284234		47707
386		124843		284234		47707
387		124843		284234		47707
388		124843		284234		47707
389		124843		284234		47707
390		124843		284234		47707
391		124843		284234		47707
392		124843		284234		47707
393		124843		284234		47707
394		124843		284234		47707
395		124843		284234		47707
396		124843		284234		47707
397		124843		284234		47707
398		124843		284234		47707
399		124843		284234		47707
400		124843		284234		47707
401		124843		284234		47707
402		124843		284234		47707
403		124843		284234		47707
404		124843		284234		47707
405		124843		284234		47707
406		124843		284234		47707
407		124843		284234		47707
408		124843		284234		47707
409		124843		284234		47707
410		124843		284234		47707
411		124843		284234		47707
412		124843		284234		47707
413		124843		284234		47707
414		124843		284234		47707
415		124843		284234		47707
416		124843		284234		47707
417		124843		284234		47707
418		124843		284234		47707
419		124843		284234		47707
420		124843		284234		47707
421		124843		284234		47707
422		124843		284234		47707
423		124843		284234		47707
424		124843		284234		47707
425		124843		284234		47707
426		124843		284234		47707
427		124843		284234		47707
428		124843		284234		47707
429		124843		284234		47707
430		124843		284234		47707
431		124843		284234		47707
432		124843		284234		47707
433		124843		284234		47707
434		124843		284234		47707
435		124843		284234		47707
436		124843		284234		47707
437		124843		284234		47707
438		124843		284234		47707
439		124843		284234		47707
440		124843		284234		47707
441		124843		284234		47707
442		124843		284234		47707
443		124843		284234		47707
444		124843		284234		47707
445		124843		284234		47707
446		124843		284234		47707
447		124843		284234		47707
448		124843		284234		47707
449		124843		284234		47707
450		124843		284234		47707
451		124843		284234		47707
452		124843		284234		47707
453		124843		284234		47707
454		124843		284234		47707
455		124843		284234		47707
456		124843		284234		47707
457		124843		284234		47707
458		124843		284234		47707
459		124843		284234		47707
460		124843		284234		47707
461		124843		284234		47707
462		124843		284234		47707
463		124843		284234		47707
464		124843		284234		47707
465		124843		284234		47707
466		124843		284234		47707
467		124843		284234		47707
468		124843		284234		47707
469		124843		284234		47707
470		124843		284234		47707
471		124843		284234		47707
472		124843		284234		47707
473		124843		284234		47707
474		124843		284234		47707
475		124843		284234		47707
476		124843		284234		47707
477		124843		284234		47707
478		124843		284234		47707
479		124843		284234		47707
480		124843		284234		47707
481		124843		284234		47707
482		124843		284234		47707
483		124843		284234		47707
484		124843		284234		47707
485		124843		284234		47707
486		124843		284234		47707
487		124843		284234		47707
488		124843		284234		47707
489		124843		284234		47707
490		124843		284234		47707
491		124843		284234		47707
492		124843		284234		47707
493		124843		284234		47707
494		124843		284234		47707
495		124843		284234		47707
496		124843		284234		47707
497		124843		284234		47707
498		124843		284234		47707
499		124843		284234		47707
500		124843		284234		47707
501		124843		284234		47707
502		124843		284234		47707
503		124843		284234		47707
504		124843		284234		47707
505		124843		284234		47707
506		124843		284234		47707
507		124843		284234		47707
508		124843		284234		47707
509		124843		284234		47707
510		124843		284234		47707
511		124843		284234		47707
512		124843		284234		47707
513		124843		284234		47707
514		124843		284234		47707
515		124843		284234		47707
516		124843		284234		47707
517		124843		284234		47707
518		124843		284234		47707
519		124843		284234		47707
520		124843		284234		47707
521		124843		284234		47707
522		124843		284234		47707
523		124843		284234		47707
524		124843		284234		47707
525		124843		284234		47707
526		124843		284234		47707
527		124843		284234		47707
528		124843		284234		47707
529		124843		284234		47707
530		124843		284234		47707
531		124843		284234		47707
532		124843		284234		47707
533		124843		284234		47707
534		124843		284234		47707
535		124843		284234		47707
536		124843		284234		47707
537		124843		284234		47707
538		124843		284234		47707
539		124843		284234		47707
540		124843		284234		47707
541		124843		284234		47707
542		124843		284234		47707
543		124843		284234		47707
544		124843		284234		47707
545		124843		284234		47707
546		124843		284234		47707
547		124843		284234		47707
548		124843		284234		47707
549		124843		284234		47707
550		124843		284234		47707
551		124843		284234		47707
552		124843		284234		47707
553		124843		284234		47707
554		124843		284234		47707
555		124843		284234		47707
556		124843		284234		47707
557		124843		284234		47707
558		124843		284234		47707
559		124843		284234		47707
560		124843		284234		47707
561		124843		284234		47707
562		124843		284234		47707
563		124843		284234		47707
564		124843		284234		47707
565		124843		284234		47707
566		124843		284234		47707
567		124843		284234		47707
568		124843		284234		47707
569		124843		284234		47707
570		124843		284234		47707
571		124843		284234		47707
572		124843		284234		47707
573		124843		284234		47707
574		124843		284234		47707
575		124843		284234		47707
576		124843		284234		47707
577		124843		284234		47707
578		124843		284234		47707
579		124843		284234		47707
580		124843		284234		47707
581		124843		284234		47707
582		124843		284234		47707
583		124843		284234		47707
584		124843		284234		47707
585		124843		284234		47707
586		124843		284234		47707
587		124843		284234		47707
588		124843		284234		47707
589		124843		284234		47707
590		124843		284234		47707
591		124843		284234		47707
592		124843		284234		47707
593		124843		284234		47707
594		124843		284234		47707
595		124843		284234		47707
596		124843		284234		47707
597		124843		284234		47707
598		124843		284234		47707
599		124843		284234		47707
600		124843		284234		47707
601		124843		284234		47707
602		124843		284234		47707
603		124843		284234		47707
604		124843		284234		47707
605		124843		284234		47707
606		124843		284234		47707
607		124843		284234		47707
608		124843		284234		47707
609		124843		284234		47707
610		124843		284234		47707
611		124843		284234		47707
612		124843		284234		47707
613		124843		284234		47707
614		124843		284234		47707
615		124843		284234		47707
616		124843		284234		47707
617		124843		284234		47707
618		124843		284234		47707
619		124843		284234		47707
620		124843		284234		47707
621		124843		284234		47707
622		124843		284234		47707
623		124843		284234		47707
624		124843		284234		47707
625		124843		284234		47707
626		124843		284234		47707
627		124843		284234		47707
628		124843		284234		47707
629		124843		284234		47707
630		124843		284234		47707
631		124843		284234		47707
632		124843		284234		47707
633		124843		284234		47707
634		124843		284234		47707
635		124843		284234		47707
636		124843		284234		47707
637		124843		284234		47707
638		124843		284234		47707
639		124843		284234		47707
640		124843		284234		47707
641		124843		284234		47707
642		124843		284234		47707
643		124843		284234		47707
644		124843		284234		47707
645		124843		284234		47707
646		124843		284234		47707
647		124843		284234		47707
648		124843		284234		47707
649		124843		284234		47707
650		124843		284234		47707
651		124843		284234		47707
652		124843		284234		47707
653		124843		284234		47707
654		124843		284234		47707
655		124843		284234		47707
656		124843		284234		47707
657		124843		284234		47707
658		124843		284234		47707
659		124843		284234		47707
660		124843		284234		47707
661		124843		284234		47707
662		124843		284234		47707
663		124843		284234		47707
664		124843		284234		47707
665		124843		284234		47707
666		124843		284234		47707
667		124843		284234		47707
668		124843		284234		47707
669		124843		284234		47707
670		124843		284234		47707
671		124843		284234		47707
672		124843		284234		47707
673		124843		284234		47707
674		124843		284234		47707
675		124843		284234		47707
676		124843		284234		47707
677		124843		284234		47707
678		124843		284234		47707
679		124843		284234		47707
680		124843		284234		47707
681		124843		284234		47707
682		124843		284234		47707
683		124843		284234		47707
684		124843		284234		47707
685		124843		284234		47707
686		124843		284234		47707
687		124843		284234		47707
688		124843		284234		47707
689		124843		284234		47707
690		124843		284234		47707
691		124843		284234		47707
692		124843		284234		47707
693		124843		284234		47707
694		124843		284234		47707
695		124843		284234		47707
696		124843		284234		47707
697		124843		284234		47707
698		124843		284234		47707
699		124843		284234		47707
700		124843		284234		47707
701		124843		284234		47707
702		124843		284234		47707
703		124843		284234		47707
704		124843		284234		47707
705		124843		284234		47707
706		124843		284234		47707
707		124843		284234		47707
708		124843		284234		47707
709		124843		284234		47707
710		124843		284234		47707
711		124843		284234		47707
712		124843		284234		47707
713		124843		284234		47707
714		124843		284234		47707
715		124843		284234		47707
716		124843		284234		47707
717		124843		284234		47707
718		124843		284234		47707
719		124843		284234		47707
720		124843		284234		47707
721		124843		284234		47707
722		124843		284234		47707
723		124843		284234		47707
724		124843		284234		47707
725		124843		284234		47707
726		124843		284234		47707
727		124843		284234		47707
728		124843		284234		47707
729		124843		284234		47707
730		124843		284234		47707
731		124843		284234		47707
732		124843		284234		47707
733		124843		284234		47707
734		124843		284234		47707
735		124843		284234		47707
736		124843		284234		47707
737		124843		284234		47707
738		124843		284234		47707
739		124843		284234		47707
740		124843		284234		47707
741		124843		284234		47707
742		124843		284234		47707
743		124843		284234		47707
744		124843		284234		47707
745		124843		284234		47707
746		124843		284234		47707
747		124843		284234		47707
748		124843		284234		47707
749		124843		284234		47707
750		124843		284234		47707
751		124843		284234		47707
752		124843		284234		47707
753		124843		284234		47707
754		124843		284234		47707
755		124843		284234		47707
756		124843		284234		47707
757		124843		284234		47707
758		124843		284234		47707
759		124843		284234		47707
760		124843		284234		47707
761		124843		284234		47707
762		124843		284234		47707
763		124843		284234		47707
764		124843		284234		47707
765		124843		284234		47707
766		124843		284234		47707
767		124843		284234		47707
768		124843		284234		47707
769		124843		284234		47707
770		124843		284234		47707
771		124843		284234		47707
772		124843		284234		47707
773		124843		284234		47707
774		124843		284234		47707
775		124843		284234		47707
776		124843		284234		47707
777		124843		284234		47707
778		124843		284234		47707
779		124843		284234		47707
780		124843		284234		47707
781		124843		284234		47707
782		124843		284234		47707
783		124843		284234		47707
784		124843		284234		47707
785		124843		284234		47707
786		124843		284234		47707
787		124843		284234		47707
788		124843		284234		47707
789		124843		284234		47707
790		124843		284234		47707
791		124843		284234		47707
792		124843		284234		47707
793		124843		284234		47707
794		124843		284234		47707
795		124843		284234		47707
796		124843		284234		47707
797		124843		284234		47707
798		124843		284234		47707
799		124843		284234		47707
800		124843		284234		47707
801		124843		284234		47707
802		124843		284234		47707
803		124843		284234		47707
804		124843		284234		47707
805		124843		284234		47707
806		124843		284234		47707
807		124843		284234		47707
808		124843		284234		47707
809		124843		284234		47707
810		124843		284234		47707
811		124843		284234		47707
812		124843		284234		47707
813		124843		284234		47707
814		124843		284234		47707
815		124843		284234		47707
816		124843		284234		47707
817		124843		284234		47707
818		124843		284234		47707
819		124843		284234		47707
820		124843		284234		47707
821		124843		284234		47707
822		124843		284234		47707
823		124843		284234		47707
824		124843		284234		47707
825		124843		284234		47707
826		124843		284234		47707
827		124843		284234		47707
828		124843		284234		47707
829		124843		284234		47707
830		124843		284234		47707
831		124843		284234		47707
832		124843		284234		47707
833		124843		284234		47707
834		124843		284234		47707
835		124843		284234		47707
836		124843		284234		47707
837		124843		284234		47707
838		124843		284234		47707
839		124843		284234		47707
840		124843		284234		47707
841		124843		284234		47707
842		124843		284234		47707
843		124843		284234		47707
844		124843		284234		47707
845		124843		284234		47707
846		124843		284234		47707
847		124843		284234		47707
848		124843		284234		47707
849		124843		284234		47707
850		124843		284234		47707
851		124843		284234		47707
852		124843		284234		47707
853		124843		284234		47707
854		124843		284234		47707
855		124843		284234		47707
856		124843		284234		47707
857		124843		284234		47707
858		124843		284234		47707
859		124843		284234		47707
860		124843		284234		47707
861		124843		284234		47707
862		124843		284234		47707
863		124843		284234		47707
864		124843		284234		47707
865		124843		284234		47707
866		124843		284234		47707
867		124843		284234		47707
868		124843		284234		47707
869		124843		284234		47707
870		124843		284234		47707
871		124843		284234		47707
872		124843		284234		47707
873		124843		284234		47707
874		124843		284234		47707
875		124843		284234		47707
876		124843		284234		47707
877		124843		284234		47707
878		124843		284234		47707
879		124843		284234		47707
880		124843		284234		47707
881		124843		284234		47707
882		124843		284234		47707
883		124843		284234		47707
884		124843		284234		47707
885		124843		284234		47707
886		124843		284234		47707
887		124843		284234		47707
888		124843		284234		47707
889		124843		284234		47707
890		124843		284234		47707
891		124843		284234		47707
892		124843		284234		47707
893		124843		284234		47707
894		124843		284234		47707
895		124843		284234		47707
896		124843		284234		47707
897		124843		284234		47707
898		124843		284234		47707
899		124843		284234		47707
900		124843		284234		47707
901		124843		284234		47707
902		124843		284234		47707
903		124843		284234		47707
904		124843		284234		47707
905		124843		284234		47707
906		124843		284234		47707
907		124843		284234		47707
908		124843		284234		47707
909		124843		284234		47707
910		124843		284234		47707
911		124843		284234		47707
912		124843		284234		47707
913		124843		284234		47707
914		124843		284234		47707
915		124843		284234		47707
916		124843		284234		47707
917		124843		284234		47707
918		124843		284234		47707
919		124843		284234		47707
920		124843		284234		47707
921		124843		284234		47707
922		124843		284234		47707
923		124843		284234		47707
924		124843		284234		47707
925		124843		284234		47707
926		124843		284234		47707
927		124843		284234		47707
928		124843		284234		47707
929		124843		284234		47707
930		124843		284234		47707
931		124843		284234		47707
932		124843		284234		47707
933		124843		284234		47707
934		124843		284234		47707
935		124843		284234		47707
936		124843		284234		47707
937		124843		284234		47707
938		124843		284234		47707
939		124843		284234		47707
940		124843		284234		47707
941		124843		284234		47707
942		124843		284234		47707
943		124843		284234		47707
944		124843		284234		47707
945		124843		284234		47707
946		124843		284234		47707
947		124843		284234		47707
948		124843		284234		47707
949		124843		284234		47707
950		124843		284234		47707
951		124843		284234		47707
952		124843		284234		47707
953		124843		284234		47707
954		124843		284234		47707
955		124843		284234		47707
956		124843		284234		47707
957		124843		284234		47707
958		124843		284234		47707
959		124843		284234		47707
960		124843		284234		47707
961		124843		284234		47707
962		124843		284234		47707
963		124843		284234		47707
964		124843		284234		47707
965		124843		284234		47707
966		124843		284234		47707
967		124843		284234		47707
968		124843		284234		47707
969		124843		284234		47707
970		124843		284234		47707
971		124843		284234		47707
972		124843		284234		47707
973		124843		284234		47707
974		124843		284234		47707
975		124843		284234		47707
976		124843		284234		47707
977		124843		284234		47707
978		124843		284234		47707
979		124843		284234		47707
980		124843		284234		47707
981		124843		284234		47707
982		124843		284234		47707
983		124843		284234		47707
984		124843		284234		47707
985		124843		284234		47707
986		124843		284234		47707
987		124843		284234		47707
988		124843		284234		47707
989		124843		284234		47707
990		124843		284234		47707
991		124843		284234		47707
992		124843		284234		47707
993		124843		284234		47707
994		124843		284234		47707
995		124843		284234		47707
996		124843		284234		47707
997		124843		284234		47707
998		124843		284234		47707
999		124843		284234		47707
