# Migration is number of nodes that have changed color.

Round		Edge-Cut		Swaps		Migrations		Skipped
0		610438		63685		54847
1		611256		127361		46794
2		610273		191049		47965
3		610660		254734		47293
4		610141		318406		47929
5		610536		382077		47691
6		609926		445755		47651
7		611423		509444		47630
8		611046		573134		47711
9		610322		636833		47542
10		611314		700524		47735
11		610412		764209		47568
12		610774		827881		47495
13		610412		891564		47600
14		610545		955236		47588
15		610400		1018906		47733
16		610242		1082579		47687
17		610198		1146266		47527
18		610415		1209954		47615
19		610435		1273635		47444
20		610912		1337312		47562
21		610660		1400983		47487
22		609913		1464657		47607
23		610289		1528340		47588
24		609983		1592033		47781
25		610083		1655718		47496
26		610530		1719399		47662
27		610575		1783073		47594
28		610627		1846752		47723
29		610673		1910427		47694
30		610455		1974110		47655
31		610045		2037795		47534
32		610625		2101470		47799
33		610497		2165144		47488
34		610580		2228824		47748
35		610384		2292521		47657
36		610703		2356204		47621
37		610241		2419887		47672
38		610390		2483549		47568
39		610152		2547241		47416
40		610548		2610919		47729
41		610510		2674610		47483
42		610910		2738297		47595
43		610860		2801994		47748
44		611210		2865689		47599
45		610145		2929369		47747
46		609661		2993059		47810
47		609968		3056743		47713
48		610031		3120418		47483
49		610475		3184107		47760
50		610978		3247802		47542
51		610847		3311484		47735
52		611162		3375176		47546
53		609544		3438868		47544
54		610394		3502544		47645
55		610661		3566228		47525
56		610520		3629916		47574
57		610653		3693600		47399
58		610473		3757283		47566
59		609979		3820964		47661
60		610702		3884638		47563
61		610327		3948310		47550
62		610496		4011998		47615
63		610509		4075679		47558
64		610831		4139364		47671
65		610400		4203050		47782
66		610354		4266740		47633
67		610070		4330420		47692
68		611117		4394096		47778
69		610999		4457774		47441
70		610827		4521451		47732
71		609798		4585121		47704
72		610751		4648787		47706
73		610622		4712466		47566
74		609897		4776147		47745
75		610668		4839815		47735
76		610721		4903504		47589
77		610358		4967193		47580
78		610313		5030865		47605
79		611298		5094561		47596
80		610805		5158235		47712
81		610627		5221908		47716
82		610041		5285581		47637
83		610792		5349257		47674
84		609639		5412933		47718
85		610560		5476605		47634
86		610810		5540272		47846
87		610626		5603955		47747
88		610821		5667616		47799
89		611250		5731297		47679
90		610031		5794977		47772
91		610572		5858665		47585
92		610794		5922346		47673
93		611219		5986025		47765
94		610955		6049692		47832
95		610930		6113363		47620
96		609627		6177038		47927
97		610873		6240722		47615
98		610370		6304409		47721
99		610691		6368080		47748
100		611577		6431760		47616
101		610053		6495438		47675
102		609788		6559099		47604
103		610391		6622782		47815
104		610022		6686452		47711
105		611340		6750136		47684
106		610795		6813808		47712
107		610426		6877490		47641
108		609922		6941167		47911
109		610302		7004839		47491
110		610554		7068503		48049
111		611012		7132196		47615
112		610402		7195840		47556
113		609864		7259520		47627
114		610462		7323196		47751
115		610240		7386870		47877
116		610319		7450542		47547
117		611032		7514220		47725
118		611290		7577896		47667
119		610696		7641570		47585
120		609804		7705241		47490
121		610159		7768917		47725
122		610542		7832586		47607
123		610285		7896259		47671
124		610264		7959953		47648
125		610493		8023639		47598
126		609836		8087305		47854
127		610509		8150979		47962
128		610729		8214656		47696
129		609434		8278328		47752
130		610390		8342009		47733
131		610243		8405677		47781
132		610211		8469333		47803
133		610341		8533001		47661
134		611750		8596660		47778
135		609995		8660336		47900
136		610377		8724014		47730
137		610788		8787689		47649
138		610200		8851354		47770
139		610604		8915023		47807
140		610574		8978686		47662
141		610400		9042360		47624
142		609560		9106028		47745
143		610308		9169699		47816
144		611012		9233355		47749
145		609768		9297027		47444
146		610440		9360696		47709
147		610083		9424371		47696
148		610116		9488040		47801
149		610001		9551703		47689
150		610523		9615375		47737
151		609625		9679046		47828
152		610566		9742716		47605
153		609854		9806395		47583
154		609846		9870067		47713
155		609661		9933727		47666
156		610720		9997396		47799
157		610266		10061069		47783
158		610920		10124732		47596
159		610630		10188405		47804
160		609390		10252077		47717
161		610423		10315736		47724
162		610225		10379400		47877
163		610554		10443057		47856
164		611496		10506725		47750
165		611129		10570382		47927
166		610010		10634046		47688
167		610116		10697731		47770
168		610038		10761408		47519
169		610861		10825086		47770
170		609103		10888757		47703
171		609949		10952427		47695
172		610357		11016087		47606
173		610798		11079757		47635
174		610158		11143427		47694
175		610363		11207102		47912
176		609920		11270776		47887
177		610317		11334447		47798
178		610548		11398121		47920
179		610637		11461782		47621
180		610219		11525435		47710
181		610535		11589108		47642
182		610464		11652779		47730
183		610731		11716455		47878
184		610138		11780127		47888
185		609866		11843780		47642
186		611171		11907438		47768
187		610286		11971112		47928
188		610737		12034782		47615
189		610637		12098450		47766
190		610711		12162116		47734
191		609898		12225766		47687
192		610107		12289429		47763
193		610543		12353086		47849
194		610291		12416750		47783
195		610661		12480419		47742
196		610152		12544073		47796
197		610856		12607739		47866
198		610842		12671396		47783
199		610467		12735058		47743
200		609982		12798718		47850
201		610189		12862372		47766
202		610155		12926031		47788
203		610143		12989673		47691
204		610157		13053334		48065
205		610270		13117007		47733
206		610107		13180664		47624
207		609804		13244337		47647
208		610016		13308000		47886
209		609895		13371678		47761
210		610558		13435348		47750
211		609982		13499003		47660
212		610336		13562663		47813
213		610085		13626329		47703
214		609615		13689977		47765
215		609748		13753655		47728
216		609944		13817315		47743
217		609345		13880969		47622
218		610113		13944639		47739
219		610704		14008298		47801
220		610089		14071959		47846
221		610451		14135624		47658
222		610521		14199290		47904
223		610152		14262940		47723
224		610701		14326606		47923
225		610221		14390269		47687
226		610180		14453937		47902
227		610323		14517597		47680
228		610810		14581267		47857
229		609731		14644901		47776
230		610547		14708554		47634
231		610931		14772217		47816
232		610082		14835892		47553
233		610217		14899558		47947
234		609922		14963230		47920
235		610198		15026887		47663
236		610351		15090557		47700
237		609877		15154203		47686
238		610111		15217873		47962
239		609807		15281535		47620
240		609920		15345185		47848
241		609749		15408851		47557
242		610151		15472518		47782
243		610266		15536172		47778
244		609903		15599829		47799
245		610158		15663488		47869
246		610338		15727155		47833
247		609979		15790817		47823
248		609699		15854469		47707
249		610290		15918128		47824
250		610459		15981780		47688
251		610624		16045432		47740
252		610321		16109085		47588
253		610932		16172748		47731
254		610231		16236398		47765
255		609981		16300068		47762
256		610545		16363717		47946
257		609720		16427358		47586
258		609666		16491024		47771
259		609860		16554673		47925
260		610274		16618322		47651
261		610341		16681976		47818
262		610459		16745644		47812
263		610218		16809316		47633
264		610238		16872977		47820
265		610161		16936631		47706
266		610409		17000296		47764
267		611034		17063967		47843
268		610207		17127639		47761
269		609506		17191303		47888
270		609712		17254947		47714
271		610143		17318597		47781
272		609261		17382250		47801
273		609909		17445904		47708
274		610260		17509545		47817
275		610530		17573183		47658
276		610107		17636836		47980
277		610700		17700472		47614
278		610441		17764132		47694
279		610224		17827782		47937
280		610426		17891445		47739
281		610721		17955094		47607
282		609622		18018734		47864
283		609444		18082376		47686
284		609855		18146010		47863
285		609893		18209646		47517
286		610213		18273283		47842
287		610423		18336926		47841
288		610304		18400568		47786
289		609851		18464202		47844
290		610488		18527843		47634
291		609573		18591479		47737
292		610106		18655122		47734
293		609773		18718740		47839
294		610051		18782358		47836
295		609420		18845997		47983
296		609626		18909627		47744
297		609937		18973276		47806
298		609925		19036898		47845
299		609922		19100520		47640
300		609530		19164155		47616
301		609960		19227783		47847
302		610423		19291424		47890
303		610421		19355063		47859
304		609496		19418685		47933
305		609832		19482317		47802
306		609794		19545946		47759
307		609215		19609583		47548
308		609457		19673208		47771
309		610020		19736839		47797
310		610092		19800462		47840
311		610324		19864094		47874
312		608980		19927726		47707
313		609666		19991340		47972
314		609867		20054974		47596
315		609991		20118606		47914
316		609205		20182217		47683
317		609589		20245812		47659
318		609998		20309434		47731
319		609588		20373058		47996
320		609804		20436678		47876
321		609423		20500290		47711
322		609832		20563918		47958
323		610236		20627538		47747
324		609968		20691172		47626
325		609572		20754805		47759
326		610626		20818423		47741
327		609850		20882043		47990
328		609910		20945680		47805
329		610043		21009310		47796
330		609837		21072947		47913
331		610013		21136582		47822
332		609819		21200187		47730
333		610173		21263818		47879
334		609898		21327453		47729
335		610073		21391069		47819
336		608991		21454687		47899
337		609653		21518307		47764
338		609686		21581926		47850
339		609655		21645548		48023
340		610212		21709173		47619
341		609608		21772769		47805
342		609926		21836395		47816
343		610152		21900007		47883
344		609992		21963640		47826
345		610196		22027246		47649
346		609882		22090866		47928
347		609610		22154476		47699
348		609137		22218096		47887
349		609284		22281734		47650
350		609213		22345351		47873
351		609376		22408968		47790
352		608905		22472598		47800
353		609407		22536217		47653
354		608912		22599844		48065
355		609996		22663447		47697
356		609213		22727067		48015
357		609780		22790692		47628
358		609077		22854324		47743
359		609421		22917947		47867
360		610171		22981559		47704
361		609536		23045194		47704
362		609966		23108809		47800
363		610157		23172436		47750
364		609248		23236042		47642
365		609249		23299655		47905
366		608935		23363275		47699
367		609402		23426886		47724
368		610185		23490499		47895
369		609594		23554112		47820
370		609942		23617743		47760
371		609430		23681357		47780
372		609372		23744973		47714
373		610199		23808591		48034
374		609664		23872210		47825
375		609601		23935825		47869
376		609630		23999434		47821
377		610187		24063044		47762
378		609727		24126639		47885
379		609628		24190253		47761
380		609501		24253863		47835
381		609211		24317464		47826
382		609847		24381050		47688
383		609031		24444653		47832
384		609177		24508259		47893
385		610165		24571872		47731
386		609080		24635483		47743
387		609436		24699094		47757
388		609748		24762686		47873
389		609127		24826284		47635
390		609630		24889916		47965
391		610084		24953525		48030
392		610078		25017097		47776
393		609374		25080699		47757
394		609143		25144300		47975
395		609785		25207908		47928
396		609588		25271502		47714
397		609442		25335095		47692
398		609853		25398700		47742
399		608539		25462305		47794
400		608513		25525916		47669
401		609760		25589518		47954
402		609884		25653124		47829
403		609478		25716714		47829
404		608772		25780309		47629
405		608854		25843907		47920
406		609487		25907494		47868
407		609338		25971087		47407
408		609466		26034673		47824
409		609737		26098284		47843
410		609514		26161881		47907
411		609317		26225472		47933
412		609097		26289110		47747
413		609720		26352695		47907
414		609933		26416301		47866
415		608889		26479914		47791
416		609190		26543498		47921
417		610112		26607102		47782
418		610505		26670722		47843
419		609174		26734317		47941
420		609313		26797923		47796
421		609525		26861522		47684
422		609590		26925125		47711
423		609097		26988719		47737
424		609138		27052301		47762
425		609109		27115863		47944
426		609485		27179443		47873
427		609090		27243018		47771
428		608918		27306623		47677
429		608950		27370194		47788
430		608594		27433776		47679
431		608474		27497329		47883
432		608862		27560901		47771
433		608736		27624480		47680
434		609537		27688067		47840
435		608500		27751660		47870
436		608632		27815245		47895
437		609054		27878813		47779
438		609597		27942395		47712
439		609415		28006003		47647
440		608953		28069585		47826
441		609567		28133163		47995
442		608507		28196732		47835
443		608912		28260295		47819
444		609736		28323873		47711
445		608576		28387448		47759
446		609658		28451045		47828
447		609412		28514627		47772
448		608601		28578175		47424
449		608976		28641763		47760
450		609002		28705336		47761
451		609015		28768907		47827
452		608823		28832445		47600
453		608334		28896004		47941
454		609199		28959581		47622
455		608855		29023174		47819
456		609139		29086731		47710
457		609818		29150313		47836
458		609001		29213886		47762
459		608535		29277466		47704
460		609013		29341037		47861
461		609320		29404617		47701
462		609146		29468202		47827
463		609513		29531745		47750
464		609150		29595299		47734
465		608329		29658866		47749
466		608786		29722447		47858
467		608377		29786021		47971
468		609108		29849590		47684
469		608605		29913156		47768
470		608730		29976712		47658
471		607844		30040284		47969
472		609022		30103853		47893
473		609483		30167390		47853
474		608953		30230933		47771
475		608250		30294460		47638
476		609203		30357996		47976
477		608539		30421536		47596
478		608501		30485088		47768
479		608533		30548637		47680
480		607527		30612208		47749
481		608672		30675757		47716
482		609273		30739325		47772
483		608315		30802875		47859
484		608587		30866430		47991
485		609194		30929980		47857
486		608823		30993522		47654
487		608790		31057076		47882
488		609407		31120639		47731
489		607764		31184197		47845
490		609137		31247741		47859
491		608253		31311295		47714
492		608843		31374871		47824
493		608880		31438414		47669
494		608986		31501966		47982
495		608363		31565490		47763
496		608899		31629024		47652
497		609120		31692568		47675
498		608476		31756127		47723
499		609105		31819680		47866
500		608025		31883212		47849
501		609042		31946745		47887
502		607842		32010267		47778
503		607860		32073807		47801
504		608550		32137358		48037
505		608798		32200901		47729
506		608542		32264411		47886
507		608007		32327937		47725
508		608832		32391478		47573
509		608705		32455034		47835
510		607793		32518573		47778
511		608534		32582101		47854
512		608092		32645641		47859
513		608361		32709148		47786
514		608263		32772675		47754
515		607762		32836203		47826
516		608181		32899726		47953
517		608684		32963271		47631
518		607838		33026820		47669
519		608200		33090357		47956
520		608108		33153894		47742
521		607675		33217410		47956
522		608136		33280905		47707
523		608655		33344433		47888
524		607971		33407938		47724
525		608449		33471449		47824
526		608004		33535003		47845
527		607883		33598536		47885
528		608227		33662056		47764
529		607776		33725579		47755
530		607880		33789110		47725
531		607588		33852597		47842
532		608522		33916106		47841
533		608664		33979606		47867
534		608266		34043109		47749
535		607857		34106635		47879
536		609029		34170169		47843
537		608204		34233712		47834
538		609400		34297235		47655
539		609163		34360745		47775
540		608262		34424272		48052
541		608564		34487799		47666
542		608447		34551318		47692
543		608079		34614840		48039
544		607955		34678357		47717
545		607496		34741884		47906
546		608036		34805412		47676
547		607473		34868921		47884
548		608438		34932419		47840
549		609212		34995949		47809
550		607697		35059489		47707
551		607822		35122998		47861
552		607406		35186496		47783
553		607176		35249972		47802
554		608606		35313467		47837
555		608456		35376973		47982
556		607456		35440486		47827
557		607521		35503973		47649
558		608594		35567507		47908
559		607894		35630984		47853
560		608697		35694493		47740
561		608644		35757993		47798
562		607838		35821489		47736
563		607542		35884974		47925
564		607018		35948470		47874
565		607823		36011985		47652
566		606733		36075454		47821
567		607774		36138959		48043
568		607878		36202451		47802
569		608444		36265973		47864
570		607842		36329462		47717
571		607765		36392932		47721
572		607106		36456411		48016
573		608001		36519907		47637
574		608021		36583392		47754
575		607498		36646896		47838
576		607597		36710375		47660
577		607760		36773851		47714
578		607760		36837333		47889
579		607470		36900816		47705
580		607062		36964334		47785
581		606016		37027811		47575
582		607023		37091290		47925
583		606922		37154780		47910
584		607600		37218310		47893
585		608190		37281763		47848
586		607851		37345174		47764
587		606411		37408578		47802
588		607107		37471982		47698
589		606948		37535389		47909
590		607341		37598829		47777
591		607374		37662229		47803
592		607457		37725612		47845
593		606642		37788987		47810
594		606847		37852408		47822
595		607031		37915818		47781
596		607251		37979207		47572
597		606452		38042585		47918
598		607697		38106015		47911
599		607503		38169403		47831
600		606893		38232770		47786
601		607777		38296165		47641
602		607992		38359565		47855
603		607862		38422942		47833
604		607889		38486319		47591
605		606834		38549712		47979
606		607418		38613082		47685
607		607923		38676477		47686
608		606708		38739837		47757
609		606200		38803179		47787
610		607003		38866572		47753
611		607445		38929946		47614
612		607190		38993285		47864
613		607096		39056660		47548
614		606739		39119982		47708
615		606395		39183340		47917
616		606903		39246693		47659
617		606127		39310068		47900
618		606571		39373459		47909
619		606229		39436792		47689
620		605644		39500133		47720
621		606278		39563460		48000
622		606242		39626814		47757
623		606110		39690120		47803
624		605699		39753421		47707
625		606272		39816696		47603
626		606115		39879989		47625
627		606420		39943343		47810
628		606792		40006643		47562
629		607036		40069999		47783
630		606905		40133300		47579
631		606685		40196657		47839
632		606731		40259961		47840
633		606048		40323276		47666
634		606535		40386579		47825
635		605771		40449885		47919
636		605539		40513180		47815
637		605801		40576481		47784
638		606112		40639750		47698
639		606563		40703054		47727
640		606322		40766351		47723
641		604939		40829652		47719
642		604926		40892935		47482
643		606081		40956175		48029
644		605815		41019451		47822
645		606074		41082714		47756
646		607094		41145980		48016
647		606153		41209260		47858
648		606205		41272527		47695
649		605120		41335807		47702
650		606291		41399062		47789
651		605513		41462281		47872
652		605824		41525547		47805
653		606230		41588841		47902
654		606038		41652131		47646
655		606446		41715406		47743
656		605914		41778687		47691
657		605317		41841956		47808
658		605598		41905210		47782
659		606390		41968486		47834
660		605573		42031699		47655
661		604427		42094918		47782
662		605218		42158151		47755
663		605031		42221441		47803
664		604817		42284696		47834
665		604768		42347915		47876
666		605840		42411166		47828
667		604910		42474350		47941
668		605547		42537546		47734
669		605995		42600763		47905
670		605529		42663999		47779
671		604678		42727213		47834
672		605080		42790410		48104
673		605937		42853633		47762
674		605610		42916869		47749
675		604363		42980041		47730
676		603983		43043243		47761
677		604471		43106446		47690
678		604292		43169661		47806
679		605270		43232840		48072
680		604121		43296028		47685
681		604226		43359227		47686
682		603714		43422402		47857
683		604798		43485559		47916
684		603489		43548740		47905
685		604863		43611886		47933
686		604231		43675085		47909
687		604859		43738242		47752
688		604322		43801370		47639
689		605402		43864528		47862
690		604051		43927678		47729
691		604421		43990845		47865
692		604577		44053994		47752
693		604128		44117133		47890
694		604314		44180316		47726
695		604179		44243446		47703
696		603371		44306603		47880
697		603748		44369714		47745
698		603696		44432856		47766
699		603214		44496010		47953
700		603381		44559105		47755
701		603347		44622209		47808
702		602811		44685307		47614
703		603517		44748426		47641
704		602492		44811546		47766
705		603470		44874688		47761
706		602972		44937798		47932
707		603065		45000909		47671
708		603017		45064041		47822
709		602522		45127187		47620
710		603120		45190271		47800
711		602280		45253369		47578
712		602476		45316409		47847
713		601604		45379482		47645
714		600935		45442560		47811
715		601281		45505646		47646
716		601917		45568660		47689
717		601307		45631749		47759
718		601424		45694820		47903
719		601505		45757876		47853
720		601780		45820928		47782
721		601137		45883997		47801
722		600412		45947070		47878
723		600923		46010150		47816
724		599799		46073178		47608
725		599297		46136219		47956
726		599419		46199170		47721
727		600414		46262181		47696
728		599743		46325154		47810
729		599931		46388173		47823
730		598299		46451107		47741
731		597692		46514043		47669
732		597657		46577045		47962
733		596697		46640047		47855
734		596300		46702958		47829
735		596606		46765933		47874
736		594649		46828820		47717
737		593180		46891741		47850
738		590744		46954584		47775
739		587305		47017447		47845
740		584554		47080296		47753
741		580469		47143072		47950
742		575323		47205909		47798
743		570622		47268647		47624
744		569472		47331276		47740
745		566455		47393864		47696
746		562617		47456431		47838
747		558807		47518919		47827
748		556020		47581387		47783
749		553779		47643759		47863
750		550844		47706128		48014
751		548977		47768462		47818
752		546829		47830767		47718
753		543391		47893056		47710
754		540947		47955241		47889
755		535123		48017366		47630
756		527883		48079383		47850
757		522329		48141418		47854
758		516724		48203263		47799
759		512106		48265020		47700
760		508439		48326672		47725
761		502381		48388225		47973
762		499408		48449771		47728
763		499479		48511217		47723
764		497916		48572643		47881
765		495485		48633988		47709
766		494481		48695283		47692
767		493423		48756475		47675
768		491240		48817524		47817
769		490555		48878583		47868
770		490379		48939546		47712
771		489418		49000589		47942
772		487554		49061484		47799
773		486023		49122370		47735
774		484966		49183304		47831
775		482975		49244018		47787
776		480868		49304580		47883
777		479074		49364927		47991
778		477225		49425114		47763
779		474883		49485096		47789
780		472439		49544952		47765
781		470216		49604692		47805
782		472207		49664323		47938
783		468191		49723889		47731
784		466629		49783232		47836
785		463298		49842401		47758
786		460151		49901121		47850
787		454709		49959562		47876
788		451395		50017773		47696
789		448132		50075505		47904
790		443570		50132944		47923
791		427909		50189693		47824
792		392897		50245033		47819
793		367032		50297879		47874
794		347887		50348621		47943
795		335629		50397691		47840
796		327305		50445489		47872
797		321423		50492457		47831
798		317827		50538624		47754
799		315998		50584309		47905
800		313641		50629588		47843
801		311865		50674508		47822
802		312199		50719200		47864
803		309207		50763727		47909
804		307823		50808019		47752
805		305922		50852090		47853
806		305623		50896010		47730
807		303247		50939557		48004
808		302470		50982981		47792
809		301251		51026166		47801
810		300818		51069261		47785
811		301442		51112451		47907
812		299966		51155542		47608
813		299568		51198368		47818
814		298613		51241250		47735
815		297229		51284019		47842
816		297030		51326615		47696
817		296344		51369121		47878
818		295626		51411453		47855
819		294514		51453642		47820
820		294568		51495690		47739
821		292822		51537534		47860
822		292642		51579100		47659
823		291106		51620661		47569
824		290805		51661864		47712
825		291810		51703233		47587
826		290666		51744662		47792
827		290275		51785823		47658
828		289016		51826932		47775
829		285309		51867424		47670
830		281248		51907390		47629
831		267047		51946782		47761
832		243501		51984474		47784
833		222205		52020100		47848
834		201725		52053168		47764
835		187646		52083551		47869
836		178072		52111719		47857
837		172441		52138181		47879
838		168054		52163420		47830
839		164931		52187673		47837
840		163247		52211217		47878
841		160774		52234321		47648
842		159638		52256526		47729
843		158952		52278640		47795
844		156900		52300221		47855
845		156337		52321488		47809
846		154569		52342423		47699
847		153421		52362844		47864
848		153007		52383043		47829
849		151177		52402953		47859
850		150413		52422368		47856
851		149539		52441383		47836
852		149157		52460188		47821
853		148193		52478776		47821
854		147814		52497269		47826
855		147314		52515625		47749
856		147533		52533833		47694
857		146086		52551808		47833
858		145408		52569341		47795
859		144884		52586749		47793
860		145532		52604054		47743
861		144999		52621259		47769
862		145295		52638579		47755
863		144688		52655722		47786
864		144139		52672478		47820
865		143917		52689139		47787
866		143172		52705612		47878
867		142348		52721924		47822
868		141927		52737865		47776
869		140890		52753894		47829
870		140765		52769467		47803
871		140096		52784916		47778
872		139938		52799932		47815
873		139498		52814823		47851
874		138399		52829443		47776
875		138561		52844086		47782
876		138122		52858562		47850
877		137818		52872816		47782
878		137440		52886725		47892
879		137248		52900666		47743
880		137431		52914750		47717
881		137513		52928650		47690
882		137184		52942342		47814
883		136376		52955833		47885
884		136066		52969079		47867
885		135910		52981966		47774
886		134824		52994768		47859
887		134160		53007208		47792
888		134263		53019368		47925
889		134006		53031530		47855
890		133808		53043513		47888
891		134208		53055691		47827
892		134159		53067779		47824
893		133688		53079665		47848
894		133250		53091425		47773
895		132978		53102770		47828
896		132597		53114305		47838
897		131962		53125508		47828
898		132071		53136687		47825
899		131610		53147692		47757
900		131498		53158553		47721
901		131180		53169362		47809
902		131276		53180253		47771
903		130982		53190838		47912
904		130453		53201329		47746
905		129926		53211471		47761
906		129564		53221315		47778
907		129276		53230971		47766
908		128986		53240481		47700
909		128739		53249900		47696
910		128375		53259335		47742
911		128254		53268505		47822
912		128056		53277587		47865
913		128256		53286570		47785
914		127797		53295442		47819
915		127723		53304167		47845
916		127499		53312834		47889
917		127003		53321206		47828
918		126947		53329593		47818
919		126956		53337855		47870
920		126627		53346103		47913
921		126559		53354070		47927
922		126334		53362060		47930
923		126237		53369886		47935
924		126221		53377675		47838
925		126089		53385465		47857
926		125742		53393033		47918
927		125533		53400545		47883
928		125629		53408051		47842
929		125461		53415402		47950
930		125222		53422675		47845
931		125450		53429864		47830
932		124778		53436964		47829
933		124744		53443906		47789
934		124692		53450642		47861
935		124260		53457247		47922
936		124214		53463663		47944
937		124118		53470119		47823
938		124061		53476434		47783
939		123727		53482659		47735
940		123426		53488803		47776
941		123420		53494881		47750
942		123220		53500918		47801
943		123079		53506747		47817
944		123214		53512462		47840
945		122631		53518213		47785
946		122809		53523747		47784
947		122462		53529305		47842
948		122236		53534598		47837
949		122262		53539804		47846
950		122128		53544953		47726
951		121972		53550134		47853
952		121930		53555279		47846
953		121753		53560291		47891
954		121782		53565349		47878
955		121773		53570286		47829
956		121754		53575158		47833
957		121607		53579980		47904
958		121455		53584648		47867
959		121358		53589373		47869
960		121346		53594003		47923
961		121202		53598545		47889
962		121013		53603060		47884
963		120976		53607540		47872
964		120709		53611804		47915
965		120712		53616102		47832
966		120493		53620262		47820
967		120304		53624257		47829
968		120289		53628161		47841
969		120304		53632021		47790
970		120270		53635918		47787
971		120188		53639836		47799
972		120147		53643663		47789
973		120067		53647418		47820
974		120005		53651144		47813
975		119811		53654831		47857
976		119735		53658450		47853
977		119645		53661896		47834
978		119721		53665373		47840
979		119556		53668850		47847
980		119574		53672229		47844
981		119680		53675636		47862
982		119606		53678972		47842
983		119398		53682222		47845
984		119283		53685380		47895
985		119238		53688453		47854
986		119064		53691500		47848
987		118977		53694512		47793
988		118937		53697637		47856
989		118919		53700696		47881
990		118739		53703624		47840
991		118673		53706511		47840
992		118632		53709322		47873
993		118687		53712170		47845
994		118618		53715046		47811
995		118587		53717789		47786
996		118509		53720475		47770
997		118521		53723136		47858
998		118558		53725710		47879
999		118360		53728313		47864
