# Migration is number of nodes that have changed color.

Round		Edge-Cut		Swaps		Migrations		Skipped
0		429160		54957		48067
1		278617		95477		46712
2		215458		124480		47156
3		189137		146083		47402
4		174555		163019		47451
5		166449		177007		47554
6		160717		188729		47624
7		157073		198705		47545
8		154468		207337		47562
9		152294		215089		47571
10		150804		221981		47594
11		149516		228217		47713
12		148565		234114		47635
13		147542		239564		47638
14		146775		244498		47663
15		146278		249164		47621
16		145811		253468		47675
17		145398		257552		47699
18		145011		261461		47667
19		144482		265255		47648
20		143629		268907		47685
21		143072		272464		47672
22		142813		275694		47694
23		142674		278867		47704
24		142512		281901		47635
25		142270		284854		47633
26		142087		287784		47602
27		141947		290462		47606
28		141759		293128		47616
29		141586		295701		47639
30		141469		298267		47671
31		141353		300808		47606
32		141256		303211		47591
33		141086		305580		47661
34		140987		307951		47666
35		140936		310246		47661
36		140842		312521		47688
37		140763		314653		47645
38		140650		316817		47664
39		140341		318866		47669
40		139264		321084		47653
41		138736		323303		47594
42		138591		325436		47588
43		138498		327603		47626
44		138448		329624		47614
45		138354		331664		47606
46		138238		333625		47626
47		138203		335518		47675
48		138198		337436		47717
49		138140		339279		47743
50		138095		341195		47641
51		138078		343018		47647
52		138026		344873		47657
53		137904		346725		47620
54		137832		348530		47672
55		137697		350391		47683
56		137295		352341		47662
57		136963		354244		47616
58		136817		356114		47619
59		136700		357911		47672
60		136660		359656		47652
61		136609		361308		47630
62		136563		362932		47616
63		136551		364601		47611
64		136509		366256		47603
65		136470		367866		47624
66		136454		369516		47680
67		136418		371091		47687
68		136396		372629		47638
69		136409		374192		47622
70		136383		375747		47654
71		136349		377250		47677
72		136301		378735		47691
73		136327		380317		47658
74		136362		381831		47645
75		136335		383335		47665
76		136313		384897		47666
77		136350		386417		47638
78		136307		387971		47639
79		136314		389535		47666
80		136246		391029		47674
81		136227		392484		47650
82		136261		393919		47673
83		136276		395381		47704
84		136252		396892		47720
85		136261		398316		47707
86		136264		399803		47688
87		136292		401372		47695
88		136275		402944		47684
89		136235		404461		47663
90		136196		405921		47669
91		136136		407427		47650
92		136115		408893		47709
93		136105		410294		47711
94		136110		411710		47700
95		136113		413114		47718
96		136131		414519		47725
97		136143		415952		47669
98		136150		417407		47646
99		136104		418832		47710
100		136087		420260		47705
101		136063		421714		47710
102		135993		423139		47687
103		135978		424466		47733
104		135980		425798		47727
105		136016		427168		47683
106		135982		428588		47677
107		135969		429971		47733
108		135958		431347		47698
109		135915		432732		47707
110		135925		434079		47738
111		135860		435446		47710
112		135884		436805		47731
113		135900		438198		47669
114		135920		439552		47669
115		135863		440918		47669
116		135788		442259		47644
117		135781		443559		47698
118		135799		444819		47757
119		135725		446106		47752
120		135712		447409		47749
121		135755		448717		47751
122		135744		450002		47775
123		135752		451291		47702
124		135743		452614		47703
125		135734		453869		47687
126		135721		455246		47683
127		135722		456592		47725
128		135741		457994		47703
129		135713		459391		47714
130		135702		460708		47726
131		135663		462099		47697
132		135663		463440		47701
133		135590		464843		47676
134		135564		466196		47672
135		135500		467487		47667
136		135458		468778		47694
137		135411		470136		47678
138		135340		471479		47696
139		135233		472845		47677
140		135042		474272		47636
141		135039		475635		47657
142		135026		477062		47695
143		135032		478497		47677
144		135059		479960		47707
145		135086		481407		47690
146		135090		482873		47665
147		135068		484369		47673
148		135017		485840		47668
149		135000		487286		47702
150		134965		488657		47711
151		134907		489981		47699
152		134889		491361		47712
153		134869		492683		47720
154		134859		493963		47709
155		134837		495217		47718
156		134794		496502		47697
157		134770		497702		47699
158		134764		498915		47698
159		134691		500097		47696
160		134690		501238		47674
161		134655		502356		47658
162		134650		503535		47662
163		134651		504729		47634
164		134639		505883		47621
165		134625		506995		47652
166		134615		508133		47644
167		134619		509316		47621
168		134582		510519		47641
169		134592		511680		47657
170		134578		512847		47674
171		134570		514021		47699
172		134576		515175		47701
173		134546		516366		47697
174		134512		517484		47650
175		134460		518706		47690
176		134139		519978		47679
177		133765		521299		47732
178		133635		522659		47744
179		133584		524073		47715
180		133537		525527		47710
181		133501		526966		47691
182		133422		528377		47739
183		133284		529782		47711
184		133249		531231		47670
185		133213		532689		47741
186		133187		534077		47734
187		133107		535460		47729
188		133086		536855		47728
189		133022		538205		47700
190		132990		539601		47723
191		132954		541011		47699
192		132922		542435		47709
193		132895		543769		47739
194		132901		545135		47706
195		132918		546550		47709
196		132910		547990		47701
197		132887		549414		47737
198		132912		550927		47685
199		132886		552325		47766
200		132819		553791		47743
201		132827		555297		47727
202		132800		556763		47745
203		132744		558148		47761
204		132712		559517		47772
205		132684		560924		47758
206		132650		562248		47758
207		132606		563529		47738
208		132564		564857		47743
209		132519		566201		47709
210		132491		567529		47723
211		132504		568896		47703
212		132509		570164		47625
213		132461		571414		47666
214		132428		572730		47701
215		132434		573986		47709
216		132408		575265		47680
217		132374		576518		47672
218		132367		577710		47701
219		132363		578873		47695
220		132385		580099		47680
221		132353		581293		47672
222		132285		582571		47692
223		132161		583940		47666
224		131159		585455		47668
225		129876		587256		47679
226		129495		588966		47672
227		129300		590665		47722
228		129196		592336		47713
229		129078		593948		47668
230		129054		595545		47595
231		128967		597134		47630
232		128888		598692		47677
233		128819		600187		47634
234		128781		601717		47656
235		128747		603200		47662
236		128686		604594		47675
237		128659		606000		47658
238		128632		607392		47618
239		128573		608747		47619
240		128560		610085		47608
241		128526		611380		47601
242		128446		612666		47618
243		128460		613924		47615
244		128383		615128		47658
245		128335		616310		47667
246		128343		617487		47609
247		128277		618636		47650
248		128260		619734		47674
249		128271		620828		47627
250		128213		621954		47617
251		128194		623054		47643
252		128202		624150		47631
253		128163		625284		47656
254		128137		626376		47614
255		128102		627379		47599
256		128120		628383		47593
257		128138		629411		47638
258		128121		630450		47672
259		128095		631499		47676
260		128071		632487		47638
261		128079		633551		47661
262		128051		634565		47688
263		128051		635574		47706
264		128020		636581		47684
265		128013		637637		47663
266		127980		638615		47696
267		128032		639667		47678
268		128021		640658		47697
269		128036		641636		47747
270		128049		642676		47749
271		128028		643713		47731
272		128006		644728		47718
273		127981		645777		47723
274		128010		646801		47721
275		128010		647878		47706
276		127984		648936		47687
277		127975		649927		47676
278		127965		650957		47647
279		127942		651982		47685
280		127973		652994		47645
281		127937		654021		47694
282		127921		654955		47691
283		127914		655905		47671
284		127845		656852		47715
285		127866		657786		47708
286		127848		658758		47696
287		127829		659662		47669
288		127790		660525		47679
289		127788		661417		47683
290		127787		662281		47707
291		127769		663172		47702
292		127785		664026		47694
293		127772		664907		47638
294		127779		665836		47645
295		127757		666765		47678
296		127773		667664		47689
297		127800		668603		47691
298		127804		669551		47673
299		127758		670490		47661
300		127745		671393		47712
301		127760		672312		47708
302		127799		673263		47717
303		127796		674246		47726
304		127795		675226		47738
305		127797		676232		47754
306		127774		677165		47728
307		127750		678081		47702
308		127760		678990		47682
309		127740		679911		47710
310		127721		680811		47713
311		127748		681721		47731
312		127768		682630		47700
313		127759		683557		47695
314		127749		684422		47726
315		127729		685326		47739
316		127726		686200		47755
317		127722		687132		47721
318		127719		688002		47736
319		127695		688863		47720
320		127721		689709		47701
321		127719		690594		47684
322		127728		691440		47690
323		127704		692329		47705
324		127732		693242		47672
325		127698		694126		47676
326		127713		694968		47676
327		127699		695830		47658
328		127668		696662		47668
329		127654		697479		47674
330		127656		698314		47683
331		127640		699107		47671
332		127660		699948		47686
333		127656		700766		47708
334		127671		701623		47691
335		127700		702471		47691
336		127692		703357		47721
337		127688		704285		47707
338		127661		705174		47705
339		127642		706060		47703
340		127629		706893		47707
341		127633		707723		47702
342		127643		708567		47712
343		127624		709411		47733
344		127617		710222		47736
345		127616		711042		47689
346		127603		711877		47696
347		127588		712720		47692
348		127574		713567		47710
349		127581		714417		47709
350		127569		715240		47681
351		127566		716027		47701
352		127575		716912		47698
353		127561		717792		47685
354		127553		718628		47672
355		127550		719451		47659
356		127560		720282		47658
357		127564		721144		47660
358		127574		721952		47663
359		127577		722805		47609
360		127594		723633		47638
361		127574		724506		47596
362		127561		725320		47602
363		127581		726162		47588
364		127614		727031		47648
365		127610		727922		47674
366		127605		728802		47669
367		127596		729622		47647
368		127608		730443		47652
369		127614		731314		47671
370		127622		732146		47642
371		127601		732985		47650
372		127613		733839		47647
373		127580		734660		47698
374		127593		735479		47690
375		127583		736306		47715
376		127618		737159		47719
377		127641		738059		47689
378		127627		738905		47712
379		127606		739740		47684
380		127601		740615		47702
381		127571		741468		47667
382		127582		742343		47682
383		127553		743250		47617
384		127576		744160		47659
385		127559		745048		47642
386		127563		745890		47650
387		127562		746738		47608
388		127571		747610		47615
389		127563		748487		47643
390		127554		749367		47639
391		127567		750258		47654
392		127522		751100		47639
393		127531		751917		47643
394		127530		752787		47646
395		127549		753691		47658
396		127557		754553		47682
397		127552		755490		47648
398		127566		756394		47627
399		127552		757317		47632
400		127582		758204		47648
401		127590		759179		47661
402		127528		760042		47667
403		127551		760982		47666
404		127541		761822		47659
405		127494		762639		47632
406		127464		763463		47659
407		127467		764212		47658
408		127476		765025		47618
409		127476		765855		47678
410		127492		766694		47700
411		127492		767597		47691
412		127460		768451		47681
413		127505		769289		47629
414		127492		770170		47637
415		127494		771017		47657
416		127441		771928		47652
417		127444		772800		47641
418		127437		773659		47644
419		127426		774518		47660
420		127430		775361		47622
421		127418		776209		47632
422		127443		777024		47623
423		127445		777891		47637
424		127402		778804		47662
425		127414		779653		47651
426		127351		780486		47654
427		127264		781330		47631
428		127219		782184		47626
429		127083		783087		47643
430		126924		784083		47637
431		126870		785082		47644
432		126836		786106		47639
433		126812		787102		47653
434		126760		788017		47655
435		126727		788934		47650
436		126725		789871		47667
437		126713		790811		47643
438		126694		791687		47654
439		126710		792618		47671
440		126682		793545		47667
441		126693		794475		47673
442		126689		795379		47637
443		126693		796273		47685
444		126673		797172		47634
445		126669		798068		47635
446		126656		798949		47648
447		126630		799855		47662
448		126636		800713		47686
449		126645		801599		47663
450		126666		802437		47625
451		126625		803306		47644
452		126616		804183		47614
453		126581		804980		47644
454		126614		805825		47617
455		126634		806724		47611
456		126600		807610		47646
457		126586		808443		47625
458		126589		809257		47636
459		126554		810027		47639
460		126567		810810		47679
461		126550		811606		47633
462		126539		812443		47611
463		126535		813236		47610
464		126527		814056		47634
465		126554		814899		47629
466		126541		815755		47654
467		126569		816637		47672
468		126573		817493		47660
469		126601		818404		47628
470		126567		819288		47661
471		126564		820104		47682
472		126563		820978		47691
473		126614		821864		47692
474		126630		822787		47712
475		126588		823704		47761
476		126594		824599		47753
477		126574		825482		47750
478		126555		826377		47735
479		126566		827248		47749
480		126575		828179		47726
481		126470		829089		47768
482		126319		830023		47764
483		126250		830985		47762
484		126227		831879		47780
485		126190		832789		47762
486		126192		833653		47764
487		126185		834570		47746
488		126192		835496		47744
489		126182		836396		47768
490		126182		837283		47739
491		126190		838175		47735
492		126175		839077		47725
493		126129		839948		47756
494		126137		840818		47719
495		126154		841726		47746
496		126148		842612		47757
497		126136		843461		47740
498		126137		844294		47730
499		126151		845192		47708
500		126163		846091		47696
501		126168		847035		47702
502		126160		847949		47697
503		126143		848885		47686
504		126143		849773		47674
505		126134		850626		47700
506		126123		851485		47713
507		126117		852364		47726
508		126127		853243		47722
509		126162		854121		47714
510		126156		855061		47726
511		126143		855955		47681
512		126122		856837		47680
513		126150		857735		47694
514		126118		858637		47720
515		126142		859516		47700
516		126136		860428		47690
517		126107		861267		47717
518		126100		862093		47732
519		126107		862932		47684
520		126095		863783		47671
521		126092		864592		47636
522		126104		865389		47662
523		126078		866225		47656
524		126057		867073		47624
525		126033		867958		47624
526		126048		868779		47662
527		126049		869611		47687
528		126061		870442		47678
529		126037		871279		47652
530		126053		872159		47633
531		126057		873015		47654
532		126059		873841		47663
533		126062		874665		47667
534		126078		875538		47676
535		126101		876416		47656
536		126070		877274		47706
537		126069		878157		47676
538		126063		878979		47690
539		126067		879828		47727
540		126072		880620		47721
541		126055		881423		47694
542		126060		882225		47703
543		126058		883083		47696
544		126039		883877		47682
545		126012		884738		47684
546		126024		885570		47696
547		126052		886433		47728
548		126036		887229		47732
549		126040		888034		47709
550		126049		888849		47724
551		126030		889688		47721
552		126036		890501		47754
553		126032		891282		47735
554		126015		892067		47745
555		126011		892810		47740
556		126034		893582		47750
557		126018		894370		47750
558		126023		895149		47731
559		126032		895908		47722
560		126011		896684		47690
561		126015		897398		47718
562		125984		898170		47722
563		126010		898958		47687
564		126000		899731		47688
565		126042		900497		47683
566		126051		901278		47691
567		126090		902134		47696
568		126082		902992		47700
569		126081		903908		47731
570		126075		904763		47702
571		126047		905612		47700
572		126045		906431		47698
573		126030		907276		47712
574		126040		908094		47735
575		126032		908898		47691
576		126075		909695		47717
577		126067		910549		47728
578		126065		911361		47701
579		126046		912187		47696
580		126034		913018		47665
581		126051		913792		47699
582		126053		914595		47679
583		126047		915421		47676
584		126076		916249		47686
585		126077		917104		47685
586		126107		917943		47682
587		126032		918773		47729
588		126028		919594		47747
589		126031		920354		47764
590		126072		921174		47777
591		126043		922004		47746
592		126002		922783		47721
593		125994		923551		47724
594		126000		924375		47736
595		125989		925153		47756
596		126013		925998		47779
597		126033		926836		47769
598		125994		927630		47750
599		125996		928399		47749
600		125998		929196		47746
601		126014		929936		47727
602		125997		930752		47709
603		126007		931524		47720
604		125979		932312		47692
605		125973		933060		47703
606		125955		933842		47714
607		125940		934597		47705
608		125980		935351		47746
609		125945		936079		47743
610		125982		936832		47738
611		125991		937625		47742
612		125984		938423		47693
613		125989		939229		47659
614		125985		939977		47664
615		125967		940764		47703
616		125988		941525		47709
617		125970		942298		47710
618		125956		943074		47717
619		125973		943858		47735
620		125976		944639		47729
621		125991		945484		47730
622		125985		946251		47717
623		125994		947039		47742
624		126019		947830		47746
625		125997		948632		47742
626		126001		949397		47763
627		125992		950225		47749
628		125980		951037		47739
629		125948		951830		47742
630		125969		952606		47728
631		125980		953380		47730
632		125988		954184		47714
633		125966		954975		47692
634		125932		955748		47661
635		125953		956483		47669
636		125969		957284		47702
637		125973		958095		47679
638		125961		958855		47686
639		125955		959557		47675
640		125924		960261		47691
641		125897		960984		47725
642		125919		961679		47720
643		125909		962401		47709
644		125909		963130		47683
645		125859		963845		47665
646		125867		964531		47662
647		125881		965226		47688
648		125871		965928		47680
649		125874		966655		47720
650		125890		967372		47688
651		125866		968104		47694
652		125878		968847		47694
653		125851		969547		47675
654		125850		970244		47652
655		125848		970931		47670
656		125852		971639		47672
657		125867		972343		47662
658		125874		973000		47663
659		125856		973703		47658
660		125866		974367		47679
661		125881		975082		47699
662		125884		975772		47690
663		125900		976495		47665
664		125900		977228		47682
665		125921		977990		47686
666		125896		978669		47695
667		125894		979353		47663
668		125880		980033		47662
669		125886		980736		47639
670		125884		981451		47663
671		125896		982175		47638
672		125878		982850		47635
673		125882		983555		47657
674		125852		984195		47685
675		125859		984821		47680
676		125872		985528		47667
677		125894		986237		47688
678		125898		986943		47663
679		125916		987590		47670
680		125887		988344		47704
681		125832		989053		47700
682		125792		989767		47719
683		125772		990493		47709
684		125809		991221		47682
685		125787		991962		47672
686		125808		992734		47637
687		125797		993489		47623
688		125759		994214		47639
689		125758		994884		47658
690		125753		995578		47663
691		125743		996270		47667
692		125774		996988		47649
693		125775		997738		47654
694		125791		998464		47671
695		125797		999252		47691
696		125802		999980		47692
697		125780		1000747		47700
698		125812		1001443		47706
699		125803		1002199		47678
700		125817		1002956		47705
701		125776		1003641		47710
702		125763		1004380		47722
703		125782		1005137		47711
704		125804		1005836		47716
705		125786		1006578		47728
706		125818		1007349		47721
707		125841		1008164		47717
708		125826		1008940		47716
709		125850		1009704		47687
710		125825		1010461		47697
711		125823		1011205		47726
712		125809		1011922		47719
713		125814		1012664		47708
714		125814		1013452		47722
715		125805		1014226		47703
716		125837		1015017		47667
717		125859		1015860		47653
718		125845		1016705		47690
719		125863		1017476		47720
720		125844		1018306		47678
721		125842		1019118		47675
722		125857		1019974		47646
723		125831		1020760		47677
724		125844		1021575		47672
725		125793		1022390		47654
726		125790		1023150		47666
727		125790		1023873		47679
728		125804		1024634		47689
729		125817		1025398		47695
730		125810		1026208		47724
731		125823		1026927		47691
732		125820		1027747		47721
733		125818		1028586		47746
734		125836		1029339		47743
735		125834		1030189		47747
736		125816		1030981		47756
737		125823		1031735		47726
738		125831		1032529		47721
739		125792		1033341		47711
740		125804		1034107		47711
741		125788		1034895		47732
742		125797		1035645		47731
743		125812		1036392		47727
744		125814		1037155		47713
745		125804		1037937		47682
746		125803		1038734		47693
747		125806		1039463		47721
748		125830		1040260		47743
749		125854		1041088		47739
750		125849		1041852		47738
751		125841		1042652		47770
752		125819		1043443		47749
753		125824		1044222		47737
754		125825		1045013		47736
755		125828		1045825		47701
756		125805		1046596		47699
757		125775		1047372		47717
758		125777		1048108		47714
759		125740		1048829		47716
760		125728		1049558		47707
761		125727		1050294		47697
762		125742		1050953		47687
763		125715		1051698		47697
764		125714		1052420		47678
765		125706		1053081		47682
766		125707		1053751		47656
767		125708		1054428		47671
768		125704		1055126		47653
769		125699		1055839		47660
770		125692		1056539		47661
771		125697		1057235		47667
772		125696		1057948		47661
773		125695		1058640		47658
774		125691		1059375		47633
775		125686		1060028		47604
776		125664		1060728		47640
777		125673		1061387		47679
778		125690		1062032		47699
779		125667		1062654		47684
780		125692		1063338		47701
781		125681		1064045		47706
782		125650		1064727		47725
783		125635		1065397		47726
784		125632		1066016		47695
785		125645		1066599		47694
786		125650		1067240		47682
787		125633		1067843		47684
788		125627		1068449		47694
789		125625		1069076		47695
790		125645		1069659		47699
791		125629		1070256		47700
792		125624		1070836		47697
793		125629		1071438		47693
794		125643		1072083		47686
795		125640		1072725		47676
796		125635		1073321		47649
797		125659		1073980		47652
798		125659		1074624		47651
799		125672		1075274		47650
800		125680		1075902		47664
801		125689		1076531		47687
802		125705		1077219		47667
803		125683		1077905		47676
804		125677		1078600		47671
805		125669		1079304		47660
806		125694		1079908		47637
807		125699		1080622		47645
808		125708		1081326		47653
809		125730		1082052		47662
810		125719		1082760		47654
811		125704		1083439		47700
812		125681		1084111		47671
813		125644		1084760		47670
814		125698		1085395		47685
815		125686		1086098		47646
816		125698		1086772		47667
817		125699		1087480		47704
818		125697		1088132		47741
819		125663		1088780		47728
820		125673		1089448		47711
821		125662		1090122		47721
822		125667		1090826		47733
823		125673		1091454		47709
824		125656		1092105		47697
825		125646		1092742		47704
826		125652		1093354		47694
827		125666		1093955		47728
828		125677		1094619		47707
829		125705		1095344		47702
830		125708		1096071		47706
831		125706		1096811		47665
832		125665		1097556		47691
833		125685		1098222		47673
834		125701		1098943		47657
835		125698		1099638		47661
836		125720		1100356		47677
837		125731		1101057		47654
838		125732		1101789		47633
839		125691		1102518		47656
840		125686		1103218		47652
841		125683		1103879		47678
842		125704		1104575		47659
843		125710		1105268		47679
844		125695		1105974		47668
845		125700		1106686		47652
846		125709		1107405		47662
847		125711		1108095		47696
848		125720		1108834		47683
849		125739		1109597		47712
850		125728		1110310		47703
851		125722		1111016		47711
852		125728		1111778		47726
853		125731		1112524		47712
854		125709		1113266		47714
855		125683		1114011		47723
856		125686		1114671		47732
857		125684		1115345		47730
858		125708		1116033		47711
859		125694		1116770		47714
860		125713		1117407		47712
861		125702		1118077		47724
862		125710		1118752		47703
863		125724		1119484		47699
864		125729		1120195		47711
865		125722		1120891		47716
866		125754		1121637		47679
867		125728		1122378		47686
868		125732		1123116		47681
869		125712		1123824		47702
870		125716		1124541		47718
871		125737		1125283		47702
872		125724		1126035		47703
873		125736		1126744		47704
874		125747		1127516		47701
875		125748		1128244		47685
876		125740		1128983		47701
877		125739		1129725		47695
878		125744		1130487		47693
879		125726		1131246		47697
880		125735		1131901		47723
881		125735		1132622		47722
882		125742		1133317		47749
883		125758		1134068		47741
884		125754		1134826		47732
885		125719		1135545		47717
886		125744		1136269		47725
887		125752		1137003		47704
888		125732		1137755		47714
889		125732		1138544		47719
890		125737		1139274		47744
891		125752		1140076		47740
892		125740		1140841		47720
893		125771		1141585		47716
894		125750		1142343		47694
895		125776		1143102		47698
896		125761		1143857		47705
897		125759		1144656		47699
898		125728		1145417		47692
899		125714		1146127		47668
900		125739		1146852		47659
901		125740		1147586		47657
902		125739		1148339		47669
903		125754		1149074		47654
904		125758		1149828		47683
905		125751		1150551		47684
906		125727		1151266		47667
907		125715		1151948		47650
908		125730		1152665		47641
909		125728		1153424		47670
910		125737		1154157		47677
911		125746		1154852		47693
912		125768		1155569		47688
913		125771		1156314		47687
914		125761		1157069		47714
915		125766		1157840		47725
916		125747		1158613		47703
917		125750		1159369		47694
918		125742		1160145		47715
919		125713		1160886		47705
920		125704		1161608		47692
921		125697		1162325		47690
922		125687		1162998		47689
923		125680		1163690		47637
924		125702		1164391		47631
925		125714		1165083		47658
926		125727		1165786		47663
927		125729		1166513		47644
928		125724		1167260		47650
929		125708		1167935		47670
930		125704		1168588		47655
931		125715		1169276		47671
932		125725		1170005		47657
933		125714		1170713		47673
934		125751		1171421		47669
935		125712		1172122		47674
936		125714		1172843		47670
937		125707		1173490		47688
938		125705		1174141		47678
939		125722		1174846		47673
940		125742		1175534		47629
941		125731		1176223		47595
942		125699		1176927		47637
943		125715		1177660		47649
944		125704		1178343		47656
945		125696		1179015		47691
946		125708		1179696		47707
947		125703		1180386		47712
948		125693		1181045		47710
949		125709		1181765		47686
950		125706		1182421		47702
951		125690		1183145		47719
952		125705		1183860		47711
953		125730		1184612		47710
954		125733		1185356		47649
955		125732		1186100		47670
956		125741		1186813		47685
957		125745		1187578		47731
958		125742		1188337		47768
959		125736		1189087		47728
960		125736		1189833		47754
961		125736		1190588		47740
962		125736		1191356		47746
963		125733		1192120		47750
964		125764		1192872		47767
965		125736		1193597		47757
966		125737		1194310		47724
967		125754		1195086		47717
968		125738		1195809		47738
969		125722		1196525		47745
970		125702		1197250		47720
971		125710		1197961		47738
972		125725		1198677		47719
973		125732		1199393		47717
974		125714		1200126		47706
975		125696		1200801		47715
976		125698		1201500		47726
977		125687		1202166		47723
978		125681		1202817		47739
979		125680		1203489		47738
980		125677		1204219		47726
981		125697		1204905		47715
982		125694		1205635		47702
983		125732		1206329		47717
984		125723		1207038		47727
985		125739		1207791		47717
986		125739		1208489		47706
987		125732		1209187		47697
988		125701		1209903		47669
989		125692		1210634		47678
990		125709		1211372		47699
991		125689		1212094		47711
992		125729		1212848		47680
993		125726		1213592		47702
994		125765		1214370		47705
995		125726		1215155		47682
996		125740		1215936		47681
997		125772		1216712		47652
998		125769		1217499		47660
999		125743		1218215		47681
