# Migration is number of nodes that have changed color.

Round		Edge-Cut		Swaps		Migrations		Skipped
0		578235		62013		52102
1		463853		117710		47185
2		340647		162994		47831
3		263145		197814		47743
4		224230		225089		47541
5		203143		246756		47647
6		190639		264781		47557
7		183000		280016		47644
8		177456		293363		47700
9		173264		305205		47655
10		169097		315858		47603
11		164648		325535		47565
12		161153		334659		47667
13		158762		343123		47662
14		157540		351085		47703
15		156336		358680		47698
16		155465		365864		47693
17		154485		372679		47774
18		153733		379313		47721
19		153275		385620		47726
20		152727		391637		47718
21		152221		397535		47761
22		152010		403207		47779
23		151536		408660		47745
24		151017		413836		47722
25		150861		418838		47662
26		150525		423792		47694
27		150365		428581		47668
28		150038		433062		47646
29		149855		437656		47672
30		149511		442060		47635
31		149398		446480		47687
32		149115		450729		47706
33		149087		454893		47707
34		148762		459078		47653
35		148743		463199		47692
36		148590		467356		47674
37		148324		471369		47703
38		148037		475348		47665
39		147902		479256		47652
40		147667		483072		47591
41		147639		486755		47660
42		147421		490493		47645
43		147363		494166		47669
44		147245		497872		47621
45		147114		501508		47651
46		147113		505163		47642
47		147091		508772		47675
48		147019		512378		47753
49		146954		515859		47817
50		146855		519281		47729
51		146704		522620		47711
52		146559		525845		47712
53		146536		529090		47698
54		146640		532214		47724
55		146468		535309		47719
56		146423		538412		47745
57		146121		541487		47689
58		146262		544487		47696
59		146296		547493		47712
60		146247		550460		47704
61		146238		553380		47786
62		146162		556309		47749
63		146046		559199		47747
64		145925		562102		47709
65		145890		565015		47767
66		145822		567947		47807
67		145978		570883		47778
68		145832		573752		47713
69		145886		576644		47709
70		145856		579538		47699
71		145849		582314		47710
72		145987		585189		47704
73		145798		588065		47728
74		145870		590971		47695
75		146019		593854		47662
76		145880		596808		47679
77		146007		599765		47654
78		146046		602796		47617
79		145852		605790		47640
80		145919		608863		47697
81		145841		611884		47685
82		145696		614899		47692
83		145793		617861		47697
84		145791		620797		47693
85		145785		623728		47645
86		145771		626657		47664
87		145663		629571		47669
88		145621		632389		47720
89		145452		635141		47734
90		145429		637933		47721
91		145419		640673		47689
92		145477		643362		47726
93		145499		646210		47716
94		145463		649036		47712
95		145516		651823		47755
96		145450		654640		47755
97		145442		657463		47743
98		145401		660328		47712
99		145454		663118		47700
100		145417		665863		47736
101		145298		668595		47738
102		145232		671295		47731
103		145202		674007		47793
104		144921		676743		47718
105		144794		679501		47755
106		144793		682207		47746
107		144777		684926		47699
108		144708		687739		47684
109		144721		690590		47698
110		144605		693323		47700
111		144659		695981		47714
112		144680		698681		47745
113		144570		701418		47721
114		144532		704167		47709
115		144494		706894		47741
116		144346		709543		47726
117		144402		712194		47742
118		144289		714843		47790
119		144388		717471		47768
120		144468		720139		47829
121		144435		722813		47824
122		144403		725569		47794
123		144434		728346		47823
124		144454		731152		47803
125		144468		733974		47744
126		144400		736731		47706
127		144364		739458		47799
128		144324		742144		47794
129		144262		744807		47762
130		144264		747507		47783
131		144277		750312		47785
132		144138		752946		47849
133		144098		755619		47807
134		144084		758254		47801
135		143965		760821		47751
136		143988		763384		47791
137		143953		765923		47761
138		143992		768391		47787
139		144020		770914		47780
140		143962		773485		47759
141		144090		776024		47771
142		144023		778496		47810
143		143937		781008		47810
144		143970		783528		47790
145		143953		786139		47790
146		144018		788785		47760
147		143909		791356		47761
148		143890		793876		47729
149		143976		796363		47756
150		143755		798756		47736
151		143788		801216		47810
152		143722		803609		47762
153		143764		805993		47801
154		143713		808466		47763
155		143657		810919		47775
156		143600		813355		47710
157		143696		815860		47672
158		143588		818356		47774
159		143695		820861		47781
160		143539		823445		47791
161		143661		825873		47747
162		143681		828371		47682
163		143668		830870		47719
164		143587		833379		47739
165		143520		835950		47757
166		143521		838461		47736
167		143576		840850		47826
168		143523		843318		47800
169		143566		845833		47764
170		143527		848272		47756
171		143538		850736		47778
172		143441		853241		47818
173		143530		855776		47793
174		143536		858264		47728
175		143493		860745		47756
176		143437		863129		47769
177		143468		865560		47787
178		143425		868035		47772
179		143400		870602		47733
180		143456		873084		47719
181		143550		875534		47742
182		143505		877959		47712
183		143407		880386		47740
184		143384		882792		47685
185		143351		885175		47701
186		143411		887549		47706
187		143323		890010		47719
188		143258		892446		47736
189		143241		894847		47728
190		143243		897213		47696
191		143321		899660		47726
192		143241		902165		47729
193		143339		904589		47749
194		143234		907105		47706
195		143182		909645		47727
196		143212		912141		47686
197		143160		914702		47686
198		143094		917248		47623
199		143051		919784		47692
200		143078		922342		47704
201		142963		924862		47651
202		142936		927370		47636
203		142978		929865		47693
204		143011		932339		47674
205		142985		934859		47696
206		142843		937256		47737
207		142979		939740		47713
208		142962		942221		47718
209		142927		944769		47714
210		142934		947333		47754
211		143029		950005		47732
212		143083		952679		47628
213		143101		955334		47646
214		143076		957984		47657
215		143160		960730		47674
216		143150		963453		47708
217		143121		966205		47719
218		143063		969046		47698
219		143056		971793		47711
220		142967		974530		47741
221		142912		977315		47742
222		142894		980021		47697
223		142864		982650		47777
224		142827		985326		47754
225		142941		987937		47710
226		142809		990551		47710
227		142782		993257		47676
228		142760		995893		47734
229		142707		998500		47678
230		142768		1001050		47657
231		142717		1003611		47673
232		142753		1006231		47706
233		142705		1008887		47701
234		142709		1011417		47598
235		142699		1013963		47567
236		142626		1016471		47588
237		142651		1019043		47626
238		142572		1021621		47600
239		142567		1024122		47620
240		142514		1026620		47676
241		142550		1029095		47642
242		142551		1031603		47648
243		142430		1034042		47687
244		142416		1036506		47735
245		142388		1039009		47750
246		142395		1041447		47754
247		142444		1043854		47719
248		142472		1046275		47706
249		142417		1048673		47731
250		142518		1051171		47748
251		142544		1053714		47715
252		142468		1056264		47702
253		142526		1058841		47765
254		142572		1061491		47769
255		142541		1064136		47732
256		142572		1066766		47731
257		142411		1069320		47771
258		142533		1071887		47769
259		142397		1074459		47730
260		142431		1077011		47720
261		142444		1079580		47696
262		142381		1082186		47654
263		142377		1084812		47712
264		142369		1087361		47708
265		142414		1089975		47696
266		142371		1092463		47732
267		142239		1094987		47720
268		142382		1097587		47665
269		142294		1100171		47708
270		142061		1102722		47688
271		141980		1105297		47691
272		142022		1107839		47693
273		141806		1110369		47653
274		141596		1112921		47667
275		141159		1115510		47667
276		140834		1118061		47656
277		140633		1120632		47678
278		140376		1123159		47694
279		140358		1125557		47670
280		140235		1127989		47734
281		140318		1130412		47695
282		140315		1132874		47656
283		140258		1135373		47629
284		140227		1137848		47644
285		140193		1140234		47637
286		140159		1142643		47651
287		140066		1145067		47706
288		140049		1147432		47685
289		140072		1149878		47641
290		140121		1152376		47648
291		140161		1154920		47629
292		140127		1157446		47658
293		140147		1159987		47637
294		140118		1162517		47682
295		140137		1165022		47722
296		140001		1167479		47687
297		140162		1169925		47711
298		140149		1172403		47648
299		140155		1174777		47733
300		140083		1177148		47692
301		140017		1179510		47675
302		140101		1181865		47721
303		139929		1184153		47726
304		139953		1186449		47736
305		140055		1188858		47750
306		140138		1191376		47710
307		140044		1193732		47718
308		139967		1196207		47739
309		139943		1198618		47692
310		140017		1200949		47614
311		139981		1203428		47628
312		139855		1205812		47640
313		139860		1208062		47642
314		139852		1210366		47682
315		139829		1212628		47699
316		139829		1214884		47654
317		139935		1217163		47678
318		139928		1219488		47674
319		139838		1221829		47699
320		139857		1224178		47663
321		139859		1226461		47656
322		139897		1228855		47656
323		139834		1231188		47687
324		139879		1233520		47685
325		139943		1235920		47708
326		139856		1238255		47684
327		139905		1240615		47671
328		139994		1242917		47660
329		139995		1245264		47625
330		139956		1247575		47619
331		139895		1249928		47664
332		139906		1252246		47686
333		139800		1254647		47669
334		139838		1257104		47620
335		139832		1259547		47672
336		139838		1261896		47682
337		139829		1264263		47651
338		139837		1266690		47657
339		139759		1269015		47673
340		139705		1271378		47645
341		139924		1273768		47648
342		139844		1276154		47648
343		139843		1278508		47658
344		139915		1280817		47693
345		139807		1283050		47691
346		139755		1285301		47675
347		139642		1287606		47675
348		139696		1289920		47655
349		139727		1292229		47649
350		139643		1294514		47600
351		139628		1296774		47598
352		139684		1299047		47632
353		139701		1301297		47694
354		139634		1303556		47704
355		139639		1305773		47727
356		139631		1307966		47688
357		139493		1310180		47638
358		139563		1312398		47693
359		139555		1314626		47709
360		139616		1316934		47679
361		139656		1319126		47676
362		139627		1321373		47720
363		139574		1323636		47753
364		139574		1325878		47711
365		139522		1328091		47652
366		139521		1330368		47667
367		139516		1332600		47657
368		139486		1334751		47682
369		139489		1336994		47679
370		139429		1339197		47701
371		139463		1341398		47748
372		139332		1343563		47779
373		139325		1345742		47748
374		139376		1347914		47756
375		139302		1350002		47734
376		139279		1352268		47681
377		139357		1354463		47698
378		139285		1356701		47691
379		139252		1358894		47721
380		139282		1361094		47735
381		139247		1363216		47700
382		139345		1365360		47710
383		139308		1367600		47716
384		139382		1369849		47755
385		139365		1371988		47745
386		139357		1374183		47748
387		139281		1376438		47736
388		139377		1378720		47788
389		139359		1380974		47768
390		139346		1383255		47745
391		139412		1385490		47729
392		139363		1387746		47671
393		139304		1390031		47716
394		139324		1392341		47721
395		139344		1394644		47717
396		139368		1396960		47675
397		139295		1399316		47671
398		139190		1401611		47721
399		139190		1403847		47715
400		139331		1406155		47761
401		139348		1408445		47742
402		139311		1410862		47695
403		139395		1413250		47712
404		139332		1415625		47732
405		139310		1417935		47696
406		139320		1420259		47719
407		139313		1422597		47708
408		139295		1424940		47749
409		139360		1427338		47719
410		139321		1429621		47734
411		139362		1432022		47677
412		139177		1434357		47732
413		139320		1436763		47722
414		139318		1439161		47731
415		139188		1441572		47689
416		139067		1443839		47702
417		138960		1446075		47715
418		138945		1448282		47695
419		138795		1450457		47713
420		138839		1452643		47651
421		138855		1454864		47631
422		138833		1457077		47685
423		138840		1459274		47656
424		138862		1461441		47648
425		138875		1463646		47658
426		138757		1465923		47687
427		138776		1468142		47698
428		138655		1470369		47743
429		138665		1472554		47779
430		138694		1474722		47745
431		138700		1476906		47772
432		138739		1479035		47728
433		138606		1481251		47726
434		138633		1483374		47697
435		138701		1485484		47704
436		138730		1487672		47718
437		138781		1489846		47701
438		138796		1491988		47733
439		138810		1494157		47725
440		138690		1496363		47731
441		138801		1498521		47768
442		138837		1500769		47742
443		138796		1503035		47690
444		138776		1505257		47751
445		138724		1507486		47730
446		138757		1509663		47757
447		138625		1511847		47794
448		138716		1514087		47791
449		138608		1516288		47806
450		138684		1518507		47742
451		138615		1520721		47709
452		138622		1522787		47730
453		138582		1525048		47712
454		138681		1527296		47755
455		138651		1529514		47731
456		138594		1531703		47715
457		138599		1533858		47703
458		138501		1535905		47708
459		138537		1537963		47729
460		138502		1540072		47728
461		138438		1542148		47754
462		138486		1544244		47728
463		138444		1546280		47734
464		138341		1548379		47734
465		138443		1550405		47728
466		138475		1552506		47691
467		138361		1554625		47724
468		138435		1556684		47708
469		138404		1558760		47648
470		138396		1560926		47668
471		138300		1563094		47682
472		138347		1565214		47693
473		138300		1567342		47708
474		138332		1569470		47665
475		138367		1571720		47691
476		138428		1573885		47689
477		138332		1576013		47688
478		138297		1578151		47691
479		138300		1580347		47707
480		138350		1582507		47703
481		138466		1584718		47678
482		138414		1586854		47697
483		138317		1589046		47678
484		138373		1591146		47676
485		138427		1593358		47694
486		138488		1595646		47682
487		138553		1597923		47686
488		138515		1600192		47683
489		138475		1602376		47703
490		138503		1604513		47757
491		138394		1606743		47731
492		138430		1608935		47703
493		138313		1611020		47682
494		138353		1613152		47749
495		138422		1615312		47738
496		138370		1617458		47714
497		138348		1619530		47687
498		138323		1621580		47765
499		138340		1623600		47717
500		138177		1625689		47762
501		138164		1627774		47699
502		138156		1629798		47744
503		138200		1631874		47751
504		138151		1633968		47733
505		138157		1635986		47731
506		138218		1638010		47733
507		138220		1640074		47754
508		138169		1642238		47683
509		138235		1644316		47725
510		138194		1646363		47702
511		138245		1648457		47668
512		138177		1650531		47697
513		138221		1652592		47696
514		138303		1654679		47679
515		138151		1656757		47712
516		138183		1658759		47745
517		138106		1660747		47750
518		138080		1662721		47742
519		138085		1664723		47675
520		138117		1666727		47681
521		138141		1668765		47727
522		138094		1670701		47699
523		138149		1672729		47708
524		138047		1674660		47698
525		138010		1676639		47700
526		138054		1678522		47690
527		138093		1680497		47666
528		137994		1682439		47696
529		137968		1684384		47699
530		138008		1686293		47676
531		138029		1688202		47703
532		137980		1690116		47721
533		137948		1692017		47768
534		137868		1693952		47644
535		137898		1695844		47694
536		137888		1697768		47633
537		137894		1699703		47667
538		137977		1701652		47687
539		138000		1703510		47693
540		137965		1705402		47705
541		137938		1707366		47687
542		137992		1709289		47664
543		137934		1711273		47721
544		137971		1713186		47711
545		138033		1715225		47708
546		138074		1717259		47695
547		138063		1719332		47740
548		138183		1721452		47717
549		138101		1723633		47718
550		138142		1725800		47695
551		138150		1727908		47742
552		138205		1729952		47756
553		138183		1732078		47726
554		138332		1734163		47723
555		138202		1736287		47722
556		138132		1738433		47695
557		138137		1740526		47681
558		138115		1742617		47690
559		138197		1744688		47712
560		138107		1746811		47684
561		138148		1748865		47746
562		138180		1750965		47706
563		138200		1753088		47725
564		138065		1755196		47697
565		138081		1757270		47693
566		138040		1759341		47716
567		138218		1761416		47707
568		138082		1763599		47691
569		138198		1765674		47696
570		138121		1767743		47720
571		137951		1769813		47729
572		138000		1771840		47732
573		138024		1773911		47670
574		138119		1775961		47736
575		138080		1778041		47729
576		138180		1780132		47726
577		138080		1782180		47655
578		138023		1784282		47664
579		138027		1786309		47659
580		138139		1788396		47673
581		138119		1790479		47696
582		138081		1792578		47662
583		138098		1794634		47685
584		137990		1796717		47688
585		138028		1798781		47703
586		138040		1800818		47687
587		138063		1802897		47647
588		138107		1805009		47651
589		138010		1807078		47669
590		138025		1809075		47638
591		138066		1811066		47625
592		138049		1813103		47628
593		138060		1815141		47629
594		137954		1817267		47644
595		137986		1819289		47632
596		137811		1821306		47609
597		137744		1823313		47636
598		137736		1825319		47607
599		137678		1827315		47631
600		137751		1829340		47608
601		137655		1831371		47636
602		137658		1833402		47628
603		137664		1835487		47636
604		137627		1837545		47634
605		137484		1839551		47680
606		137440		1841573		47674
607		137499		1843528		47647
608		137530		1845422		47694
609		137413		1847386		47675
610		137407		1849372		47651
611		137389		1851287		47681
612		137503		1853191		47677
613		137482		1855162		47678
614		137374		1857183		47618
615		137429		1859199		47632
616		137312		1861248		47678
617		137323		1863406		47629
618		137384		1865637		47627
619		137392		1867820		47670
620		137374		1870006		47635
621		137230		1872064		47670
622		137210		1874094		47669
623		137233		1876104		47670
624		137133		1878169		47653
625		137115		1880261		47686
626		136941		1882356		47634
627		136762		1884458		47607
628		136422		1886563		47629
629		136122		1888687		47655
630		135783		1890875		47591
631		135503		1893022		47619
632		135312		1895180		47617
633		135233		1897441		47609
634		135247		1899697		47623
635		135226		1901912		47601
636		135140		1904020		47613
637		135195		1906181		47615
638		135080		1908256		47614
639		135110		1910463		47638
640		134954		1912580		47653
641		135008		1914778		47584
642		134959		1916949		47612
643		134918		1919171		47617
644		134908		1921342		47659
645		134942		1923507		47637
646		134923		1925710		47613
647		134805		1927872		47597
648		134930		1929991		47643
649		134916		1932182		47642
650		134933		1934364		47696
651		134987		1936606		47675
652		134834		1938814		47737
653		134866		1940939		47793
654		134875		1943148		47800
655		134933		1945302		47700
656		134914		1947515		47736
657		134809		1949734		47729
658		134803		1951932		47690
659		134791		1954187		47708
660		134742		1956357		47649
661		134826		1958472		47677
662		134814		1960572		47686
663		134778		1962707		47721
664		134797		1964815		47729
665		134759		1966877		47733
666		134836		1969051		47747
667		134816		1971246		47726
668		134812		1973428		47730
669		134731		1975643		47748
670		134786		1977801		47734
671		134820		1980008		47766
672		134837		1982169		47700
673		134816		1984389		47707
674		134802		1986604		47766
675		134780		1988772		47709
676		134760		1991031		47731
677		134767		1993277		47698
678		134577		1995451		47742
679		134625		1997551		47713
680		134638		1999700		47729
681		134628		2001851		47742
682		134758		2003878		47805
683		134727		2006041		47757
684		134755		2008113		47762
685		134732		2010200		47793
686		134789		2012296		47752
687		134697		2014434		47714
688		134826		2016549		47751
689		134837		2018609		47759
690		134782		2020759		47737
691		134790		2022865		47712
692		134717		2025091		47770
693		134716		2027194		47742
694		134686		2029342		47766
695		134682		2031476		47740
696		134736		2033679		47712
697		134725		2035781		47694
698		134692		2037933		47664
699		134787		2040091		47687
700		134787		2042280		47723
701		134829		2044444		47721
702		134681		2046553		47732
703		134562		2048595		47726
704		134624		2050679		47747
705		134706		2052815		47748
706		134645		2054989		47739
707		134453		2057144		47742
708		134561		2059243		47745
709		134520		2061359		47694
710		134457		2063507		47700
711		134594		2065719		47702
712		134702		2067966		47682
713		134654		2070221		47644
714		134666		2072476		47676
715		134647		2074736		47684
716		134548		2076953		47636
717		134630		2079090		47738
718		134521		2081186		47728
719		134553		2083248		47753
720		134446		2085360		47777
721		134438		2087409		47721
722		134493		2089453		47702
723		134564		2091557		47745
724		134570		2093621		47755
725		134554		2095665		47751
726		134566		2097691		47778
727		134440		2099789		47731
728		134438		2101921		47767
729		134305		2104135		47730
730		134374		2106324		47768
731		134394		2108558		47757
732		134420		2110682		47736
733		134390		2112797		47766
734		134337		2114948		47747
735		134319		2117098		47742
736		134362		2119244		47751
737		134393		2121344		47790
738		134325		2123633		47743
739		134316		2125760		47754
740		134400		2127885		47688
741		134349		2130030		47723
742		134380		2132154		47723
743		134366		2134294		47729
744		134325		2136359		47709
745		134353		2138554		47764
746		134226		2140680		47708
747		134194		2142843		47753
748		134201		2144951		47711
749		134194		2147175		47704
750		134290		2149400		47715
751		134226		2151638		47666
752		134252		2153857		47702
753		134312		2156086		47713
754		134264		2158226		47680
755		134216		2160395		47681
756		134137		2162610		47691
757		134082		2164798		47681
758		134085		2167023		47700
759		133951		2169268		47734
760		133886		2171422		47718
761		133911		2173563		47647
762		133832		2175689		47687
763		133911		2177817		47672
764		133854		2179945		47696
765		133874		2182145		47775
766		133615		2184302		47731
767		133541		2186415		47726
768		133397		2188497		47772
769		133287		2190619		47738
770		133122		2192792		47736
771		132810		2194897		47715
772		132525		2197089		47766
773		132372		2199238		47741
774		132205		2201439		47791
775		132079		2203594		47733
776		131916		2205754		47810
777		131793		2207871		47804
778		131843		2209934		47794
779		131759		2212017		47743
780		131760		2214118		47794
781		131659		2216102		47762
782		131655		2218130		47751
783		131557		2220127		47745
784		131528		2222119		47737
785		131448		2224062		47795
786		131423		2226032		47809
787		131501		2227978		47793
788		131489		2229988		47758
789		131578		2231989		47774
790		131642		2234022		47710
791		131629		2236083		47695
792		131686		2238140		47696
793		131752		2240235		47702
794		131702		2242281		47723
795		131662		2244415		47722
796		131619		2246555		47708
797		131655		2248652		47714
798		131578		2250717		47690
799		131539		2252782		47727
800		131555		2254844		47712
801		131440		2256815		47764
802		131567		2258742		47721
803		131559		2260680		47746
804		131512		2262703		47715
805		131546		2264761		47731
806		131631		2266785		47708
807		131612		2268893		47723
808		131691		2271025		47722
809		131616		2273081		47729
810		131622		2275232		47718
811		131642		2277307		47709
812		131541		2279441		47700
813		131512		2281496		47688
814		131486		2283503		47722
815		131410		2285572		47704
816		131455		2287574		47748
817		131524		2289552		47733
818		131620		2291609		47714
819		131644		2293761		47692
820		131567		2295917		47667
821		131583		2298010		47672
822		131568		2300196		47672
823		131589		2302347		47707
824		131647		2304457		47695
825		131612		2306565		47669
826		131644		2308722		47688
827		131626		2310763		47692
828		131549		2312968		47735
829		131624		2315053		47732
830		131826		2317165		47684
831		131761		2319328		47632
832		131718		2321447		47610
833		131707		2323647		47655
834		131699		2325841		47681
835		131717		2328033		47689
836		131583		2330308		47677
837		131548		2332413		47671
838		131643		2334533		47702
839		131538		2336614		47663
840		131537		2338718		47681
841		131463		2340741		47655
842		131454		2342837		47648
843		131424		2344871		47675
844		131441		2346975		47681
845		131389		2349115		47756
846		131460		2351296		47754
847		131412		2353394		47736
848		131418		2355436		47694
849		131460		2357409		47701
850		131431		2359515		47673
851		131442		2361564		47672
852		131406		2363696		47677
853		131448		2365837		47696
854		131428		2368068		47681
855		131410		2370277		47722
856		131409		2372415		47721
857		131364		2374435		47691
858		131455		2376532		47669
859		131383		2378544		47728
860		131354		2380568		47748
861		131424		2382589		47720
862		131450		2384764		47757
863		131578		2386954		47741
864		131536		2389026		47772
865		131591		2391147		47737
866		131509		2393278		47718
867		131603		2395359		47703
868		131534		2397551		47686
869		131532		2399682		47704
870		131401		2401731		47710
871		131457		2403913		47699
872		131448		2406066		47728
873		131423		2408114		47676
874		131357		2410153		47724
875		131400		2412235		47736
876		131341		2414312		47689
877		131378		2416395		47683
878		131427		2418530		47697
879		131310		2420642		47753
880		131296		2422770		47696
881		131357		2424861		47735
882		131410		2426892		47740
883		131386		2429009		47746
884		131461		2431120		47705
885		131398		2433258		47671
886		131343		2435339		47665
887		131314		2437417		47720
888		131216		2439497		47706
889		131349		2441501		47677
890		131315		2443599		47665
891		131276		2445728		47670
892		131276		2447793		47650
893		131242		2449882		47656
894		131293		2451984		47628
895		131266		2454129		47656
896		131324		2456289		47674
897		131294		2458334		47692
898		131241		2460345		47726
899		131222		2462396		47717
900		131264		2464448		47723
901		131241		2466537		47697
902		131207		2468625		47696
903		131341		2470707		47713
904		131185		2472777		47715
905		131129		2474812		47726
906		131132		2476747		47763
907		131175		2478758		47781
908		131160		2480717		47737
909		131125		2482670		47721
910		131079		2484682		47706
911		131111		2486732		47719
912		131052		2488708		47721
913		131080		2490655		47747
914		131075		2492671		47777
915		131030		2494704		47740
916		131105		2496703		47699
917		131049		2498732		47764
918		131017		2500673		47790
919		131011		2502662		47775
920		131089		2504621		47772
921		131036		2506551		47774
922		131041		2508577		47745
923		131019		2510563		47718
924		130964		2512565		47752
925		130964		2514480		47708
926		130865		2516366		47743
927		130842		2518214		47719
928		130920		2520081		47712
929		130958		2522056		47719
930		130857		2523935		47693
931		130823		2525793		47735
932		130840		2527688		47706
933		130804		2529530		47737
934		130826		2531470		47734
935		130842		2533387		47736
936		130913		2535305		47714
937		130879		2537240		47740
938		130978		2539143		47727
939		130875		2541064		47785
940		130976		2543023		47782
941		130935		2545070		47751
942		131001		2547084		47744
943		131034		2549172		47760
944		130972		2551262		47766
945		131075		2553377		47770
946		130993		2555474		47750
947		131091		2557469		47725
948		131088		2559543		47694
949		130977		2561531		47765
950		131009		2563519		47740
951		130934		2565469		47716
952		130885		2567420		47688
953		130899		2569319		47743
954		130978		2571277		47720
955		130983		2573160		47759
956		131005		2575037		47750
957		131004		2576854		47742
958		130949		2578661		47771
959		131036		2580473		47787
960		130958		2582284		47795
961		130838		2584132		47788
962		130799		2585924		47757
963		130838		2587761		47762
964		130841		2589624		47745
965		130783		2591468		47810
966		130887		2593331		47775
967		130898		2595179		47793
968		130896		2597155		47808
969		131011		2599060		47792
970		131030		2600959		47799
971		130981		2602941		47841
972		131026		2604919		47781
973		131002		2606822		47818
974		130919		2608792		47799
975		130917		2610666		47828
976		130936		2612597		47815
977		131002		2614548		47803
978		130976		2616554		47804
979		130948		2618547		47790
980		130971		2620574		47756
981		131075		2622577		47766
982		131106		2624644		47839
983		131057		2626801		47808
984		131185		2628921		47818
985		131286		2631035		47818
986		131196		2633162		47787
987		131054		2635148		47777
988		131100		2637115		47723
989		131103		2639110		47772
990		131153		2641109		47791
991		131045		2643127		47745
992		131106		2645185		47750
993		131130		2647164		47714
994		131127		2649284		47737
995		131178		2651384		47738
996		131218		2653527		47793
997		131286		2655738		47815
998		131323		2657841		47808
999		131237		2660103		47819
