# Migration is number of nodes that have changed color.

Round		Edge-Cut		Swaps		Migrations		Skipped
0		388688		53160		47406
1		253376		88842		46915
2		209165		112532		47268
3		188059		129926		47322
4		177286		143382		47424
5		171345		154286		47544
6		167061		163140		47562
7		164671		170465		47543
8		162584		176849		47656
9		161191		182359		47664
10		160151		187235		47708
11		159386		191601		47698
12		158811		195512		47656
13		158219		199108		47709
14		157834		202391		47706
15		157493		205440		47658
16		157185		208218		47695
17		156855		210832		47653
18		156476		213290		47649
19		156229		215626		47641
20		155995		217786		47680
21		155832		219897		47692
22		155674		221833		47642
23		155516		223713		47712
24		155392		225444		47680
25		155263		227166		47677
26		155136		228824		47643
27		155009		230505		47666
28		154869		232042		47651
29		154832		233540		47618
30		154734		234940		47679
31		154674		236299		47639
32		154588		237681		47623
33		154523		238965		47611
34		154424		240177		47595
35		154371		241287		47586
36		154342		242401		47567
37		154268		243504		47638
38		154232		244613		47651
39		154207		245670		47616
40		154134		246701		47621
41		154111		247679		47631
42		154118		248693		47607
43		154081		249679		47592
44		154060		250690		47642
45		154088		251822		47625
46		154063		252939		47615
47		153996		254136		47612
48		153940		255286		47607
49		153856		256433		47615
50		153802		257524		47659
51		153772		258660		47649
52		153717		259743		47617
53		153672		260952		47638
54		153585		262040		47645
55		153545		263103		47629
56		153521		264190		47661
57		153500		265294		47662
58		153430		266416		47643
59		153405		267451		47670
60		153357		268539		47671
61		153321		269684		47681
62		153277		270806		47663
63		153223		271991		47620
64		153158		273192		47681
65		153091		274555		47661
66		152923		275963		47686
67		152657		277317		47636
68		152530		278645		47637
69		152461		279959		47607
70		152332		281292		47576
71		152265		282591		47574
72		152198		283883		47580
73		152103		285105		47575
74		152019		286190		47594
75		151958		287265		47612
76		151937		288349		47623
77		151903		289396		47596
78		151853		290450		47610
79		151837		291547		47629
80		151769		292626		47652
81		151759		293650		47650
82		151752		294809		47645
83		151689		295826		47662
84		151622		296879		47668
85		151565		297907		47683
86		151543		298899		47688
87		151539		299919		47672
88		151496		300945		47685
89		151479		301938		47712
90		151417		302925		47644
91		151396		303785		47615
92		151343		304646		47652
93		151308		305478		47633
94		151274		306369		47607
95		151258		307208		47643
96		151265		308045		47664
97		151240		308886		47652
98		151209		309819		47646
99		151185		310703		47661
100		151145		311598		47651
101		151117		312445		47668
102		151108		313322		47688
103		151089		314188		47661
104		151062		314982		47662
105		151074		315768		47659
106		151020		316622		47651
107		151006		317472		47616
108		151018		318338		47606
109		150985		319206		47619
110		150985		320022		47642
111		150946		320873		47612
112		150933		321782		47625
113		150894		322702		47637
114		150865		323643		47624
115		150848		324528		47608
116		150808		325413		47622
117		150770		326233		47629
118		150772		327137		47619
119		150742		327998		47637
120		150704		328823		47623
121		150689		329617		47598
122		150684		330386		47604
123		150660		331242		47600
124		150649		332068		47616
125		150658		332907		47619
126		150631		333770		47592
127		150611		334574		47613
128		150572		335310		47611
129		150563		336071		47614
130		150556		336826		47634
131		150537		337560		47618
132		150526		338268		47597
133		150487		338982		47596
134		150469		339651		47634
135		150461		340364		47636
136		150476		341073		47655
137		150480		341784		47642
138		150468		342429		47642
139		150450		343095		47656
140		150460		343774		47676
141		150452		344445		47657
142		150447		345180		47671
143		150423		345857		47646
144		150412		346517		47660
145		150407		347158		47652
146		150394		347815		47648
147		150368		348401		47602
148		150357		348979		47633
149		150353		349597		47644
150		150349		350191		47604
151		150339		350816		47623
152		150335		351413		47687
153		150312		352019		47674
154		150310		352571		47646
155		150312		353159		47636
156		150297		353707		47630
157		150300		354310		47623
158		150293		354888		47649
159		150282		355455		47648
160		150278		356031		47655
161		150281		356598		47675
162		150265		357150		47669
163		150276		357746		47652
164		150265		358328		47654
165		150277		358878		47660
166		150254		359424		47631
167		150247		360047		47666
168		150253		360641		47612
169		150250		361241		47606
170		150248		361819		47591
171		150229		362396		47611
172		150243		362918		47602
173		150230		363476		47633
174		150225		364084		47619
175		150241		364724		47610
176		150224		365348		47601
177		150212		365945		47602
178		150192		366517		47621
179		150174		367085		47632
180		150175		367682		47647
181		150155		368243		47654
182		150153		368803		47632
183		150137		369332		47662
184		150133		369884		47647
185		150134		370448		47671
186		150136		371017		47670
187		150136		371587		47665
188		150122		372142		47660
189		150105		372715		47680
190		150096		373270		47626
191		150089		373854		47610
192		150094		374417		47615
193		150095		374997		47645
194		150073		375549		47668
195		150065		376097		47624
196		150072		376633		47614
197		150052		377197		47576
198		150060		377695		47601
199		150058		378245		47631
200		150050		378816		47630
201		150049		379331		47640
202		150041		379863		47636
203		150038		380367		47656
204		150032		380885		47625
205		150039		381391		47675
206		150021		381914		47670
207		150009		382435		47669
208		150010		382981		47680
209		150011		383477		47705
210		150010		384035		47692
211		150007		384521		47660
212		150010		385008		47681
213		150012		385538		47682
214		150007		386062		47677
215		149996		386572		47667
216		149999		387039		47658
217		149993		387535		47659
218		149975		388051		47619
219		149981		388536		47625
220		149967		388999		47618
221		149977		389501		47610
222		149973		389964		47611
223		149977		390464		47590
224		149980		390978		47581
225		149969		391515		47624
226		149972		392029		47623
227		149983		392554		47628
228		149987		393052		47636
229		149981		393524		47631
230		149986		394029		47616
231		149978		394520		47641
232		149994		395024		47648
233		149984		395566		47576
234		149981		396108		47608
235		149981		396662		47626
236		149978		397189		47609
237		149976		397681		47610
238		149982		398167		47603
239		149977		398686		47601
240		149972		399197		47618
241		149964		399729		47618
242		149959		400233		47607
243		149956		400739		47621
244		149961		401262		47621
245		149955		401768		47594
246		149936		402229		47622
247		149937		402764		47608
248		149929		403233		47629
249		149931		403718		47633
250		149933		404232		47648
251		149937		404753		47626
252		149944		405255		47602
253		149938		405793		47635
254		149946		406267		47619
255		149943		406789		47634
256		149949		407327		47647
257		149937		407857		47596
258		149932		408368		47582
259		149930		408910		47586
260		149916		409404		47579
261		149922		409905		47581
262		149908		410438		47589
263		149892		410941		47583
264		149890		411423		47605
265		149888		411932		47595
266		149881		412443		47601
267		149880		412902		47601
268		149876		413417		47612
269		149874		413890		47621
270		149870		414337		47621
271		149880		414803		47597
272		149865		415276		47584
273		149851		415749		47599
274		149854		416235		47600
275		149844		416722		47609
276		149847		417195		47585
277		149842		417634		47598
278		149854		418099		47578
279		149863		418598		47608
280		149860		419073		47627
281		149851		419543		47579
282		149855		420003		47560
283		149848		420460		47564
284		149846		420936		47605
285		149840		421440		47612
286		149836		421898		47605
287		149827		422380		47604
288		149825		422861		47594
289		149825		423259		47610
290		149814		423683		47629
291		149817		424120		47615
292		149824		424573		47591
293		149819		425024		47609
294		149802		425488		47627
295		149810		425910		47613
296		149803		426343		47597
297		149812		426781		47600
298		149823		427229		47600
299		149813		427681		47601
300		149809		428120		47591
301		149816		428551		47598
302		149811		429001		47606
303		149814		429449		47595
304		149807		429864		47618
305		149796		430294		47631
306		149802		430751		47603
307		149795		431177		47581
308		149808		431631		47574
309		149800		432063		47572
310		149789		432486		47584
311		149790		432909		47588
312		149792		433380		47612
313		149789		433823		47606
314		149793		434272		47542
315		149788		434734		47545
316		149787		435176		47574
317		149792		435605		47579
318		149802		436080		47572
319		149793		436544		47581
320		149795		437012		47585
321		149783		437448		47587
322		149792		437910		47590
323		149786		438363		47592
324		149787		438821		47583
325		149785		439289		47623
326		149778		439706		47618
327		149779		440140		47647
328		149775		440610		47658
329		149784		441061		47637
330		149785		441508		47645
331		149786		441947		47637
332		149784		442408		47633
333		149786		442850		47639
334		149790		443303		47655
335		149783		443738		47669
336		149782		444191		47639
337		149788		444651		47612
338		149794		445074		47608
339		149778		445488		47579
340		149775		445901		47580
341		149782		446370		47595
342		149781		446862		47629
343		149777		447340		47636
344		149767		447836		47636
345		149764		448281		47639
346		149768		448751		47623
347		149765		449234		47608
348		149761		449722		47610
349		149762		450189		47610
350		149772		450702		47610
351		149757		451187		47568
352		149757		451653		47582
353		149760		452108		47574
354		149751		452584		47568
355		149755		453074		47596
356		149757		453528		47580
357		149756		453991		47608
358		149747		454419		47631
359		149756		454882		47630
360		149743		455318		47605
361		149755		455749		47639
362		149736		456219		47634
363		149737		456665		47601
364		149748		457121		47568
365		149738		457565		47561
366		149746		457997		47591
367		149743		458457		47610
368		149744		458871		47625
369		149754		459272		47636
370		149760		459778		47650
371		149753		460224		47639
372		149752		460672		47662
373		149752		461142		47623
374		149752		461602		47647
375		149758		462061		47616
376		149755		462519		47616
377		149754		462972		47608
378		149739		463399		47594
379		149729		463837		47634
380		149723		464251		47661
381		149719		464668		47642
382		149735		465102		47593
383		149741		465508		47605
384		149736		465918		47596
385		149736		466349		47603
386		149739		466779		47611
387		149743		467213		47597
388		149735		467648		47583
389		149728		468070		47598
390		149720		468477		47608
391		149716		468894		47601
392		149717		469271		47554
393		149717		469666		47570
394		149713		470082		47574
395		149717		470505		47607
396		149724		470918		47630
397		149728		471332		47631
398		149725		471725		47612
399		149717		472145		47609
400		149730		472580		47586
401		149717		472989		47599
402		149729		473442		47570
403		149726		473902		47570
404		149729		474383		47581
405		149728		474866		47604
406		149709		475313		47595
407		149700		475731		47578
408		149690		476122		47588
409		149696		476550		47565
410		149689		476948		47585
411		149688		477362		47582
412		149689		477726		47600
413		149693		478120		47603
414		149698		478576		47619
415		149704		478993		47612
416		149712		479402		47635
417		149718		479819		47638
418		149721		480267		47642
419		149724		480693		47620
420		149731		481137		47620
421		149718		481549		47651
422		149725		481990		47626
423		149725		482411		47598
424		149726		482838		47581
425		149715		483259		47590
426		149723		483700		47636
427		149724		484157		47617
428		149720		484598		47625
429		149714		485046		47594
430		149722		485467		47583
431		149723		485916		47604
432		149715		486338		47621
433		149722		486765		47576
434		149707		487197		47609
435		149716		487608		47632
436		149707		488026		47619
437		149711		488446		47638
438		149708		488865		47622
439		149702		489292		47597
440		149713		489759		47583
441		149713		490203		47591
442		149712		490658		47612
443		149714		491120		47624
444		149704		491529		47584
445		149700		491933		47566
446		149700		492376		47575
447		149694		492777		47580
448		149687		493166		47574
449		149688		493607		47588
450		149688		494055		47566
451		149694		494482		47587
452		149698		494918		47618
453		149688		495388		47628
454		149692		495817		47623
455		149694		496245		47638
456		149689		496659		47626
457		149691		497066		47614
458		149693		497532		47621
459		149681		497937		47642
460		149682		498330		47635
461		149677		498704		47646
462		149679		499128		47658
463		149670		499526		47640
464		149684		499901		47631
465		149690		500305		47632
466		149697		500749		47609
467		149685		501172		47588
468		149686		501555		47628
469		149693		501968		47613
470		149690		502398		47609
471		149685		502812		47598
472		149687		503239		47591
473		149681		503656		47595
474		149682		504073		47633
475		149689		504487		47638
476		149677		504889		47629
477		149677		505284		47610
478		149675		505671		47634
479		149669		506057		47628
480		149674		506470		47614
481		149679		506889		47630
482		149675		507266		47620
483		149677		507685		47612
484		149683		508079		47626
485		149682		508514		47625
486		149683		508924		47595
487		149678		509320		47567
488		149677		509719		47580
489		149673		510138		47573
490		149674		510562		47590
491		149668		510946		47580
492		149665		511353		47614
493		149674		511745		47631
494		149671		512140		47622
495		149681		512550		47638
496		149672		512969		47633
497		149666		513339		47640
498		149662		513741		47650
499		149674		514124		47631
500		149672		514514		47632
501		149667		514921		47630
502		149674		515310		47632
503		149670		515685		47625
504		149673		516099		47582
505		149676		516506		47577
506		149668		516903		47585
507		149673		517296		47608
508		149681		517668		47605
509		149674		518075		47596
510		149676		518499		47604
511		149683		518900		47600
512		149686		519284		47631
513		149673		519712		47637
514		149677		520106		47616
515		149679		520519		47604
516		149678		520966		47599
517		149677		521417		47586
518		149688		521853		47607
519		149686		522288		47585
520		149679		522693		47608
521		149680		523119		47583
522		149676		523534		47578
523		149679		523940		47584
524		149686		524337		47596
525		149691		524760		47606
526		149687		525174		47632
527		149690		525582		47634
528		149692		526001		47653
529		149685		526445		47642
530		149684		526850		47653
531		149690		527284		47618
532		149681		527722		47600
533		149689		528182		47606
534		149689		528627		47609
535		149682		529064		47588
536		149678		529498		47619
537		149677		529916		47583
538		149676		530369		47610
539		149671		530791		47613
540		149684		531232		47611
541		149685		531647		47604
542		149670		532063		47583
543		149656		532492		47587
544		149652		532911		47605
545		149642		533294		47615
546		149660		533704		47632
547		149658		534137		47618
548		149651		534547		47644
549		149658		534995		47624
550		149664		535415		47609
551		149663		535824		47636
552		149667		536219		47655
553		149654		536625		47630
554		149651		536990		47628
555		149650		537386		47601
556		149647		537772		47606
557		149644		538143		47662
558		149647		538562		47640
559		149643		538968		47639
560		149639		539368		47613
561		149647		539786		47614
562		149639		540188		47610
563		149645		540576		47610
564		149636		541007		47626
565		149632		541377		47645
566		149628		541746		47634
567		149633		542149		47611
568		149636		542550		47595
569		149633		542951		47596
570		149635		543316		47616
571		149642		543711		47600
572		149639		544139		47613
573		149643		544525		47608
574		149639		544942		47584
575		149638		545318		47548
576		149630		545710		47561
577		149638		546107		47601
578		149628		546473		47600
579		149639		546854		47594
580		149638		547222		47603
581		149636		547637		47623
582		149640		548039		47643
583		149644		548457		47627
584		149650		548899		47658
585		149659		549325		47636
586		149658		549759		47606
587		149643		550180		47604
588		149642		550628		47627
589		149641		551021		47627
590		149627		551435		47611
591		149629		551813		47620
592		149633		552190		47609
593		149629		552557		47614
594		149625		552932		47613
595		149617		553264		47615
596		149615		553637		47634
597		149618		553990		47643
598		149614		554397		47630
599		149616		554794		47645
600		149620		555205		47631
601		149619		555604		47635
602		149616		556022		47615
603		149621		556411		47625
604		149623		556810		47647
605		149617		557201		47648
606		149626		557607		47615
607		149623		557979		47629
608		149621		558342		47638
609		149615		558711		47634
610		149621		559100		47619
611		149626		559507		47629
612		149621		559894		47607
613		149626		560304		47592
614		149621		560716		47606
615		149624		561122		47595
616		149638		561511		47605
617		149646		561912		47627
618		149638		562330		47627
619		149645		562761		47609
620		149637		563149		47585
621		149641		563556		47618
622		149628		564000		47619
623		149628		564391		47606
624		149627		564759		47613
625		149618		565139		47601
626		149617		565506		47551
627		149617		565833		47549
628		149610		566163		47555
629		149605		566532		47550
630		149607		566915		47578
631		149615		567292		47568
632		149611		567691		47555
633		149617		568069		47580
634		149626		568447		47591
635		149630		568863		47614
636		149632		569230		47594
637		149636		569609		47609
638		149639		570035		47623
639		149640		570452		47627
640		149651		570886		47640
641		149642		571303		47640
642		149646		571704		47642
643		149646		572091		47654
644		149657		572535		47664
645		149650		572906		47668
646		149659		573324		47655
647		149654		573756		47635
648		149642		574175		47618
649		149645		574621		47576
650		149642		575038		47583
651		149645		575487		47592
652		149641		575890		47590
653		149637		576313		47609
654		149641		576730		47584
655		149642		577161		47584
656		149642		577584		47594
657		149644		577976		47591
658		149648		578402		47621
659		149630		578809		47615
660		149630		579189		47608
661		149632		579558		47616
662		149633		579972		47611
663		149641		580412		47594
664		149628		580800		47607
665		149620		581241		47614
666		149630		581665		47613
667		149623		582043		47588
668		149628		582450		47577
669		149630		582843		47581
670		149634		583272		47610
671		149638		583691		47614
672		149630		584101		47612
673		149623		584505		47610
674		149621		584908		47569
675		149624		585291		47563
676		149631		585698		47563
677		149637		586054		47575
678		149631		586489		47585
679		149621		586887		47597
680		149623		587285		47562
681		149631		587667		47596
682		149628		588096		47593
683		149621		588491		47582
684		149624		588899		47595
685		149629		589314		47605
686		149641		589754		47567
687		149645		590153		47590
688		149649		590580		47580
689		149633		591005		47621
690		149635		591391		47627
691		149636		591775		47641
692		149641		592189		47637
693		149631		592581		47644
694		149626		592977		47635
695		149626		593370		47621
696		149621		593752		47580
697		149614		594126		47577
698		149616		594535		47548
699		149605		594915		47573
700		149614		595277		47559
701		149614		595679		47561
702		149616		596066		47574
703		149620		596488		47611
704		149620		596906		47589
705		149613		597297		47597
706		149611		597694		47623
707		149616		598116		47614
708		149615		598544		47626
709		149620		598951		47627
710		149624		599379		47617
711		149624		599775		47617
712		149620		600210		47630
713		149624		600612		47631
714		149644		601038		47612
715		149647		601496		47629
716		149645		601917		47609
717		149654		602347		47608
718		149636		602736		47608
719		149633		603109		47619
720		149625		603476		47627
721		149629		603844		47643
722		149627		604223		47614
723		149632		604647		47572
724		149594		605139		47593
725		149568		605575		47569
726		149572		606070		47570
727		149577		606511		47569
728		149568		606958		47576
729		149552		607431		47541
730		149548		607873		47569
731		149545		608292		47590
732		149546		608724		47591
733		149540		609177		47585
734		149549		609631		47592
735		149541		610124		47629
736		149547		610591		47627
737		149543		611047		47619
738		149536		611498		47629
739		149531		611935		47621
740		149535		612344		47611
741		149538		612764		47612
742		149536		613185		47601
743		149532		613608		47614
744		149528		614034		47634
745		149516		614454		47628
746		149512		614863		47626
747		149517		615282		47596
748		149507		615694		47580
749		149501		616132		47612
750		149490		616514		47629
751		149496		616919		47636
752		149496		617298		47654
753		149493		617706		47648
754		149494		618101		47646
755		149506		618499		47639
756		149503		618884		47633
757		149505		619281		47626
758		149499		619685		47614
759		149489		620067		47625
760		149497		620466		47636
761		149497		620878		47633
762		149504		621298		47639
763		149500		621686		47654
764		149501		622064		47639
765		149505		622455		47634
766		149513		622882		47630
767		149507		623278		47651
768		149502		623699		47659
769		149503		624153		47647
770		149505		624555		47653
771		149495		624960		47656
772		149496		625376		47651
773		149485		625796		47660
774		149469		626210		47671
775		149465		626598		47648
776		149464		626954		47643
777		149463		627327		47659
778		149467		627676		47642
779		149465		628088		47657
780		149460		628509		47658
781		149469		628880		47670
782		149473		629264		47671
783		149463		629633		47666
784		149464		629998		47669
785		149465		630370		47654
786		149479		630771		47642
787		149480		631157		47639
788		149492		631546		47652
789		149482		631943		47633
790		149481		632367		47628
791		149480		632764		47632
792		149466		633131		47631
793		149467		633519		47628
794		149466		633926		47608
795		149468		634295		47600
796		149471		634649		47593
797		149469		635045		47570
798		149462		635436		47603
799		149455		635811		47625
800		149455		636183		47606
801		149459		636565		47592
802		149465		636948		47593
803		149472		637360		47612
804		149465		637764		47614
805		149469		638148		47629
806		149459		638513		47633
807		149459		638862		47603
808		149455		639231		47617
809		149458		639590		47626
810		149450		639954		47623
811		149450		640295		47628
812		149449		640638		47636
813		149452		641026		47612
814		149449		641384		47622
815		149452		641752		47621
816		149453		642123		47652
817		149447		642480		47646
818		149453		642844		47658
819		149450		643188		47651
820		149454		643560		47647
821		149446		643937		47630
822		149448		644326		47634
823		149448		644694		47630
824		149453		645053		47597
825		149452		645395		47626
826		149448		645775		47642
827		149450		646142		47664
828		149464		646512		47644
829		149455		646889		47630
830		149450		647245		47598
831		149439		647633		47592
832		149435		647980		47606
833		149441		648308		47611
834		149436		648701		47596
835		149444		649045		47620
836		149445		649430		47642
837		149455		649845		47647
838		149444		650259		47638
839		149447		650632		47653
840		149440		650974		47659
841		149435		651351		47665
842		149434		651745		47658
843		149432		652103		47672
844		149438		652525		47641
845		149445		652944		47662
846		149444		653319		47637
847		149432		653717		47613
848		149435		654085		47609
849		149434		654479		47618
850		149444		654836		47640
851		149438		655218		47621
852		149446		655647		47649
853		149442		656046		47635
854		149445		656413		47620
855		149452		656837		47593
856		149459		657209		47596
857		149450		657612		47619
858		149455		658023		47627
859		149449		658410		47628
860		149440		658765		47612
861		149447		659147		47618
862		149436		659511		47636
863		149444		659884		47636
864		149438		660284		47629
865		149435		660648		47630
866		149426		661035		47599
867		149414		661400		47610
868		149419		661762		47628
869		149420		662091		47651
870		149423		662415		47631
871		149416		662778		47623
872		149427		663122		47631
873		149414		663475		47631
874		149415		663835		47633
875		149410		664194		47650
876		149406		664536		47615
877		149416		664891		47633
878		149417		665233		47618
879		149414		665573		47634
880		149420		665967		47625
881		149423		666353		47640
882		149416		666713		47647
883		149427		667095		47635
884		149424		667476		47627
885		149429		667837		47635
886		149432		668211		47638
887		149423		668601		47641
888		149445		668996		47617
889		149436		669362		47613
890		149444		669739		47626
891		149452		670126		47620
892		149443		670499		47631
893		149454		670872		47638
894		149438		671271		47609
895		149438		671680		47623
896		149438		672046		47633
897		149443		672404		47625
898		149434		672767		47656
899		149424		673141		47641
900		149433		673502		47639
901		149432		673881		47649
902		149434		674248		47662
903		149429		674597		47675
904		149429		674969		47677
905		149429		675353		47630
906		149435		675721		47642
907		149446		676106		47654
908		149441		676509		47651
909		149443		676918		47649
910		149438		677320		47643
911		149435		677724		47644
912		149434		678125		47643
913		149430		678524		47633
914		149426		678922		47629
915		149414		679350		47592
916		149413		679680		47597
917		149403		680019		47589
918		149405		680379		47590
919		149403		680752		47588
920		149401		681151		47563
921		149404		681517		47605
922		149397		681883		47616
923		149402		682294		47594
924		149401		682705		47588
925		149395		683090		47607
926		149392		683478		47636
927		149388		683842		47668
928		149391		684195		47663
929		149387		684537		47663
930		149390		684889		47664
931		149384		685273		47628
932		149384		685642		47609
933		149388		686017		47604
934		149388		686376		47607
935		149384		686736		47630
936		149384		687069		47618
937		149381		687437		47622
938		149385		687808		47612
939		149400		688196		47585
940		149402		688554		47598
941		149394		688934		47646
942		149394		689303		47622
943		149396		689686		47604
944		149394		690082		47596
945		149393		690493		47618
946		149392		690878		47632
947		149400		691250		47662
948		149407		691645		47654
949		149399		692001		47634
950		149398		692374		47637
951		149392		692734		47638
952		149393		693113		47640
953		149385		693511		47635
954		149384		693851		47616
955		149383		694208		47617
956		149382		694570		47641
957		149387		694945		47659
958		149382		695307		47662
959		149379		695671		47639
960		149395		696024		47622
961		149386		696406		47615
962		149379		696770		47625
963		149375		697134		47615
964		149374		697515		47625
965		149372		697846		47653
966		149366		698181		47662
967		149369		698530		47653
968		149379		698899		47640
969		149386		699301		47664
970		149382		699630		47668
971		149368		699970		47654
972		149373		700313		47630
973		149372		700660		47625
974		149380		701060		47631
975		149379		701442		47653
976		149374		701826		47667
977		149379		702172		47655
978		149387		702512		47658
979		149376		702842		47645
980		149373		703183		47636
981		149380		703546		47618
982		149385		703910		47662
983		149377		704268		47645
984		149373		704621		47633
985		149382		705018		47615
986		149380		705351		47622
987		149384		705732		47626
988		149385		706105		47629
989		149395		706458		47644
990		149384		706812		47641
991		149386		707169		47619
992		149392		707542		47612
993		149408		707894		47639
994		149405		708270		47621
995		149383		708597		47620
996		149390		708946		47626
997		149393		709295		47615
998		149394		709630		47627
999		149399		709961		47628
