# Migration is number of nodes that have changed color.

Round		Edge-Cut		Swaps		Migrations		Skipped
0		572553		62787		52896
1		439850		121676		46857
2		300697		170752		47625
3		229390		209147		47586
4		197992		239970		47647
5		184324		266137		47667
6		176625		289296		47706
7		171474		310418		47557
8		168004		330274		47606
9		165131		348774		47702
10		161073		365224		47648
11		158523		380241		47563
12		155609		393979		47699
13		152257		406444		47767
14		150223		418112		47744
15		147710		428761		47656
16		145399		438213		47750
17		143094		446535		47679
18		141275		454141		47771
19		139629		460631		47774
20		137410		464054		47662
21		136191		466480		47713
22		135399		468330		47721
23		134925		469782		47728
24		134386		470970		47729
25		134008		471945		47739
26		133720		472772		47706
27		133567		473424		47714
28		133422		473989		47726
29		133271		474462		47714
30		133117		474879		47713
31		133040		475242		47741
32		133023		475578		47723
33		132874		475881		47744
34		132780		476163		47756
35		132692		476435		47740
36		132634		476713		47741
37		132576		476945		47726
38		132560		477162		47720
39		132521		477368		47706
40		132483		477538		47704
41		132462		477687		47707
42		132437		477854		47697
43		132405		478000		47710
44		132371		478135		47720
45		132326		478239		47722
46		132308		478349		47702
47		132307		478443		47712
48		132288		478531		47717
49		132284		478596		47708
50		132265		478675		47710
51		132264		478752		47722
52		132278		478824		47716
53		132251		478912		47716
54		132261		479012		47718
55		132274		479097		47716
56		132260		479157		47710
57		132275		479228		47712
58		132245		479287		47709
59		132236		479344		47707
60		132234		479410		47708
61		132237		479467		47714
62		132233		479527		47716
63		132234		479579		47719
64		132226		479637		47709
65		132229		479682		47708
66		132218		479739		47708
67		132209		479799		47708
68		132196		479845		47701
69		132190		479891		47704
70		132187		479925		47707
71		132177		479955		47710
72		132162		479992		47705
73		132155		480025		47702
74		132144		480055		47703
75		132142		480083		47703
76		132138		480105		47703
77		132136		480133		47704
78		132148		480163		47702
79		132139		480187		47708
80		132128		480217		47706
81		132134		480243		47706
82		132140		480273		47701
83		132137		480297		47705
84		132125		480323		47706
85		132126		480343		47702
86		132117		480365		47704
87		132122		480393		47709
88		132113		480422		47708
89		132113		480437		47707
90		132120		480455		47712
91		132113		480480		47713
92		132105		480507		47720
93		132103		480527		47725
94		132098		480541		47725
95		132097		480557		47721
96		132101		480571		47725
97		132098		480584		47724
98		132097		480600		47725
99		132095		480616		47724
100		132094		480629		47725
101		132096		480642		47725
102		132101		480659		47729
103		132090		480672		47729
104		132089		480683		47731
105		132092		480693		47732
106		132092		480703		47731
107		132090		480711		47728
108		132094		480719		47727
109		132090		480724		47724
110		132096		480733		47723
111		132089		480744		47726
112		132103		480758		47728
113		132097		480766		47724
114		132100		480783		47723
115		132098		480803		47725
116		132092		480818		47725
117		132085		480833		47726
118		132082		480848		47730
119		132083		480855		47735
120		132081		480867		47735
121		132075		480875		47734
122		132076		480882		47734
123		132076		480887		47733
124		132071		480893		47730
125		132070		480903		47729
126		132068		480910		47730
127		132070		480919		47731
128		132068		480926		47732
129		132070		480934		47730
130		132076		480939		47730
131		132074		480952		47730
132		132074		480954		47730
133		132071		480960		47731
134		132070		480965		47727
135		132064		480973		47726
136		132063		480982		47726
137		132067		480989		47727
138		132068		480996		47725
139		132063		481002		47725
140		132063		481008		47728
141		132061		481015		47724
142		132060		481019		47722
143		132062		481024		47719
144		132062		481026		47719
145		132060		481029		47719
146		132063		481033		47719
147		132058		481037		47717
148		132055		481042		47717
149		132056		481045		47717
150		132056		481047		47717
151		132056		481051		47718
152		132058		481056		47719
153		132058		481058		47719
154		132054		481063		47719
155		132053		481068		47720
156		132052		481071		47720
157		132050		481077		47722
158		132051		481081		47723
159		132050		481086		47724
160		132048		481093		47721
161		132047		481096		47721
162		132048		481100		47722
163		132047		481103		47722
164		132044		481109		47721
165		132046		481112		47722
166		132046		481117		47721
167		132050		481124		47721
168		132049		481127		47722
169		132049		481131		47722
170		132043		481138		47722
171		132040		481143		47721
172		132042		481147		47720
173		132042		481152		47720
174		132042		481159		47720
175		132041		481167		47720
176		132041		481171		47720
177		132038		481177		47722
178		132037		481180		47722
179		132035		481184		47722
180		132039		481188		47721
181		132042		481191		47723
182		132041		481194		47723
183		132041		481196		47723
184		132040		481197		47724
185		132039		481198		47723
186		132038		481199		47723
187		132036		481201		47723
188		132036		481201		47723
189		132038		481204		47722
190		132037		481206		47723
191		132037		481207		47724
192		132042		481208		47724
193		132040		481209		47725
194		132039		481210		47725
195		132040		481211		47725
196		132039		481212		47725
197		132039		481212		47725
198		132041		481216		47726
199		132040		481217		47726
200		132040		481218		47728
201		132039		481219		47728
202		132039		481219		47728
203		132036		481221		47730
204		132036		481221		47730
205		132036		481221		47730
206		132036		481221		47730
207		132036		481222		47729
208		132038		481226		47730
209		132039		481231		47729
210		132038		481234		47729
211		132038		481237		47730
212		132038		481239		47730
213		132038		481241		47727
214		132038		481242		47727
215		132038		481242		47727
216		132038		481242		47727
217		132038		481242		47727
218		132038		481242		47727
219		132037		481244		47729
220		132036		481246		47728
221		132036		481246		47728
222		132036		481246		47728
223		132034		481249		47725
224		132034		481249		47725
225		132031		481251		47723
226		132030		481252		47723
227		132030		481253		47723
228		132030		481253		47723
229		132030		481254		47722
230		132030		481254		47722
231		132030		481254		47722
232		132029		481255		47722
233		132028		481256		47723
234		132028		481256		47723
235		132028		481256		47723
236		132028		481256		47723
237		132028		481257		47723
238		132028		481257		47723
239		132028		481257		47723
240		132025		481258		47723
241		132022		481259		47723
242		132022		481259		47723
243		132021		481261		47722
244		132021		481261		47722
245		132025		481262		47723
246		132025		481262		47723
247		132025		481263		47724
248		132025		481263		47724
249		132025		481263		47724
250		132025		481263		47724
251		132025		481263		47724
252		132025		481263		47724
253		132025		481263		47724
254		132025		481263		47724
255		132025		481263		47724
256		132025		481263		47724
257		132025		481263		47724
258		132025		481263		47724
259		132025		481263		47724
260		132025		481263		47724
261		132025		481263		47724
262		132025		481263		47724
263		132024		481264		47724
264		132023		481265		47724
265		132023		481265		47724
266		132023		481265		47724
267		132023		481267		47725
268		132022		481269		47726
269		132022		481269		47726
270		132022		481269		47726
271		132022		481269		47726
272		132022		481269		47726
273		132022		481269		47726
274		132022		481269		47726
275		132022		481269		47726
276		132021		481270		47726
277		132021		481270		47726
278		132021		481270		47726
279		132020		481271		47726
280		132019		481272		47726
281		132019		481272		47726
282		132019		481272		47726
283		132019		481272		47726
284		132019		481272		47726
285		132018		481273		47725
286		132017		481274		47725
287		132017		481274		47725
288		132017		481274		47725
289		132017		481274		47725
290		132017		481274		47725
291		132017		481274		47725
292		132017		481274		47725
293		132017		481274		47725
294		132017		481274		47725
295		132017		481274		47725
296		132017		481274		47725
297		132017		481274		47725
298		132017		481274		47725
299		132017		481274		47725
300		132017		481274		47725
301		132017		481274		47725
302		132017		481274		47725
303		132017		481274		47725
304		132017		481274		47725
305		132017		481275		47725
306		132017		481277		47724
307		132017		481277		47724
308		132017		481277		47724
309		132017		481277		47724
310		132017		481277		47724
311		132017		481277		47724
312		132017		481277		47724
313		132016		481278		47723
314		132016		481278		47723
315		132016		481278		47723
316		132016		481278		47723
317		132016		481278		47723
318		132015		481279		47724
319		132016		481280		47724
320		132017		481281		47725
321		132017		481281		47725
322		132018		481284		47723
323		132018		481284		47723
324		132017		481285		47722
325		132017		481285		47722
326		132015		481288		47722
327		132016		481289		47723
328		132016		481289		47723
329		132015		481290		47723
330		132015		481291		47722
331		132018		481296		47722
332		132017		481298		47723
333		132017		481299		47722
334		132022		481301		47723
335		132019		481302		47723
336		132017		481303		47723
337		132017		481303		47723
338		132017		481303		47723
339		132016		481304		47722
340		132016		481304		47722
341		132016		481304		47722
342		132016		481304		47722
343		132016		481304		47722
344		132016		481304		47722
345		132016		481305		47721
346		132016		481305		47721
347		132016		481305		47721
348		132015		481306		47721
349		132012		481307		47721
350		132014		481308		47720
351		132014		481308		47720
352		132013		481309		47719
353		132012		481310		47720
354		132012		481310		47720
355		132012		481310		47720
356		132011		481311		47719
357		132010		481313		47719
358		132010		481313		47719
359		132010		481314		47720
360		132010		481314		47720
361		132010		481314		47720
362		132010		481314		47720
363		132010		481314		47720
364		132010		481314		47720
365		132010		481314		47720
366		132010		481314		47720
367		132010		481314		47720
368		132009		481315		47720
369		132009		481315		47720
370		132012		481316		47718
371		132009		481317		47720
372		132012		481318		47718
373		132009		481319		47720
374		132009		481319		47720
375		132012		481320		47718
376		132009		481321		47720
377		132012		481322		47718
378		132009		481323		47720
379		132012		481324		47718
380		132012		481324		47718
381		132009		481326		47720
382		132009		481326		47720
383		132012		481327		47718
384		132012		481327		47718
385		132012		481327		47718
386		132011		481328		47719
387		132009		481330		47720
388		132009		481330		47720
389		132010		481333		47721
390		132007		481334		47723
391		132009		481336		47721
392		132009		481336		47721
393		132009		481336		47721
394		132005		481338		47721
395		132007		481340		47718
396		132004		481341		47720
397		132002		481342		47720
398		132005		481343		47718
399		132005		481343		47718
400		132002		481344		47720
401		132002		481344		47720
402		132005		481345		47718
403		132005		481345		47718
404		132002		481346		47720
405		132002		481348		47720
406		132005		481349		47718
407		132002		481350		47720
408		132002		481350		47720
409		132005		481351		47718
410		132003		481353		47722
411		132001		481355		47724
412		132004		481356		47722
413		132001		481357		47724
414		132004		481358		47722
415		132001		481359		47724
416		132001		481359		47724
417		132001		481359		47724
418		132000		481360		47724
419		132001		481362		47722
420		132001		481364		47722
421		131998		481366		47723
422		132000		481368		47720
423		131997		481369		47722
424		131997		481371		47722
425		132000		481372		47720
426		132000		481372		47720
427		132000		481374		47720
428		131999		481375		47720
429		131999		481375		47720
430		131999		481377		47720
431		131999		481377		47720
432		131996		481378		47722
433		131996		481378		47722
434		131996		481378		47722
435		131999		481379		47720
436		131994		481380		47722
437		131994		481380		47722
438		131994		481380		47722
439		131993		481381		47720
440		131993		481381		47720
441		131993		481381		47720
442		131993		481381		47720
443		131993		481381		47720
444		131993		481381		47720
445		131993		481381		47720
446		131993		481382		47720
447		131993		481384		47720
448		131993		481386		47722
449		131993		481386		47722
450		131993		481386		47722
451		131993		481386		47722
452		131993		481386		47722
453		131993		481386		47722
454		131993		481386		47722
455		131993		481386		47722
456		131993		481386		47722
457		131993		481386		47722
458		131993		481386		47722
459		131993		481386		47722
460		131993		481386		47722
461		131993		481386		47722
462		131993		481386		47722
463		131993		481386		47722
464		131993		481386		47722
465		131993		481386		47722
466		131993		481386		47722
467		131993		481386		47722
468		131993		481386		47722
469		131993		481386		47722
470		131993		481386		47722
471		131991		481387		47722
472		131991		481387		47722
473		131991		481387		47722
474		131991		481387		47722
475		131991		481387		47722
476		131991		481387		47722
477		131991		481387		47722
478		131991		481387		47722
479		131991		481388		47723
480		131991		481388		47723
481		131991		481388		47723
482		131991		481388		47723
483		131991		481388		47723
484		131991		481388		47723
485		131991		481388		47723
486		131991		481388		47723
487		131991		481388		47723
488		131991		481388		47723
489		131991		481388		47723
490		131991		481388		47723
491		131991		481388		47723
492		131991		481388		47723
493		131991		481388		47723
494		131990		481390		47720
495		131986		481394		47721
496		131995		481397		47720
497		131997		481398		47721
498		131997		481398		47721
499		131993		481400		47720
500		131996		481408		47722
501		131996		481411		47721
502		131997		481413		47722
503		131997		481413		47722
504		131995		481414		47722
505		131995		481414		47722
506		131995		481414		47722
507		131995		481414		47722
508		131997		481416		47723
509		131998		481419		47723
510		131997		481424		47721
511		131995		481427		47721
512		131995		481429		47721
513		131994		481432		47722
514		131996		481433		47722
515		131996		481433		47722
516		131996		481433		47722
517		131993		481435		47722
518		131993		481435		47722
519		131991		481436		47722
520		131991		481438		47722
521		131993		481439		47722
522		131993		481439		47722
523		131991		481440		47722
524		131989		481441		47722
525		131989		481446		47720
526		131991		481447		47720
527		131992		481450		47719
528		131992		481450		47719
529		131990		481451		47719
530		131990		481454		47719
531		131988		481455		47719
532		131988		481455		47719
533		131990		481456		47719
534		131990		481456		47719
535		131988		481457		47719
536		131988		481457		47719
537		131988		481459		47719
538		131990		481460		47719
539		131990		481460		47719
540		131988		481461		47719
541		131988		481461		47719
542		131989		481462		47720
543		131989		481462		47720
544		131989		481462		47720
545		131989		481462		47720
546		131989		481462		47720
547		131989		481462		47720
548		131989		481462		47720
549		131987		481463		47721
550		131987		481463		47721
551		131987		481463		47721
552		131987		481463		47721
553		131987		481463		47721
554		131987		481463		47721
555		131987		481463		47721
556		131987		481463		47721
557		131987		481463		47721
558		131987		481463		47721
559		131987		481463		47721
560		131987		481463		47721
561		131984		481464		47722
562		131984		481464		47722
563		131984		481464		47722
564		131984		481464		47722
565		131984		481464		47722
566		131984		481464		47722
567		131984		481464		47722
568		131984		481464		47722
569		131984		481464		47722
570		131984		481464		47722
571		131984		481464		47722
572		131984		481464		47722
573		131984		481464		47722
574		131984		481464		47722
575		131984		481464		47722
576		131984		481464		47722
577		131984		481464		47722
578		131984		481464		47722
579		131984		481464		47722
580		131984		481464		47722
581		131988		481465		47722
582		131987		481466		47721
583		131988		481467		47722
584		131988		481467		47722
585		131987		481468		47721
586		131987		481468		47721
587		131986		481469		47721
588		131986		481469		47721
589		131986		481471		47721
590		131987		481472		47722
591		131987		481472		47722
592		131987		481473		47723
593		131987		481473		47723
594		131986		481474		47722
595		131986		481474		47722
596		131983		481477		47722
597		131983		481477		47722
598		131983		481477		47722
599		131983		481477		47722
600		131981		481478		47721
601		131981		481478		47721
602		131981		481478		47721
603		131981		481478		47721
604		131981		481478		47721
605		131981		481478		47721
606		131981		481478		47721
607		131981		481478		47721
608		131981		481478		47721
609		131981		481478		47721
610		131981		481478		47721
611		131981		481478		47721
612		131981		481478		47721
613		131981		481478		47721
614		131981		481478		47721
615		131981		481478		47721
616		131981		481478		47721
617		131981		481478		47721
618		131981		481478		47721
619		131981		481478		47721
620		131981		481478		47721
621		131981		481478		47721
622		131981		481478		47721
623		131981		481478		47721
624		131981		481478		47721
625		131981		481478		47721
626		131981		481478		47721
627		131981		481478		47721
628		131981		481478		47721
629		131981		481478		47721
630		131981		481478		47721
631		131981		481478		47721
632		131981		481478		47721
633		131981		481478		47721
634		131981		481478		47721
635		131981		481478		47721
636		131981		481478		47721
637		131981		481478		47721
638		131981		481478		47721
639		131980		481479		47723
640		131980		481479		47723
641		131980		481479		47723
642		131983		481480		47721
643		131980		481481		47723
644		131983		481482		47721
645		131980		481483		47723
646		131980		481483		47723
647		131983		481484		47721
648		131980		481485		47723
649		131980		481485		47723
650		131980		481485		47723
651		131980		481485		47723
652		131980		481485		47723
653		131980		481485		47723
654		131980		481487		47723
655		131983		481488		47721
656		131980		481489		47723
657		131983		481490		47721
658		131983		481490		47721
659		131979		481492		47723
660		131979		481494		47723
661		131979		481494		47723
662		131982		481495		47721
663		131979		481496		47723
664		131979		481496		47723
665		131987		481498		47721
666		131984		481499		47723
667		131987		481500		47721
668		131984		481501		47723
669		131987		481502		47721
670		131984		481503		47723
671		131984		481505		47723
672		131987		481506		47721
673		131982		481507		47721
674		131982		481507		47721
675		131982		481507		47721
676		131982		481507		47721
677		131982		481507		47721
678		131982		481507		47721
679		131982		481507		47721
680		131982		481507		47721
681		131982		481507		47721
682		131982		481507		47721
683		131980		481509		47721
684		131980		481509		47721
685		131979		481510		47723
686		131979		481510		47723
687		131979		481510		47723
688		131979		481510		47723
689		131978		481511		47724
690		131978		481511		47724
691		131978		481512		47723
692		131978		481512		47723
693		131978		481512		47723
694		131978		481512		47723
695		131984		481513		47723
696		131988		481514		47725
697		131988		481514		47725
698		131988		481514		47725
699		131988		481514		47725
700		131988		481514		47725
701		131988		481514		47725
702		131988		481514		47725
703		131988		481514		47725
704		131988		481514		47725
705		131988		481514		47725
706		131988		481514		47725
707		131988		481514		47725
708		131988		481514		47725
709		131988		481514		47725
710		131988		481514		47725
711		131988		481514		47725
712		131988		481514		47725
713		131988		481514		47725
714		131988		481514		47725
715		131988		481514		47725
716		131988		481514		47725
717		131988		481514		47725
718		131988		481514		47725
719		131987		481515		47725
720		131987		481515		47725
721		131987		481515		47725
722		131987		481515		47725
723		131987		481515		47725
724		131987		481515		47725
725		131987		481515		47725
726		131987		481515		47725
727		131987		481515		47725
728		131987		481515		47725
729		131986		481516		47725
730		131986		481516		47725
731		131986		481516		47725
732		131986		481516		47725
733		131986		481516		47725
734		131986		481516		47725
735		131986		481517		47725
736		131986		481517		47725
737		131986		481517		47725
738		131986		481517		47725
739		131986		481517		47725
740		131986		481517		47725
741		131986		481517		47725
742		131986		481517		47725
743		131986		481517		47725
744		131986		481517		47725
745		131986		481517		47725
746		131986		481517		47725
747		131986		481517		47725
748		131986		481517		47725
749		131986		481517		47725
750		131986		481517		47725
751		131986		481517		47725
752		131986		481517		47725
753		131986		481517		47725
754		131986		481517		47725
755		131986		481517		47725
756		131986		481517		47725
757		131986		481517		47725
758		131986		481517		47725
759		131986		481517		47725
760		131986		481517		47725
761		131986		481517		47725
762		131986		481517		47725
763		131985		481518		47726
764		131985		481518		47726
765		131982		481519		47725
766		131982		481519		47725
767		131982		481519		47725
768		131982		481519		47725
769		131982		481519		47725
770		131981		481520		47724
771		131981		481520		47724
772		131981		481520		47724
773		131981		481520		47724
774		131981		481520		47724
775		131981		481520		47724
776		131981		481520		47724
777		131981		481520		47724
778		131981		481520		47724
779		131981		481520		47724
780		131981		481520		47724
781		131981		481520		47724
782		131981		481520		47724
783		131981		481520		47724
784		131981		481520		47724
785		131981		481520		47724
786		131981		481520		47724
787		131981		481520		47724
788		131981		481520		47724
789		131981		481520		47724
790		131981		481520		47724
791		131981		481520		47724
792		131978		481521		47724
793		131978		481521		47724
794		131978		481521		47724
795		131978		481521		47724
796		131978		481521		47724
797		131978		481521		47724
798		131978		481521		47724
799		131978		481521		47724
800		131978		481521		47724
801		131978		481521		47724
802		131978		481521		47724
803		131978		481521		47724
804		131978		481521		47724
805		131978		481521		47724
806		131978		481521		47724
807		131978		481521		47724
808		131978		481521		47724
809		131978		481521		47724
810		131978		481521		47724
811		131978		481521		47724
812		131978		481521		47724
813		131978		481521		47724
814		131978		481521		47724
815		131978		481521		47724
816		131978		481521		47724
817		131978		481521		47724
818		131978		481521		47724
819		131978		481521		47724
820		131978		481521		47724
821		131978		481521		47724
822		131978		481521		47724
823		131978		481521		47724
824		131978		481521		47724
825		131978		481521		47724
826		131978		481521		47724
827		131978		481521		47724
828		131978		481521		47724
829		131978		481521		47724
830		131978		481521		47724
831		131978		481521		47724
832		131978		481521		47724
833		131978		481521		47724
834		131978		481522		47723
835		131978		481522		47723
836		131978		481522		47723
837		131978		481522		47723
838		131978		481522		47723
839		131978		481522		47723
840		131978		481522		47723
841		131978		481522		47723
842		131978		481522		47723
843		131978		481522		47723
844		131978		481522		47723
845		131978		481522		47723
846		131978		481522		47723
847		131978		481522		47723
848		131978		481522		47723
849		131978		481522		47723
850		131978		481522		47723
851		131978		481522		47723
852		131978		481522		47723
853		131978		481522		47723
854		131978		481522		47723
855		131978		481522		47723
856		131978		481522		47723
857		131978		481523		47721
858		131978		481523		47721
859		131978		481523		47721
860		131978		481523		47721
861		131978		481523		47721
862		131978		481523		47721
863		131978		481523		47721
864		131978		481523		47721
865		131978		481523		47721
866		131978		481523		47721
867		131978		481523		47721
868		131978		481523		47721
869		131978		481523		47721
870		131978		481523		47721
871		131978		481523		47721
872		131978		481523		47721
873		131978		481523		47721
874		131978		481523		47721
875		131978		481523		47721
876		131978		481523		47721
877		131978		481523		47721
878		131977		481524		47721
879		131977		481524		47721
880		131976		481525		47721
881		131976		481525		47721
882		131976		481525		47721
883		131976		481525		47721
884		131975		481526		47722
885		131973		481527		47722
886		131973		481527		47722
887		131973		481527		47722
888		131973		481527		47722
889		131973		481527		47722
890		131973		481527		47722
891		131973		481527		47722
892		131973		481527		47722
893		131973		481527		47722
894		131973		481527		47722
895		131973		481527		47722
896		131973		481527		47722
897		131973		481527		47722
898		131973		481527		47722
899		131973		481527		47722
900		131973		481527		47722
901		131973		481527		47722
902		131973		481527		47722
903		131973		481527		47722
904		131973		481527		47722
905		131973		481527		47722
906		131973		481527		47722
907		131973		481527		47722
908		131973		481527		47722
909		131973		481527		47722
910		131973		481527		47722
911		131973		481527		47722
912		131973		481527		47722
913		131973		481527		47722
914		131973		481527		47722
915		131973		481527		47722
916		131973		481527		47722
917		131973		481527		47722
918		131973		481527		47722
919		131973		481527		47722
920		131973		481527		47722
921		131973		481527		47722
922		131973		481527		47722
923		131973		481527		47722
924		131973		481527		47722
925		131973		481527		47722
926		131973		481527		47722
927		131973		481527		47722
928		131973		481527		47722
929		131973		481527		47722
930		131973		481527		47722
931		131973		481527		47722
932		131973		481527		47722
933		131973		481527		47722
934		131973		481527		47722
935		131973		481527		47722
936		131973		481527		47722
937		131973		481527		47722
938		131973		481527		47722
939		131973		481527		47722
940		131973		481527		47722
941		131973		481527		47722
942		131973		481527		47722
943		131973		481527		47722
944		131973		481527		47722
945		131973		481527		47722
946		131973		481527		47722
947		131972		481528		47721
948		131972		481528		47721
949		131972		481528		47721
950		131972		481528		47721
951		131972		481528		47721
952		131972		481528		47721
953		131972		481528		47721
954		131972		481528		47721
955		131972		481528		47721
956		131972		481528		47721
957		131972		481528		47721
958		131972		481528		47721
959		131972		481528		47721
960		131972		481528		47721
961		131971		481529		47720
962		131971		481529		47720
963		131971		481529		47720
964		131971		481529		47720
965		131971		481529		47720
966		131971		481529		47720
967		131971		481529		47720
968		131971		481529		47720
969		131971		481529		47720
970		131971		481529		47720
971		131971		481529		47720
972		131971		481529		47720
973		131971		481529		47720
974		131971		481529		47720
975		131971		481529		47720
976		131971		481529		47720
977		131971		481529		47720
978		131971		481529		47720
979		131971		481529		47720
980		131971		481529		47720
981		131971		481529		47720
982		131971		481529		47720
983		131971		481529		47720
984		131971		481529		47720
985		131971		481529		47720
986		131971		481531		47720
987		131973		481535		47719
988		131968		481538		47718
989		131965		481542		47718
990		131965		481544		47718
991		131965		481546		47718
992		131965		481548		47718
993		131965		481550		47718
994		131966		481551		47718
995		131966		481553		47718
996		131966		481555		47718
997		131966		481557		47718
998		131966		481559		47718
999		131965		481560		47718
