# Migration is number of nodes that have changed color.

Round		Edge-Cut		Swaps		Migrations		Skipped
0		491314		56407		48388
1		339041		101351		46849
2		259498		135588		47295
3		226618		161757		47258
4		209242		182936		47484
5		198354		200763		47550
6		191104		216358		47560
7		184805		230351		47625
8		180000		242858		47668
9		175600		254290		47648
10		172055		264706		47686
11		170307		274334		47688
12		167788		283601		47651
13		165883		292332		47705
14		164023		300500		47647
15		163096		307978		47632
16		162056		315166		47675
17		161279		322001		47656
18		160317		328553		47726
19		159673		334835		47660
20		159338		340763		47739
21		158955		346588		47723
22		158762		352185		47700
23		158137		357736		47703
24		157757		363151		47718
25		157688		368446		47807
26		157435		373713		47781
27		157057		378814		47749
28		156632		383745		47782
29		156241		388587		47746
30		156049		393428		47743
31		155471		398114		47726
32		154741		402791		47715
33		154379		407423		47761
34		154218		411874		47766
35		154087		416415		47738
36		154154		420868		47662
37		153997		425306		47676
38		153751		429576		47730
39		153607		433777		47721
40		153148		437979		47713
41		152217		442112		47712
42		151538		446246		47738
43		150763		450442		47694
44		149905		454640		47812
45		149086		458923		47778
46		148468		463161		47793
47		148166		467117		47761
48		147864		471109		47797
49		147674		475110		47736
50		147531		479056		47748
51		147404		482942		47788
52		146634		486869		47810
53		146234		490708		47795
54		146035		494451		47787
55		145849		498110		47755
56		145656		501642		47767
57		145515		505246		47783
58		145347		508797		47759
59		145224		512368		47738
60		144966		516063		47816
61		144927		519586		47757
62		144938		523143		47741
63		144660		526713		47751
64		144739		530229		47717
65		144548		533669		47695
66		144530		537111		47794
67		144321		540569		47841
68		144087		544087		47756
69		144089		547471		47776
70		144019		550962		47780
71		143908		554345		47785
72		143941		557711		47850
73		143718		561063		47817
74		143683		564292		47812
75		143456		567484		47762
76		143443		570687		47813
77		143269		573795		47815
78		143121		576859		47808
79		143192		579876		47801
80		143173		582821		47835
81		143207		585922		47843
82		143050		588992		47840
83		143108		591923		47804
84		143079		594960		47775
85		143113		597894		47793
86		142898		600851		47865
87		142819		603654		47855
88		142714		606599		47827
89		142694		609401		47784
90		142719		612117		47743
91		142623		614903		47757
92		142678		617633		47781
93		142537		620318		47769
94		142540		623073		47758
95		142524		625747		47816
96		142468		628449		47796
97		142448		631232		47881
98		142429		633930		47845
99		142567		636689		47815
100		142500		639504		47779
101		142533		642299		47787
102		142581		645136		47794
103		142597		647966		47769
104		142423		650791		47824
105		142408		653633		47772
106		142332		656290		47769
107		142328		659056		47793
108		142286		661743		47782
109		142244		664507		47787
110		142243		667122		47799
111		142160		669820		47755
112		142117		672409		47807
113		142094		674971		47754
114		142151		677624		47761
115		142164		680311		47799
116		142208		682882		47792
117		142192		685483		47814
118		142204		688172		47842
119		142247		690802		47862
120		142208		693479		47839
121		142152		696167		47856
122		142059		698731		47881
123		142163		701440		47922
124		142076		704054		47864
125		142103		706637		47837
126		142020		709254		47848
127		142029		711892		47833
128		142009		714501		47845
129		142154		717047		47886
130		142034		719615		47846
131		142101		722257		47885
132		141985		724906		47891
133		142019		727557		47883
134		141948		730227		47886
135		141945		732923		47852
136		141924		735684		47864
137		141976		738325		47873
138		141905		740894		47846
139		141975		743483		47887
140		141859		746070		47853
141		141968		748714		47887
142		141941		751391		47928
143		142059		753998		47844
144		141982		756750		47878
145		142136		759535		47849
146		142097		762289		47836
147		142108		765093		47824
148		142025		767904		47813
149		141883		770687		47836
150		141892		773390		47859
151		141826		776114		47827
152		141906		778800		47813
153		141834		781370		47798
154		141773		783965		47827
155		141653		786470		47841
156		141781		788999		47815
157		141643		791533		47844
158		141641		793986		47804
159		141593		796506		47758
160		141541		798964		47779
161		141470		801397		47755
162		141478		803829		47775
163		141456		806293		47740
164		141542		808779		47770
165		141604		811272		47761
166		141646		813797		47787
167		141546		816287		47788
168		141533		818805		47791
169		141439		821295		47817
170		141383		823752		47738
171		141401		826214		47800
172		141481		828705		47821
173		141384		831177		47854
174		141184		833717		47822
175		141145		836294		47809
176		141240		838893		47843
177		141264		841396		47865
178		141180		843897		47856
179		141151		846388		47897
180		141156		848792		47869
181		141070		851268		47840
182		141153		853750		47809
183		141139		856257		47786
184		141146		858764		47785
185		141124		861296		47806
186		141185		863851		47784
187		141030		866429		47792
188		141131		868919		47780
189		141147		871501		47772
190		141267		874061		47815
191		141117		876592		47793
192		141153		879081		47770
193		141053		881635		47793
194		140920		884194		47819
195		140985		886806		47768
196		140904		889357		47744
197		140852		892008		47726
198		140953		894601		47723
199		140878		897241		47739
200		140987		899746		47771
201		140795		902280		47773
202		140819		904762		47794
203		140736		907306		47731
204		140765		909801		47784
205		140727		912392		47815
206		140745		914970		47790
207		140723		917582		47772
208		140721		920233		47789
209		140714		922934		47802
210		140574		925721		47816
211		140276		928575		47786
212		140350		931387		47774
213		140268		934337		47804
214		140169		937271		47801
215		140308		940085		47772
216		140341		942985		47775
217		140245		945920		47761
218		140212		948825		47728
219		140139		951730		47736
220		140107		954616		47712
221		140096		957472		47776
222		140185		960269		47802
223		140115		963093		47747
224		140047		965844		47785
225		139955		968514		47781
226		140016		971276		47770
227		139926		973978		47777
228		139768		976642		47719
229		139762		979366		47703
230		139839		982044		47739
231		139806		984654		47758
232		139658		987381		47787
233		139668		990006		47786
234		139649		992673		47764
235		139581		995325		47797
236		139629		997941		47739
237		139682		1000596		47788
238		139589		1003290		47754
239		139566		1005904		47804
240		139579		1008532		47800
241		139526		1011188		47862
242		139448		1013750		47847
243		139472		1016289		47769
244		139462		1018876		47813
245		139379		1021461		47792
246		139458		1024063		47740
247		139392		1026724		47743
248		139622		1029416		47717
249		139570		1032175		47774
250		139676		1034887		47769
251		139769		1037642		47769
252		139718		1040401		47795
253		139764		1043160		47804
254		139758		1045917		47801
255		139520		1048598		47821
256		139526		1051245		47842
257		139551		1053930		47805
258		139527		1056622		47825
259		139507		1059269		47735
260		139464		1061884		47762
261		139525		1064581		47799
262		139313		1067245		47782
263		139420		1069983		47783
264		139275		1072735		47797
265		139287		1075424		47842
266		139334		1078115		47839
267		139263		1080879		47842
268		139212		1083534		47818
269		139277		1086245		47783
270		139224		1089010		47760
271		139328		1091704		47775
272		139379		1094497		47798
273		139242		1097206		47843
274		139119		1099937		47841
275		139198		1102721		47802
276		139237		1105433		47803
277		139236		1108228		47830
278		139318		1110959		47837
279		139208		1113635		47822
280		139221		1116267		47831
281		139209		1118920		47828
282		139162		1121563		47825
283		139172		1124140		47851
284		139098		1126717		47853
285		139067		1129213		47783
286		139038		1131769		47832
287		139086		1134435		47822
288		139005		1137042		47818
289		138963		1139563		47795
290		138962		1142083		47749
291		138945		1144558		47794
292		138861		1146967		47820
293		138905		1149524		47824
294		138892		1151944		47763
295		138822		1154313		47749
296		138920		1156755		47756
297		138796		1159237		47784
298		138759		1161697		47845
299		138828		1164167		47809
300		138859		1166564		47795
301		138768		1168859		47766
302		138827		1171207		47753
303		138794		1173597		47780
304		138900		1175971		47777
305		138877		1178371		47751
306		138793		1180766		47751
307		138849		1183109		47767
308		138785		1185529		47783
309		138756		1188008		47771
310		138812		1190499		47756
311		138822		1192917		47739
312		138750		1195282		47728
313		138700		1197686		47743
314		138667		1200054		47727
315		138633		1202482		47708
316		138658		1204829		47721
317		138714		1207181		47764
318		138677		1209624		47808
319		138703		1212101		47802
320		138677		1214562		47802
321		138624		1217120		47825
322		138744		1219580		47821
323		138688		1222005		47822
324		138734		1224405		47802
325		138675		1226771		47830
326		138633		1229144		47830
327		138654		1231521		47829
328		138651		1233925		47811
329		138639		1236396		47734
330		138718		1238839		47751
331		138600		1241239		47750
332		138612		1243646		47808
333		138670		1246159		47773
334		138812		1248743		47817
335		138796		1251166		47802
336		138725		1253687		47806
337		138684		1256166		47806
338		138550		1258590		47813
339		138555		1261127		47809
340		138531		1263729		47783
341		138593		1266218		47824
342		138370		1268694		47811
343		138414		1271067		47854
344		138367		1273459		47812
345		138480		1275789		47803
346		138358		1278129		47822
347		138351		1280475		47831
348		138317		1282798		47826
349		138296		1285056		47818
350		138252		1287331		47834
351		138223		1289601		47834
352		138100		1291866		47856
353		138206		1294117		47869
354		138138		1296451		47855
355		138241		1298765		47885
356		138342		1301097		47879
357		138250		1303426		47853
358		138137		1305737		47846
359		138205		1308043		47859
360		138302		1310384		47896
361		138294		1312779		47908
362		138170		1315135		47884
363		138252		1317558		47849
364		138175		1320071		47813
365		138320		1322562		47798
366		138217		1325094		47807
367		138158		1327555		47791
368		138261		1330056		47830
369		138143		1332520		47802
370		138116		1334960		47837
371		138016		1337454		47800
372		138125		1339946		47799
373		138084		1342472		47784
374		138110		1344886		47730
375		138106		1347256		47749
376		138040		1349718		47778
377		138031		1352083		47758
378		137883		1354460		47732
379		137918		1356849		47813
380		137906		1359151		47787
381		137826		1361506		47808
382		137789		1363863		47789
383		137856		1366253		47799
384		137864		1368658		47797
385		137837		1370959		47778
386		137726		1373373		47800
387		137692		1375662		47757
388		137740		1377941		47774
389		137711		1380311		47789
390		137715		1382723		47794
391		137675		1385060		47818
392		137634		1387394		47811
393		137606		1389719		47795
394		137604		1392084		47767
395		137559		1394395		47785
396		137495		1396732		47767
397		137383		1399053		47800
398		137228		1401282		47691
399		137228		1403587		47745
400		137214		1405996		47739
401		137079		1408385		47788
402		136911		1410715		47810
403		136848		1413031		47793
404		136696		1415397		47830
405		136659		1417821		47808
406		136379		1420106		47823
407		136124		1422554		47832
408		135367		1425081		47842
409		134959		1427704		47777
410		134753		1430252		47767
411		134604		1432773		47776
412		134491		1435330		47763
413		134560		1437937		47765
414		134469		1440432		47780
415		134287		1442820		47797
416		134295		1445187		47831
417		134256		1447618		47802
418		134262		1449948		47764
419		134143		1452317		47769
420		134133		1454655		47777
421		133973		1456948		47793
422		134038		1459254		47826
423		134004		1461624		47826
424		134075		1463936		47737
425		134013		1466245		47783
426		133958		1468552		47771
427		133858		1470787		47754
428		133875		1473100		47727
429		133881		1475362		47734
430		133791		1477619		47768
431		133849		1479811		47820
432		133800		1482003		47772
433		133756		1484288		47788
434		133795		1486545		47810
435		133789		1488843		47816
436		133758		1491035		47824
437		133699		1493255		47834
438		133698		1495529		47807
439		133651		1497711		47799
440		133665		1499973		47777
441		133703		1502182		47804
442		133742		1504322		47805
443		133698		1506500		47812
444		133607		1508702		47777
445		133624		1510938		47747
446		133614		1513108		47795
447		133653		1515249		47799
448		133606		1517426		47762
449		133540		1519517		47767
450		133545		1521565		47785
451		133562		1523674		47788
452		133633		1525763		47748
453		133586		1527886		47830
454		133597		1529908		47784
455		133645		1532063		47791
456		133682		1534270		47799
457		133613		1536479		47784
458		133681		1538650		47798
459		133675		1540803		47844
460		133585		1542950		47792
461		133575		1545172		47821
462		133580		1547315		47840
463		133584		1549493		47798
464		133547		1551703		47839
465		133592		1553864		47809
466		133683		1556026		47828
467		133551		1558249		47811
468		133561		1560308		47837
469		133556		1562458		47842
470		133410		1564573		47873
471		133348		1566613		47826
472		133382		1568686		47810
473		133342		1570764		47857
474		133361		1572749		47851
475		133425		1574982		47823
476		133385		1577087		47838
477		133268		1579178		47830
478		133328		1581239		47844
479		133412		1583442		47849
480		133447		1585668		47850
481		133319		1587869		47782
482		133379		1590042		47790
483		133413		1592193		47824
484		133456		1594298		47818
485		133386		1596509		47792
486		133435		1598638		47803
487		133464		1600817		47860
488		133552		1602996		47849
489		133560		1605168		47843
490		133568		1607390		47848
491		133540		1609566		47826
492		133549		1611858		47832
493		133565		1614064		47856
494		133476		1616233		47843
495		133495		1618395		47822
496		133448		1620510		47860
497		133514		1622688		47838
498		133487		1624841		47837
499		133456		1626983		47849
500		133431		1629154		47838
501		133510		1631255		47870
502		133533		1633454		47819
503		133595		1635600		47826
504		133568		1637841		47780
505		133616		1640149		47819
506		133555		1642475		47863
507		133613		1644771		47830
508		133602		1647011		47839
509		133586		1649244		47797
510		133630		1651436		47781
511		133479		1653611		47799
512		133438		1655801		47765
513		133446		1658024		47825
514		133510		1660212		47806
515		133429		1662548		47794
516		133380		1664828		47801
517		133435		1667083		47781
518		133354		1669330		47841
519		133286		1671518		47830
520		133259		1673670		47822
521		133352		1675782		47834
522		133290		1677995		47847
523		133278		1680313		47851
524		133414		1682590		47801
525		133407		1684933		47825
526		133418		1687211		47835
527		133328		1689527		47820
528		133260		1691779		47817
529		133276		1694032		47817
530		133229		1696298		47833
531		133292		1698559		47790
532		133220		1700847		47832
533		133143		1703168		47837
534		133271		1705524		47801
535		133256		1707931		47831
536		133144		1710304		47805
537		133218		1712636		47749
538		133259		1714972		47763
539		133232		1717283		47749
540		133143		1719662		47762
541		133030		1721926		47741
542		133086		1724189		47745
543		133017		1726454		47779
544		133038		1728619		47775
545		133071		1730899		47792
546		133043		1733219		47741
547		133021		1735578		47813
548		132998		1737808		47825
549		132925		1739963		47829
550		132937		1742152		47772
551		132958		1744400		47828
552		132874		1746549		47791
553		132846		1748685		47818
554		132781		1750833		47793
555		132681		1752890		47767
556		132747		1754959		47804
557		132709		1757082		47808
558		132807		1759185		47756
559		132832		1761283		47756
560		132773		1763449		47769
561		132739		1765496		47715
562		132854		1767617		47775
563		132795		1769714		47807
564		132812		1771840		47765
565		132788		1773913		47794
566		132834		1776045		47763
567		132746		1778185		47792
568		132787		1780348		47764
569		132758		1782491		47765
570		132838		1784635		47742
571		132887		1786847		47760
572		132887		1788939		47756
573		132854		1791060		47743
574		132819		1793258		47745
575		133004		1795327		47755
576		132849		1797559		47754
577		133028		1799799		47722
578		132896		1801968		47768
579		133035		1804139		47809
580		132900		1806317		47833
581		132974		1808551		47826
582		133042		1810841		47813
583		133058		1813171		47792
584		132927		1815453		47824
585		132933		1817748		47829
586		132987		1819999		47843
587		132920		1822237		47764
588		132916		1824504		47786
589		132800		1826742		47787
590		132786		1828943		47794
591		132862		1831107		47835
592		132752		1833318		47801
593		132764		1835395		47840
594		132810		1837446		47825
595		132855		1839534		47797
596		132865		1841607		47816
597		132856		1843656		47837
598		132793		1845759		47868
599		132760		1847833		47891
600		132678		1849870		47852
601		132754		1851852		47836
602		132845		1853881		47773
603		132831		1855946		47793
604		132800		1858047		47784
605		132775		1860094		47795
606		132806		1862281		47806
607		132780		1864444		47786
608		132732		1866550		47760
609		132782		1868618		47799
610		132853		1870774		47815
611		132772		1872860		47827
612		132725		1874946		47782
613		132729		1877109		47804
614		132702		1879188		47795
615		132588		1881306		47812
616		132593		1883311		47830
617		132624		1885352		47841
618		132641		1887359		47794
619		132624		1889355		47867
620		132619		1891439		47856
621		132624		1893464		47858
622		132626		1895509		47876
623		132732		1897567		47822
624		132821		1899658		47851
625		132765		1901717		47829
626		132668		1903780		47812
627		132707		1905809		47835
628		132618		1907821		47819
629		132749		1909803		47849
630		132734		1911832		47867
631		132660		1913856		47788
632		132703		1915857		47813
633		132701		1917850		47824
634		132790		1919844		47814
635		132727		1921874		47804
636		132616		1923960		47815
637		132678		1925970		47795
638		132652		1927961		47813
639		132639		1929971		47808
640		132616		1932030		47781
641		132616		1934047		47775
642		132683		1936081		47775
643		132670		1938166		47801
644		132642		1940231		47806
645		132629		1942313		47827
646		132623		1944413		47844
647		132686		1946477		47835
648		132742		1948538		47836
649		132606		1950622		47823
650		132638		1952598		47837
651		132685		1954626		47895
652		132761		1956652		47852
653		132688		1958668		47802
654		132691		1960736		47785
655		132621		1962762		47774
656		132734		1964754		47720
657		132707		1966790		47740
658		132730		1968889		47730
659		132655		1971007		47748
660		132649		1973139		47760
661		132671		1975233		47729
662		132644		1977312		47730
663		132674		1979371		47747
664		132637		1981451		47801
665		132682		1983551		47779
666		132634		1985626		47761
667		132608		1987742		47751
668		132574		1989821		47748
669		132717		1991942		47788
670		132714		1994082		47778
671		132652		1996176		47771
672		132781		1998280		47763
673		132807		2000419		47780
674		132746		2002536		47780
675		132777		2004676		47757
676		132661		2006833		47742
677		132612		2008950		47756
678		132622		2011026		47689
679		132638		2013116		47724
680		132674		2015241		47744
681		132695		2017288		47782
682		132646		2019355		47741
683		132577		2021361		47787
684		132567		2023410		47845
685		132466		2025472		47790
686		132428		2027449		47812
687		132432		2029535		47813
688		132272		2031583		47843
689		132355		2033600		47769
690		132263		2035699		47801
691		132288		2037804		47804
692		132304		2039898		47781
693		132289		2042001		47734
694		132279		2044166		47765
695		132132		2046292		47823
696		132195		2048503		47786
697		132242		2050691		47776
698		132061		2052908		47783
699		132050		2055090		47824
700		131937		2057227		47838
701		132021		2059383		47853
702		131994		2061552		47853
703		131951		2063702		47763
704		131840		2065871		47811
705		131965		2067908		47798
706		131892		2069972		47821
707		131969		2071993		47802
708		131925		2074030		47743
709		131961		2076040		47745
710		131929		2078091		47736
711		131912		2080074		47746
712		131870		2082129		47741
713		131818		2084115		47764
714		131797		2086016		47738
715		131775		2087908		47765
716		131675		2089828		47774
717		131657		2091719		47766
718		131595		2093667		47807
719		131754		2095622		47795
720		131673		2097524		47755
721		131629		2099471		47819
722		131567		2101394		47779
723		131628		2103333		47781
724		131627		2105263		47742
725		131575		2107192		47723
726		131621		2109132		47757
727		131456		2111068		47723
728		131482		2112997		47735
729		131469		2114900		47797
730		131559		2116778		47800
731		131541		2118694		47809
732		131563		2120668		47781
733		131603		2122560		47787
734		131428		2124492		47767
735		131361		2126399		47819
736		131521		2128283		47860
737		131553		2130223		47867
738		131587		2132158		47826
739		131612		2134215		47809
740		131565		2136205		47804
741		131574		2138248		47809
742		131630		2140359		47798
743		131616		2142354		47818
744		131518		2144377		47788
745		131536		2146406		47812
746		131539		2148443		47807
747		131635		2150410		47813
748		131521		2152487		47772
749		131509		2154614		47773
750		131524		2156774		47776
751		131455		2158816		47780
752		131568		2160882		47822
753		131532		2162808		47809
754		131520		2164775		47772
755		131597		2166699		47800
756		131596		2168621		47795
757		131609		2170576		47739
758		131555		2172544		47795
759		131577		2174435		47752
760		131515		2176385		47748
761		131627		2178342		47785
762		131540		2180365		47778
763		131503		2182358		47787
764		131384		2184286		47753
765		131378		2186235		47752
766		131373		2188163		47736
767		131407		2190062		47742
768		131281		2192048		47770
769		131344		2193980		47845
770		131357		2195943		47761
771		131412		2197992		47794
772		131420		2200026		47801
773		131418		2202013		47805
774		131352		2203990		47817
775		131319		2205915		47815
776		131282		2207877		47798
777		131438		2209920		47815
778		131383		2211944		47797
779		131447		2213993		47787
780		131515		2215984		47829
781		131461		2217996		47792
782		131463		2220046		47837
783		131527		2222188		47844
784		131540		2224342		47852
785		131568		2226505		47803
786		131592		2228573		47836
787		131588		2230666		47830
788		131657		2232785		47862
789		131664		2234936		47815
790		131529		2237101		47818
791		131552		2239241		47800
792		131510		2241305		47812
793		131432		2243305		47830
794		131409		2245324		47843
795		131452		2247313		47809
796		131478		2249306		47816
797		131560		2251262		47814
798		131480		2253224		47797
799		131527		2255150		47793
800		131450		2257124		47816
801		131449		2258985		47780
802		131469		2260929		47784
803		131453		2262910		47813
804		131384		2264828		47798
805		131519		2266776		47811
806		131388		2268701		47778
807		131452		2270591		47789
808		131480		2272520		47780
809		131485		2274508		47747
810		131349		2276492		47783
811		131383		2278455		47765
812		131336		2280388		47770
813		131310		2282377		47778
814		131421		2284413		47778
815		131426		2286437		47808
816		131433		2288479		47815
817		131475		2290435		47796
818		131504		2292436		47768
819		131522		2294456		47792
820		131499		2296492		47813
821		131561		2298523		47818
822		131553		2300574		47815
823		131594		2302679		47835
824		131517		2304794		47826
825		131588		2306895		47837
826		131530		2309013		47816
827		131436		2311044		47775
828		131483		2313129		47739
829		131683		2315270		47785
830		131721		2317453		47792
831		131648		2319618		47781
832		131695		2321697		47818
833		131671		2323778		47851
834		131763		2325924		47813
835		131643		2328019		47791
836		131660		2330061		47764
837		131663		2332096		47809
838		131642		2334077		47747
839		131574		2336107		47813
840		131559		2338132		47843
841		131621		2340182		47840
842		131507		2342249		47806
843		131396		2344301		47825
844		131467		2346345		47814
845		131484		2348381		47785
846		131449		2350442		47780
847		131406		2352423		47792
848		131559		2354460		47763
849		131592		2356542		47724
850		131505		2358555		47769
851		131528		2360577		47755
852		131609		2362665		47783
853		131588		2364777		47804
854		131472		2366814		47803
855		131487		2368822		47772
856		131476		2370848		47777
857		131459		2372957		47773
858		131400		2375045		47813
859		131503		2376980		47837
860		131429		2378956		47865
861		131355		2380854		47851
862		131364		2382850		47820
863		131370		2384834		47859
864		131396		2386826		47866
865		131395		2388777		47852
866		131400		2390781		47832
867		131466		2392779		47786
868		131397		2394779		47799
869		131403		2396688		47772
870		131403		2398604		47815
871		131327		2400530		47848
872		131351		2402408		47871
873		131234		2404341		47877
874		131224		2406269		47849
875		131198		2408218		47840
876		131264		2410093		47857
877		131121		2411928		47828
878		131177		2413748		47823
879		131246		2415649		47770
880		131202		2417567		47802
881		131189		2419501		47812
882		131141		2421402		47752
883		131184		2423277		47788
884		131266		2425138		47793
885		131250		2427025		47800
886		131354		2428944		47796
887		131311		2430866		47772
888		131216		2432791		47783
889		131238		2434706		47786
890		131293		2436671		47805
891		131287		2438678		47814
892		131302		2440676		47829
893		131321		2442648		47837
894		131299		2444638		47834
895		131328		2446596		47827
896		131220		2448570		47859
897		131218		2450449		47868
898		131183		2452282		47830
899		131197		2454124		47847
900		131163		2455963		47813
901		131133		2457872		47859
902		131113		2459764		47840
903		131186		2461532		47862
904		131194		2463367		47885
905		131251		2465204		47846
906		131231		2467041		47800
907		131289		2468941		47841
908		131192		2470834		47843
909		131311		2472747		47849
910		131326		2474621		47835
911		131304		2476531		47836
912		131372		2478459		47853
913		131293		2480406		47844
914		131440		2482311		47860
915		131353		2484294		47871
916		131369		2486328		47894
917		131431		2488343		47882
918		131415		2490354		47819
919		131550		2492325		47855
920		131393		2494323		47844
921		131375		2496349		47830
922		131382		2498342		47789
923		131290		2500366		47773
924		131483		2502401		47821
925		131420		2504539		47816
926		131494		2506708		47852
927		131414		2508864		47821
928		131489		2510933		47867
929		131427		2513131		47812
930		131488		2515233		47833
931		131551		2517371		47824
932		131481		2519465		47819
933		131496		2521528		47835
934		131466		2523545		47818
935		131380		2525587		47780
936		131457		2527603		47777
937		131415		2529646		47809
938		131414		2531704		47811
939		131369		2533821		47804
940		131381		2535866		47805
941		131416		2537911		47781
942		131426		2539934		47777
943		131507		2542002		47784
944		131489		2544131		47802
945		131491		2546257		47777
946		131398		2548352		47763
947		131372		2550376		47778
948		131326		2552362		47768
949		131353		2554320		47780
950		131357		2556284		47765
951		131313		2558227		47771
952		131241		2560200		47798
953		131309		2562190		47773
954		131302		2564151		47764
955		131354		2566177		47747
956		131370		2568268		47802
957		131449		2570271		47814
958		131367		2572252		47802
959		131351		2574222		47748
960		131278		2576159		47798
961		131378		2578131		47791
962		131294		2580134		47798
963		131313		2582113		47795
964		131378		2584136		47758
965		131342		2586170		47754
966		131391		2588233		47765
967		131362		2590237		47728
968		131348		2592238		47755
969		131420		2594252		47747
970		131289		2596263		47783
971		131280		2598236		47790
972		131335		2600181		47773
973		131365		2602206		47765
974		131392		2604165		47775
975		131339		2606192		47729
976		131365		2608136		47768
977		131381		2610128		47731
978		131285		2612175		47736
979		131355		2614179		47685
980		131265		2616177		47751
981		131297		2618165		47776
982		131269		2620209		47782
983		131305		2622195		47788
984		131364		2624188		47751
985		131395		2626174		47795
986		131356		2628185		47774
987		131464		2630272		47806
988		131469		2632420		47782
989		131371		2634548		47804
990		131394		2636693		47785
991		131386		2638792		47782
992		131390		2640800		47718
993		131421		2642886		47707
994		131423		2644965		47750
995		131446		2647064		47770
996		131473		2649158		47735
997		131545		2651249		47784
998		131493		2653324		47770
999		131537		2655433		47757
