# Migration is number of nodes that have changed color.

Round		Edge-Cut		Swaps		Migrations		Skipped
0		598818		63139		53819
1		441538		113131		47532
2		323906		149879		47605
3		274434		176672		47594
4		249003		196712		47418
5		234569		212481		47524
6		226515		225372		47503
7		221471		236245		47541
8		217761		245451		47565
9		214810		253463		47438
10		212756		260542		47441
11		210918		266784		47504
12		209373		272417		47500
13		207738		277461		47484
14		206329		282036		47479
15		205179		286371		47573
16		204124		290250		47605
17		203169		293915		47548
18		202481		297139		47563
19		202024		300136		47554
20		201581		302988		47564
21		201061		305784		47586
22		200783		308211		47602
23		200384		310515		47600
24		199999		312636		47588
25		199751		314581		47556
26		199399		316486		47576
27		199172		318320		47537
28		199073		320006		47554
29		198780		321590		47563
30		198569		323086		47577
31		198409		324481		47533
32		198294		325832		47524
33		198144		327128		47538
34		198093		328359		47501
35		198130		329587		47550
36		197946		330816		47574
37		197849		331950		47556
38		197650		333086		47552
39		197509		334097		47584
40		197362		335122		47576
41		197259		336098		47586
42		197164		337033		47601
43		197149		337897		47591
44		197053		338773		47595
45		197002		339578		47591
46		196902		340326		47612
47		196855		341057		47595
48		196753		341718		47598
49		196703		342404		47565
50		196634		343088		47564
51		196517		343748		47573
52		196466		344405		47545
53		196389		344994		47545
54		196330		345546		47540
55		196339		346099		47536
56		196286		346596		47513
57		196244		347074		47520
58		196208		347557		47530
59		196146		347990		47544
60		196081		348434		47540
61		196052		348828		47522
62		196015		349201		47506
63		195982		349581		47518
64		195932		349926		47503
65		195911		350254		47510
66		195932		350594		47515
67		195854		350948		47525
68		195851		351253		47526
69		195818		351561		47531
70		195777		351841		47516
71		195737		352104		47526
72		195740		352379		47537
73		195675		352633		47544
74		195674		352884		47551
75		195607		353159		47526
76		195631		353415		47518
77		195602		353674		47511
78		195575		353936		47514
79		195559		354184		47521
80		195557		354410		47542
81		195537		354627		47530
82		195515		354848		47530
83		195530		355062		47532
84		195506		355280		47558
85		195486		355484		47542
86		195479		355674		47544
87		195455		355845		47542
88		195448		356032		47539
89		195400		356215		47544
90		195387		356389		47544
91		195393		356556		47536
92		195371		356742		47537
93		195329		356920		47527
94		195281		357097		47542
95		195263		357255		47534
96		195242		357404		47539
97		195234		357558		47538
98		195208		357718		47533
99		195214		357853		47534
100		195204		357992		47533
101		195168		358145		47528
102		195159		358274		47528
103		195195		358422		47534
104		195152		358592		47533
105		195150		358752		47517
106		195137		358897		47537
107		195155		359066		47537
108		195145		359233		47544
109		195129		359373		47547
110		195110		359536		47552
111		195123		359680		47531
112		195107		359846		47542
113		195099		360006		47540
114		195087		360162		47552
115		195085		360313		47543
116		195099		360463		47551
117		195071		360614		47549
118		195055		360751		47542
119		195047		360897		47551
120		195042		361039		47536
121		195035		361192		47549
122		195003		361337		47557
123		195009		361469		47563
124		195009		361612		47552
125		194982		361742		47570
126		194964		361857		47560
127		194979		361962		47560
128		194932		362080		47572
129		194929		362177		47566
130		194926		362262		47569
131		194895		362364		47560
132		194885		362461		47552
133		194885		362558		47559
134		194877		362650		47545
135		194866		362738		47537
136		194842		362844		47545
137		194835		362951		47567
138		194834		363036		47555
139		194827		363113		47558
140		194840		363196		47554
141		194839		363285		47563
142		194829		363367		47557
143		194829		363436		47560
144		194828		363496		47557
145		194817		363572		47547
146		194814		363639		47552
147		194805		363698		47549
148		194794		363750		47545
149		194778		363811		47542
150		194776		363867		47560
151		194778		363917		47551
152		194774		363962		47551
153		194759		364011		47544
154		194767		364061		47546
155		194762		364112		47551
156		194752		364172		47549
157		194761		364227		47548
158		194756		364295		47544
159		194751		364371		47549
160		194754		364434		47547
161		194757		364493		47547
162		194757		364541		47541
163		194746		364588		47538
164		194729		364636		47542
165		194714		364686		47540
166		194711		364731		47536
167		194714		364786		47539
168		194714		364834		47533
169		194716		364884		47546
170		194702		364933		47537
171		194689		364974		47544
172		194686		365006		47546
173		194678		365041		47543
174		194679		365071		47548
175		194672		365102		47545
176		194661		365131		47550
177		194657		365158		47550
178		194663		365184		47551
179		194655		365215		47544
180		194660		365235		47542
181		194646		365261		47542
182		194642		365284		47540
183		194634		365307		47536
184		194643		365330		47536
185		194636		365354		47534
186		194627		365376		47541
187		194618		365397		47543
188		194634		365416		47548
189		194607		365436		47543
190		194612		365460		47539
191		194604		365477		47539
192		194611		365497		47536
193		194600		365514		47540
194		194616		365540		47542
195		194606		365560		47539
196		194603		365582		47541
197		194613		365602		47541
198		194615		365627		47544
199		194589		365656		47539
200		194594		365681		47538
201		194587		365712		47541
202		194599		365740		47543
203		194586		365766		47536
204		194589		365796		47536
205		194595		365827		47536
206		194601		365856		47535
207		194594		365896		47534
208		194578		365934		47530
209		194575		365964		47530
210		194578		365999		47529
211		194572		366031		47533
212		194573		366070		47526
213		194565		366100		47531
214		194567		366129		47529
215		194553		366164		47535
216		194566		366190		47535
217		194562		366218		47530
218		194561		366241		47522
219		194549		366271		47525
220		194563		366300		47527
221		194544		366338		47522
222		194551		366376		47525
223		194544		366411		47522
224		194551		366445		47517
225		194537		366477		47516
226		194544		366506		47520
227		194534		366529		47525
228		194542		366548		47521
229		194532		366566		47521
230		194532		366585		47524
231		194527		366614		47528
232		194526		366637		47522
233		194532		366655		47525
234		194531		366676		47523
235		194528		366690		47523
236		194528		366704		47520
237		194526		366718		47519
238		194509		366739		47524
239		194508		366754		47520
240		194506		366770		47521
241		194506		366791		47524
242		194502		366808		47523
243		194497		366824		47525
244		194499		366835		47526
245		194495		366848		47528
246		194500		366859		47527
247		194502		366878		47524
248		194501		366889		47522
249		194498		366905		47522
250		194497		366921		47528
251		194495		366934		47530
252		194492		366944		47525
253		194487		366952		47526
254		194481		366962		47529
255		194481		366977		47527
256		194482		366990		47522
257		194483		366999		47526
258		194480		367010		47526
259		194475		367016		47527
260		194478		367028		47524
261		194476		367036		47524
262		194471		367040		47524
263		194475		367043		47523
264		194470		367050		47524
265		194469		367057		47524
266		194467		367065		47522
267		194476		367072		47522
268		194469		367078		47519
269		194466		367085		47519
270		194464		367087		47521
271		194465		367091		47521
272		194464		367097		47520
273		194462		367101		47521
274		194466		367111		47520
275		194463		367119		47522
276		194464		367126		47519
277		194462		367138		47519
278		194464		367148		47520
279		194466		367160		47522
280		194463		367171		47519
281		194458		367183		47526
282		194455		367195		47525
283		194458		367203		47526
284		194448		367216		47528
285		194460		367226		47526
286		194457		367234		47527
287		194458		367249		47526
288		194457		367256		47524
289		194462		367269		47524
290		194464		367280		47527
291		194463		367292		47528
292		194461		367301		47526
293		194455		367315		47530
294		194466		367330		47523
295		194463		367344		47524
296		194454		367360		47525
297		194450		367377		47527
298		194461		367395		47522
299		194462		367410		47526
300		194460		367425		47528
301		194461		367437		47529
302		194454		367446		47527
303		194453		367459		47523
304		194455		367473		47523
305		194445		367488		47527
306		194447		367501		47524
307		194448		367512		47524
308		194447		367523		47524
309		194443		367541		47528
310		194440		367551		47524
311		194439		367561		47522
312		194437		367568		47522
313		194435		367576		47526
314		194434		367586		47527
315		194429		367594		47526
316		194433		367600		47526
317		194435		367610		47524
318		194427		367625		47525
319		194432		367640		47523
320		194443		367654		47525
321		194431		367670		47528
322		194430		367685		47532
323		194436		367701		47526
324		194432		367717		47528
325		194427		367733		47527
326		194429		367747		47528
327		194418		367759		47531
328		194422		367772		47534
329		194412		367786		47533
330		194412		367795		47532
331		194415		367810		47535
332		194408		367819		47537
333		194409		367827		47537
334		194403		367835		47536
335		194409		367844		47538
336		194408		367853		47538
337		194406		367863		47538
338		194400		367874		47540
339		194397		367885		47539
340		194399		367890		47539
341		194397		367898		47537
342		194394		367904		47533
343		194392		367914		47535
344		194391		367923		47540
345		194399		367930		47540
346		194396		367935		47540
347		194394		367943		47538
348		194397		367952		47539
349		194392		367957		47539
350		194395		367964		47538
351		194388		367970		47535
352		194388		367975		47538
353		194394		367982		47541
354		194385		367988		47540
355		194392		367993		47542
356		194391		367995		47541
357		194392		368001		47540
358		194393		368006		47539
359		194394		368010		47540
360		194393		368015		47541
361		194396		368029		47543
362		194398		368036		47540
363		194391		368045		47542
364		194393		368053		47540
365		194391		368058		47543
366		194392		368069		47542
367		194393		368077		47543
368		194394		368090		47541
369		194391		368098		47539
370		194381		368107		47536
371		194384		368116		47541
372		194385		368130		47540
373		194385		368138		47541
374		194380		368150		47542
375		194377		368162		47542
376		194379		368168		47543
377		194382		368172		47544
378		194383		368179		47542
379		194382		368186		47540
380		194382		368195		47542
381		194382		368206		47543
382		194391		368213		47542
383		194386		368221		47541
384		194386		368224		47540
385		194383		368227		47540
386		194382		368232		47541
387		194383		368239		47536
388		194379		368244		47539
389		194384		368251		47536
390		194384		368259		47538
391		194382		368266		47538
392		194380		368276		47541
393		194379		368283		47542
394		194376		368288		47539
395		194375		368295		47539
396		194374		368298		47539
397		194376		368301		47538
398		194371		368308		47537
399		194368		368313		47538
400		194368		368316		47538
401		194369		368321		47539
402		194367		368326		47537
403		194374		368339		47538
404		194368		368348		47536
405		194367		368355		47535
406		194365		368363		47534
407		194364		368375		47534
408		194368		368384		47533
409		194365		368392		47537
410		194362		368400		47536
411		194374		368409		47533
412		194369		368423		47534
413		194368		368434		47536
414		194369		368448		47536
415		194373		368456		47537
416		194361		368462		47537
417		194364		368470		47535
418		194364		368477		47537
419		194360		368479		47538
420		194365		368488		47542
421		194360		368500		47541
422		194352		368510		47544
423		194359		368524		47544
424		194364		368534		47546
425		194356		368543		47545
426		194352		368553		47546
427		194353		368559		47543
428		194356		368571		47543
429		194350		368584		47545
430		194359		368601		47549
431		194354		368616		47544
432		194351		368627		47542
433		194347		368634		47544
434		194345		368641		47543
435		194345		368647		47542
436		194343		368652		47543
437		194339		368655		47543
438		194342		368670		47541
439		194344		368676		47541
440		194343		368684		47539
441		194345		368687		47538
442		194345		368692		47539
443		194340		368695		47539
444		194338		368698		47539
445		194338		368703		47541
446		194337		368706		47540
447		194336		368710		47540
448		194338		368712		47541
449		194335		368715		47540
450		194338		368722		47539
451		194338		368728		47539
452		194337		368733		47540
453		194343		368743		47542
454		194335		368746		47544
455		194337		368751		47543
456		194336		368762		47541
457		194340		368773		47546
458		194333		368782		47543
459		194335		368789		47545
460		194335		368793		47542
461		194337		368798		47545
462		194339		368804		47544
463		194339		368810		47543
464		194338		368818		47546
465		194341		368821		47544
466		194349		368832		47548
467		194343		368840		47546
468		194346		368848		47544
469		194347		368855		47546
470		194336		368864		47545
471		194341		368868		47545
472		194336		368878		47547
473		194335		368884		47545
474		194334		368891		47546
475		194337		368896		47547
476		194333		368904		47545
477		194338		368909		47544
478		194338		368923		47548
479		194338		368935		47544
480		194340		368947		47550
481		194340		368959		47543
482		194343		368968		47546
483		194342		368980		47546
484		194337		368988		47547
485		194336		368999		47546
486		194333		369008		47547
487		194333		369016		47547
488		194332		369025		47544
489		194329		369032		47543
490		194335		369041		47546
491		194329		369050		47545
492		194334		369057		47541
493		194334		369064		47541
494		194338		369075		47542
495		194338		369085		47542
496		194338		369092		47542
497		194335		369102		47542
498		194335		369109		47543
499		194335		369114		47540
500		194335		369115		47541
501		194338		369120		47538
502		194337		369126		47540
503		194336		369131		47539
504		194329		369138		47540
505		194332		369143		47541
506		194331		369149		47542
507		194329		369154		47543
508		194326		369163		47543
509		194316		369170		47541
510		194314		369177		47541
511		194314		369178		47541
512		194315		369180		47541
513		194316		369183		47541
514		194315		369185		47541
515		194313		369186		47541
516		194309		369189		47538
517		194309		369190		47539
518		194309		369191		47538
519		194309		369192		47539
520		194304		369196		47538
521		194306		369199		47538
522		194305		369200		47538
523		194302		369204		47540
524		194301		369205		47541
525		194302		369208		47542
526		194302		369216		47542
527		194301		369223		47544
528		194302		369229		47546
529		194299		369235		47545
530		194299		369238		47547
531		194299		369241		47546
532		194298		369244		47545
533		194298		369246		47545
534		194297		369249		47543
535		194297		369251		47543
536		194299		369257		47546
537		194299		369259		47546
538		194298		369260		47547
539		194299		369262		47545
540		194296		369270		47545
541		194295		369274		47542
542		194296		369277		47543
543		194294		369283		47540
544		194295		369286		47541
545		194293		369293		47538
546		194293		369298		47538
547		194293		369304		47540
548		194292		369310		47536
549		194292		369315		47540
550		194291		369321		47540
551		194290		369327		47540
552		194290		369331		47538
553		194301		369339		47542
554		194292		369345		47539
555		194297		369350		47540
556		194295		369355		47537
557		194292		369361		47540
558		194292		369363		47540
559		194293		369368		47540
560		194291		369373		47541
561		194298		369377		47541
562		194294		369380		47540
563		194296		369385		47540
564		194295		369390		47539
565		194290		369395		47538
566		194291		369399		47540
567		194290		369404		47538
568		194295		369409		47540
569		194290		369419		47542
570		194295		369423		47541
571		194293		369429		47543
572		194290		369434		47542
573		194291		369439		47544
574		194294		369445		47544
575		194297		369450		47545
576		194294		369458		47542
577		194294		369463		47543
578		194294		369468		47542
579		194295		369473		47545
580		194293		369479		47542
581		194296		369483		47544
582		194296		369487		47543
583		194296		369490		47544
584		194296		369497		47544
585		194294		369500		47544
586		194296		369505		47544
587		194294		369512		47543
588		194294		369515		47544
589		194291		369519		47543
590		194294		369521		47543
591		194293		369523		47542
592		194294		369524		47542
593		194296		369525		47543
594		194295		369526		47543
595		194292		369530		47545
596		194290		369533		47545
597		194290		369539		47545
598		194289		369540		47545
599		194288		369542		47545
600		194288		369542		47545
601		194287		369544		47545
602		194285		369546		47543
603		194285		369547		47542
604		194286		369548		47542
605		194285		369549		47542
606		194285		369552		47543
607		194283		369555		47542
608		194284		369556		47542
609		194284		369556		47542
610		194283		369557		47542
611		194283		369557		47542
612		194283		369557		47542
613		194283		369559		47541
614		194282		369560		47541
615		194282		369561		47542
616		194282		369561		47542
617		194283		369562		47542
618		194283		369562		47542
619		194283		369564		47543
620		194286		369572		47544
621		194283		369577		47542
622		194286		369579		47543
623		194284		369580		47542
624		194284		369584		47543
625		194284		369586		47543
626		194283		369587		47542
627		194283		369587		47542
628		194283		369587		47542
629		194283		369588		47541
630		194283		369588		47541
631		194283		369589		47542
632		194283		369589		47542
633		194282		369590		47543
634		194282		369591		47542
635		194282		369592		47543
636		194282		369593		47542
637		194282		369593		47542
638		194282		369594		47542
639		194281		369596		47543
640		194281		369597		47542
641		194281		369598		47543
642		194281		369598		47543
643		194281		369598		47543
644		194281		369598		47543
645		194281		369600		47542
646		194281		369600		47542
647		194281		369600		47542
648		194281		369600		47542
649		194281		369600		47542
650		194281		369600		47542
651		194281		369601		47543
652		194282		369603		47542
653		194282		369604		47543
654		194282		369607		47543
655		194281		369608		47544
656		194279		369610		47545
657		194279		369610		47545
658		194279		369611		47545
659		194279		369612		47546
660		194279		369612		47546
661		194279		369612		47546
662		194279		369612		47546
663		194278		369613		47547
664		194279		369614		47548
665		194279		369614		47548
666		194279		369614		47548
667		194279		369614		47548
668		194279		369614		47548
669		194279		369614		47548
670		194279		369615		47547
671		194279		369615		47547
672		194279		369615		47547
673		194279		369615		47547
674		194279		369615		47547
675		194279		369615		47547
676		194279		369617		47547
677		194279		369617		47547
678		194279		369617		47547
679		194279		369617		47547
680		194277		369618		47547
681		194277		369618		47547
682		194277		369618		47547
683		194277		369618		47547
684		194277		369618		47547
685		194276		369619		47546
686		194276		369619		47546
687		194275		369620		47547
688		194275		369620		47547
689		194275		369620		47547
690		194275		369620		47547
691		194277		369623		47546
692		194276		369624		47548
693		194276		369625		47546
694		194276		369626		47546
695		194276		369626		47546
696		194279		369628		47547
697		194274		369631		47551
698		194276		369633		47550
699		194275		369635		47550
700		194275		369637		47550
701		194275		369641		47551
702		194275		369641		47551
703		194275		369641		47551
704		194275		369641		47551
705		194274		369642		47550
706		194274		369642		47550
707		194274		369642		47550
708		194275		369643		47549
709		194280		369644		47549
710		194279		369646		47547
711		194279		369646		47547
712		194279		369646		47547
713		194272		369647		47546
714		194272		369647		47546
715		194270		369648		47544
716		194270		369649		47545
717		194270		369649		47545
718		194270		369649		47545
719		194270		369649		47545
720		194270		369649		47545
721		194270		369649		47545
722		194270		369649		47545
723		194270		369649		47545
724		194270		369649		47545
725		194271		369650		47546
726		194271		369651		47547
727		194271		369651		47547
728		194271		369651		47547
729		194273		369652		47548
730		194274		369654		47549
731		194272		369655		47549
732		194274		369656		47549
733		194272		369657		47549
734		194274		369658		47549
735		194273		369659		47549
736		194273		369659		47549
737		194273		369659		47549
738		194273		369659		47549
739		194274		369660		47549
740		194271		369662		47549
741		194275		369667		47547
742		194273		369673		47548
743		194273		369678		47549
744		194274		369681		47548
745		194276		369682		47547
746		194276		369683		47548
747		194276		369684		47547
748		194273		369686		47547
749		194274		369687		47549
750		194270		369689		47549
751		194273		369690		47548
752		194272		369691		47547
753		194268		369693		47548
754		194267		369694		47548
755		194267		369694		47548
756		194267		369694		47548
757		194268		369696		47550
758		194267		369697		47549
759		194266		369699		47548
760		194268		369700		47549
761		194269		369703		47550
762		194270		369708		47549
763		194269		369709		47549
764		194271		369711		47549
765		194271		369711		47549
766		194271		369711		47549
767		194271		369711		47549
768		194270		369712		47549
769		194270		369712		47549
770		194269		369714		47548
771		194269		369714		47548
772		194269		369714		47548
773		194269		369715		47548
774		194268		369716		47548
775		194269		369717		47548
776		194270		369718		47547
777		194269		369719		47547
778		194270		369720		47547
779		194268		369725		47548
780		194267		369726		47547
781		194269		369729		47547
782		194269		369731		47547
783		194267		369735		47547
784		194275		369736		47548
785		194279		369738		47546
786		194270		369739		47545
787		194268		369740		47545
788		194268		369741		47544
789		194268		369741		47544
790		194268		369742		47545
791		194269		369743		47544
792		194269		369743		47544
793		194271		369745		47545
794		194271		369745		47545
795		194271		369745		47545
796		194271		369745		47545
797		194271		369746		47545
798		194271		369746		47545
799		194271		369746		47545
800		194271		369746		47545
801		194270		369747		47544
802		194270		369749		47542
803		194270		369749		47542
804		194270		369749		47542
805		194271		369751		47542
806		194269		369752		47542
807		194270		369754		47543
808		194270		369754		47543
809		194270		369754		47543
810		194270		369754		47543
811		194270		369754		47543
812		194270		369754		47543
813		194270		369754		47543
814		194270		369754		47543
815		194270		369754		47543
816		194270		369754		47543
817		194267		369755		47542
818		194267		369755		47542
819		194267		369755		47542
820		194267		369755		47542
821		194267		369756		47544
822		194267		369756		47544
823		194267		369756		47544
824		194267		369756		47544
825		194267		369756		47544
826		194266		369757		47545
827		194266		369758		47544
828		194267		369759		47545
829		194267		369759		47545
830		194267		369759		47545
831		194267		369759		47545
832		194267		369759		47545
833		194267		369759		47545
834		194267		369760		47544
835		194267		369760		47544
836		194267		369760		47544
837		194267		369760		47544
838		194267		369760		47544
839		194267		369760		47544
840		194267		369760		47544
841		194267		369760		47544
842		194267		369760		47544
843		194267		369760		47544
844		194267		369760		47544
845		194267		369760		47544
846		194267		369760		47544
847		194267		369760		47544
848		194267		369760		47544
849		194267		369762		47544
850		194269		369763		47543
851		194266		369764		47544
852		194266		369764		47544
853		194266		369767		47543
854		194265		369770		47543
855		194271		369774		47544
856		194268		369778		47544
857		194270		369782		47544
858		194274		369785		47543
859		194273		369789		47544
860		194270		369791		47546
861		194271		369793		47544
862		194270		369795		47546
863		194270		369795		47546
864		194272		369796		47544
865		194272		369796		47544
866		194270		369800		47544
867		194269		369803		47542
868		194270		369807		47543
869		194269		369810		47540
870		194269		369812		47542
871		194268		369816		47539
872		194269		369820		47539
873		194265		369825		47540
874		194269		369827		47540
875		194265		369829		47540
876		194266		369831		47542
877		194266		369833		47542
878		194268		369834		47542
879		194264		369836		47542
880		194266		369837		47542
881		194266		369839		47542
882		194265		369841		47541
883		194265		369841		47541
884		194264		369843		47541
885		194263		369844		47541
886		194263		369844		47541
887		194263		369844		47541
888		194263		369844		47541
889		194263		369844		47541
890		194263		369845		47542
891		194263		369846		47543
892		194263		369846		47543
893		194262		369847		47543
894		194262		369847		47543
895		194262		369847		47543
896		194261		369848		47542
897		194261		369848		47542
898		194261		369848		47542
899		194261		369848		47542
900		194261		369848		47542
901		194261		369848		47542
902		194261		369848		47542
903		194260		369849		47543
904		194260		369849		47543
905		194260		369854		47545
906		194260		369856		47545
907		194260		369857		47544
908		194260		369858		47545
909		194260		369859		47544
910		194260		369860		47545
911		194262		369862		47544
912		194262		369862		47544
913		194262		369863		47545
914		194266		369864		47544
915		194262		369868		47546
916		194260		369870		47545
917		194260		369871		47544
918		194260		369873		47544
919		194260		369874		47545
920		194260		369876		47542
921		194260		369876		47542
922		194260		369876		47542
923		194260		369878		47544
924		194260		369879		47545
925		194260		369880		47544
926		194260		369880		47544
927		194259		369881		47545
928		194256		369882		47545
929		194256		369882		47545
930		194256		369882		47545
931		194256		369882		47545
932		194256		369882		47545
933		194256		369882		47545
934		194256		369882		47545
935		194256		369882		47545
936		194256		369882		47545
937		194256		369882		47545
938		194256		369882		47545
939		194256		369882		47545
940		194256		369882		47545
941		194256		369882		47545
942		194256		369882		47545
943		194256		369882		47545
944		194256		369882		47545
945		194256		369882		47545
946		194256		369882		47545
947		194256		369882		47545
948		194256		369882		47545
949		194256		369882		47545
950		194256		369882		47545
951		194256		369882		47545
952		194256		369882		47545
953		194256		369882		47545
954		194256		369882		47545
955		194256		369882		47545
956		194256		369882		47545
957		194256		369882		47545
958		194256		369882		47545
959		194256		369882		47545
960		194256		369882		47545
961		194256		369882		47545
962		194256		369882		47545
963		194256		369882		47545
964		194256		369882		47545
965		194256		369882		47545
966		194256		369882		47545
967		194256		369882		47545
968		194256		369882		47545
969		194256		369882		47545
970		194256		369883		47544
971		194256		369883		47544
972		194256		369883		47544
973		194256		369883		47544
974		194256		369883		47544
975		194256		369883		47544
976		194256		369883		47544
977		194256		369883		47544
978		194256		369883		47544
979		194256		369883		47544
980		194256		369883		47544
981		194256		369883		47544
982		194256		369883		47544
983		194256		369883		47544
984		194256		369883		47544
985		194256		369883		47544
986		194256		369883		47544
987		194256		369883		47544
988		194256		369883		47544
989		194256		369883		47544
990		194256		369883		47544
991		194256		369883		47544
992		194256		369883		47544
993		194256		369883		47544
994		194256		369883		47544
995		194255		369884		47544
996		194257		369885		47544
997		194257		369885		47544
998		194255		369886		47544
999		194255		369886		47544
