# Migration is number of nodes that have changed color.

Round		Edge-Cut		Swaps		Migrations		Skipped
0		611453		63718		54908
1		611299		127435		46654
2		611825		191155		47845
3		611281		254874		47303
4		611752		318599		47785
5		610624		382323		47559
6		611257		446038		47553
7		611353		509762		47643
8		611013		573477		47562
9		611629		637199		47719
10		610900		700919		47544
11		611321		764644		47507
12		611230		828360		47616
13		611729		892078		47811
14		610748		955797		47503
15		611339		1019519		47741
16		611200		1083238		47526
17		610712		1146961		47710
18		611479		1210680		47796
19		611435		1274401		47681
20		610786		1338125		47601
21		611250		1401847		47538
22		611716		1465566		47590
23		610492		1529287		47592
24		611031		1593008		47646
25		611258		1656728		47494
26		610600		1720450		47525
27		610974		1784173		47619
28		612197		1847894		47817
29		611531		1911609		47701
30		611205		1975331		47574
31		611613		2039051		47869
32		610368		2102772		47465
33		610285		2166493		47692
34		611774		2230213		47640
35		611307		2293933		47473
36		610842		2357654		47750
37		611653		2421371		47420
38		611431		2485089		47628
39		610969		2548809		47618
40		611568		2612534		47526
41		611239		2676257		47656
42		611937		2739978		47527
43		610773		2803697		47595
44		612237		2867421		47461
45		612229		2931134		47680
46		610881		2994852		47662
47		610672		3058576		47737
48		611227		3122300		47814
49		611410		3186024		47447
50		610147		3249743		47632
51		612019		3313467		47784
52		611403		3377188		47668
53		611674		3440909		47636
54		610928		3504633		47853
55		611782		3568350		47520
56		611182		3632068		47654
57		611264		3695784		47606
58		610826		3759500		47577
59		611121		3823220		47629
60		611297		3886946		47680
61		610893		3950663		47754
62		611044		4014377		47656
63		610943		4078098		47789
64		610895		4141818		47506
65		611902		4205536		47605
66		611262		4269259		47754
67		611025		4332977		47684
68		611160		4396696		47572
69		611438		4460413		47701
70		610928		4524133		47456
71		611719		4587857		47589
72		611327		4651575		47756
73		611194		4715301		47735
74		610993		4779011		47677
75		610858		4842739		47720
76		611219		4906451		47840
77		611923		4970171		47434
78		611861		5033890		47696
79		610701		5097611		47630
80		611557		5161331		47793
81		611846		5225052		47611
82		611260		5288772		47616
83		610843		5352494		47977
84		611335		5416212		47645
85		611616		5479934		47743
86		610763		5543660		47659
87		611419		5607381		47531
88		611343		5671105		47669
89		611180		5734824		47584
90		611601		5798545		47695
91		611289		5862262		47575
92		611565		5925976		47574
93		611079		5989693		47656
94		610875		6053417		47625
95		610886		6117141		47775
96		611001		6180862		47616
97		611043		6244580		47701
98		611273		6308298		47763
99		612176		6372018		47690
100		611002		6435741		47683
101		611527		6499465		47726
102		611597		6563181		47594
103		611604		6626898		47670
104		611306		6690613		47686
105		610915		6754335		47709
106		611227		6818057		47705
107		611507		6881769		47799
108		610995		6945487		47506
109		611010		7009207		47645
110		611282		7072920		47843
111		611837		7136637		47439
112		611408		7200351		47537
113		611383		7264065		47765
114		611033		7327789		47715
115		610838		7391510		47659
116		610749		7455230		47703
117		611677		7518945		47639
118		611389		7582657		47609
119		612042		7646370		47790
120		610905		7710085		47570
121		611044		7773801		47788
122		611559		7837521		47692
123		611588		7901231		47730
124		610204		7964952		47452
125		611047		8028674		47891
126		611239		8092393		47517
127		611074		8156116		47627
128		610463		8219831		47816
129		610523		8283548		47394
130		612574		8347267		47844
131		611148		8410992		47747
132		610750		8474707		47741
133		611594		8538425		47619
134		611078		8602147		47843
135		611511		8665864		47706
136		610506		8729584		47664
137		611038		8793297		47714
138		610855		8857012		47588
139		610796		8920732		47626
140		611688		8984452		47623
141		610322		9048173		47872
142		610595		9111889		47474
143		611732		9175603		47677
144		610805		9239321		47708
145		611970		9303041		47683
146		611158		9366759		47776
147		611730		9430482		47496
148		611452		9494201		47980
149		611859		9557922		47500
150		611035		9621644		47827
151		611678		9685364		47824
152		611262		9749075		47530
153		611000		9812792		47898
154		611230		9876512		47536
155		610796		9940235		47832
156		611796		10003949		47647
157		610690		10067665		47808
158		611670		10131387		47737
159		611516		10195109		47858
160		611699		10258826		47664
161		610459		10322539		47803
162		611806		10386257		47636
163		610944		10449977		47798
164		611428		10513697		47677
165		611283		10577414		47535
166		610152		10641135		47664
167		611456		10704857		47530
168		611408		10768571		47904
169		611019		10832291		47634
170		611014		10896015		47679
171		611153		10959736		47789
172		610792		11023453		47598
173		611409		11087173		47604
174		611189		11150884		47678
175		611354		11214600		47807
176		611426		11278320		47637
177		610536		11342039		47772
178		611061		11405755		47710
179		611240		11469473		47691
180		611041		11533183		47576
181		611092		11596906		47864
182		610825		11660625		47722
183		611298		11724340		47620
184		610606		11788057		47582
185		611070		11851768		47745
186		611063		11915487		47681
187		611107		11979202		47498
188		611433		12042917		47710
189		611408		12106637		47756
190		611223		12170355		47821
191		610752		12234073		47540
192		611410		12297783		47800
193		610699		12361504		47718
194		611543		12425217		47751
195		611483		12488934		47791
196		610873		12552658		47820
197		610786		12616370		47600
198		611003		12680086		47829
199		610996		12743802		47756
200		612139		12807521		47971
201		610948		12871238		47725
202		611382		12934946		47702
203		610845		12998665		47988
204		611193		13062380		47459
205		611838		13126094		47618
206		611201		13189811		47697
207		610675		13253529		47584
208		610825		13317248		47831
209		611690		13380967		47483
210		610860		13444681		47668
211		611574		13508394		47725
212		610686		13572108		47660
213		611280		13635822		47752
214		610479		13699541		47732
215		611522		13763257		47776
216		611613		13826977		47825
217		611492		13890693		47670
218		610317		13954408		47769
219		611020		14018120		47669
220		611369		14081836		47922
221		611040		14145555		47747
222		610074		14209277		47626
223		611208		14272997		47862
224		611005		14336708		47824
225		610134		14400419		47791
226		610905		14464130		47868
227		611990		14527848		47683
228		610762		14591554		47683
229		611846		14655275		47802
230		611522		14718991		47501
231		610827		14782708		47777
232		610668		14846423		47858
233		611427		14910140		47808
234		611397		14973848		47618
235		610557		15037566		47722
236		611475		15101274		47683
237		611155		15164994		47642
238		610770		15228712		47645
239		610945		15292421		47698
240		610898		15356138		47875
241		611784		15419852		47805
242		611191		15483567		47550
243		610447		15547277		47791
244		610891		15610993		47788
245		610861		15674711		47807
246		611021		15738426		47809
247		611043		15802142		47683
248		611126		15865857		47595
249		611043		15929567		47687
250		611721		15993279		47827
251		610806		16056997		47662
252		610436		16120709		47894
253		611069		16184415		47784
254		611309		16248121		47816
255		611379		16311838		47840
256		611134		16375553		47840
257		611150		16439268		47478
258		609767		16502981		47837
259		611036		16566688		47624
260		610690		16630385		47874
261		611107		16694101		47710
262		611304		16757811		47715
263		612279		16821521		47638
264		611564		16885234		47890
265		610634		16948945		47804
266		611313		17012655		47645
267		611592		17076369		47901
268		611621		17140086		47673
269		611561		17203796		47754
270		611254		17267504		47674
271		610741		17331224		47660
272		610837		17394932		47726
273		610832		17458646		47763
274		610086		17522364		47701
275		611474		17586081		47792
276		610622		17649793		47703
277		610800		17713507		47617
278		610543		17777224		47647
279		610985		17840934		47783
280		610318		17904648		47599
281		611081		17968355		47754
282		611040		18032070		47682
283		610982		18095786		47724
284		611557		18159502		47777
285		611006		18223214		47806
286		610706		18286930		47695
287		611042		18350645		47897
288		611831		18414357		47923
289		611004		18478071		47732
290		611239		18541791		47679
291		611768		18605503		47794
292		610725		18669221		47745
293		611490		18732935		47820
294		610662		18796644		47666
295		611637		18860361		47791
296		610468		18924065		47752
297		610800		18987780		47851
298		611082		19051498		47868
299		610765		19115207		47812
300		611347		19178918		47549
301		611036		19242618		47845
302		610030		19306309		47786
303		610352		19370003		47683
304		610100		19433716		47697
305		611135		19497423		47550
306		611840		19561128		47949
307		611041		19624837		47794
308		611212		19688542		47880
309		610165		19752245		47705
310		610555		19815945		47779
311		611744		19879653		47575
312		611356		19943361		47706
313		611117		20007060		47773
314		610805		20070761		47780
315		610340		20134456		47675
316		610507		20198155		47856
317		611135		20261862		47738
318		610337		20325559		47596
319		610548		20389274		47800
320		611430		20452976		47578
321		611062		20516674		47819
322		610515		20580388		47842
323		610061		20644091		47659
324		610404		20707785		47705
325		610147		20771489		47810
326		610824		20835182		47923
327		610923		20898883		47743
328		610612		20962584		47733
329		611582		21026287		47797
330		611361		21089994		47671
331		610642		21153700		47953
332		610444		21217404		47866
333		610256		21281105		47715
334		610690		21344803		47670
335		610761		21408499		47649
336		610876		21472199		47710
337		611151		21535895		47656
338		610425		21599591		47741
339		610626		21663294		47834
340		610222		21726994		47628
341		610525		21790683		47839
342		610867		21854378		47724
343		611106		21918080		47630
344		610775		21981772		47949
345		610611		22045465		47864
346		610346		22109159		47779
347		610473		22172855		47733
348		610912		22236564		47667
349		610464		22300263		47533
350		610618		22363960		47511
351		610234		22427656		47893
352		610542		22491340		47637
353		610849		22555033		47967
354		610418		22618733		47744
355		609816		22682425		47713
356		611162		22746119		47978
357		610491		22809805		47654
358		609902		22873495		47913
359		611216		22937190		47771
360		610373		23000874		47670
361		610219		23064571		47607
362		609867		23128273		47838
363		610160		23191958		47642
364		609397		23255644		47702
365		610145		23319339		48031
366		610600		23383030		47701
367		610122		23446721		47776
368		609658		23510405		47785
369		610139		23574088		47871
370		610091		23637757		47827
371		610067		23701437		47554
372		609990		23765128		47804
373		610386		23828819		47739
374		609660		23892514		47813
375		610278		23956205		47791
376		610935		24019892		47837
377		610252		24083567		47654
378		609324		24147253		47862
379		609951		24210941		47824
380		610754		24274631		47645
381		609637		24338314		47791
382		609377		24401989		47684
383		610783		24465666		47759
384		609611		24529344		47768
385		609733		24593016		47813
386		609768		24656691		47687
387		609526		24720374		47575
388		609070		24784044		47908
389		609809		24847717		47740
390		609460		24911383		47796
391		608746		24975060		47839
392		609367		25038737		47754
393		609424		25102416		47762
394		609546		25166085		47858
395		608888		25229762		47582
396		609267		25293436		47902
397		608846		25357120		47653
398		609770		25420795		47678
399		609318		25484465		47841
400		609612		25548141		47621
401		607566		25611758		47730
402		607938		25675371		47624
403		607636		25738990		47632
404		608875		25802629		47857
405		608193		25866247		47849
406		608066		25929872		47725
407		608366		25993490		47851
408		608361		26057111		47683
409		608169		26120711		47583
410		608294		26184351		47827
411		607879		26247961		47773
412		607711		26311585		47700
413		608717		26375213		47954
414		607507		26438836		47710
415		607470		26502442		47873
416		607698		26566042		47926
417		607455		26629639		47572
418		607157		26693248		47737
419		607632		26756853		47630
420		608704		26820443		47666
421		608012		26884021		47729
422		606880		26947588		48055
423		606752		27011152		47709
424		607174		27074747		47918
425		606624		27138333		47741
426		605939		27201902		47764
427		606558		27265476		47538
428		605772		27329048		47882
429		606383		27392582		47711
430		606503		27456135		47798
431		605074		27519697		47944
432		604797		27583230		47895
433		604246		27646770		47783
434		603782		27710295		47849
435		602804		27773808		47866
436		602708		27837300		47895
437		601062		27900782		48029
438		600170		27964254		47926
439		599922		28027691		47762
440		599723		28091153		47808
441		597631		28154594		47901
442		596129		28217965		47849
443		594144		28281303		47802
444		590419		28344566		47831
445		586552		28407754		47882
446		582808		28470905		47689
447		576800		28533960		47939
448		564002		28596862		47747
449		549304		28659498		47784
450		520140		28721676		47629
451		451800		28781808		47781
452		375490		28837995		47762
453		310346		28888774		47776
454		260804		28933832		47764
455		226980		28973299		47718
456		206145		29008370		47892
457		193753		29040505		47986
458		183853		29070137		47831
459		175211		29098092		47894
460		168473		29124044		47864
461		162724		29148367		47825
462		158647		29171119		47930
463		155925		29192869		47820
464		154828		29213595		47847
465		152254		29233870		47860
466		151328		29253496		47841
467		148694		29271776		47690
468		146412		29289195		47813
469		144983		29305766		47863
470		143487		29321949		47717
471		142317		29337560		47809
472		141153		29352484		47811
473		139567		29366840		47813
474		138300		29380381		47907
475		137276		29393454		47897
476		135678		29405709		47814
477		135085		29417274		47859
478		133954		29428273		47811
479		133152		29438617		47935
480		132325		29448788		47796
481		131598		29458280		47834
482		130948		29467505		47848
483		129838		29475997		47817
484		128686		29483851		47789
485		128085		29491242		47752
486		127473		29498195		47690
487		126794		29504649		47708
488		126034		29510690		47799
489		125387		29516253		47894
490		124836		29521475		47869
491		124244		29526322		47771
492		123726		29530691		47852
493		123201		29534855		47905
494		122739		29538743		47929
495		122457		29542195		47877
496		122160		29545573		47880
497		121907		29548778		47921
498		121646		29551757		47885
499		121404		29554545		47785
500		121155		29557231		47795
501		120662		29558278		47804
502		120333		29559077		47838
503		120119		29559704		47833
504		119976		29560215		47823
505		119850		29560651		47812
506		119742		29561034		47821
507		119652		29561362		47807
508		119589		29561643		47807
509		119520		29561891		47817
510		119466		29562094		47815
511		119429		29562257		47811
512		119381		29562413		47805
513		119347		29562548		47805
514		119316		29562676		47793
515		119290		29562794		47801
516		119262		29562893		47804
517		119239		29562981		47805
518		119226		29563058		47809
519		119203		29563148		47802
520		119186		29563225		47805
521		119174		29563290		47807
522		119165		29563349		47806
523		119153		29563410		47808
524		119141		29563464		47808
525		119136		29563508		47809
526		119122		29563559		47813
527		119116		29563599		47811
528		119114		29563631		47810
529		119109		29563666		47812
530		119099		29563703		47810
531		119091		29563735		47811
532		119080		29563766		47818
533		119073		29563792		47824
534		119065		29563816		47823
535		119064		29563837		47817
536		119056		29563861		47819
537		119050		29563887		47818
538		119045		29563911		47812
539		119043		29563931		47809
540		119038		29563952		47813
541		119028		29563978		47810
542		119023		29563999		47810
543		119019		29564019		47808
544		119018		29564038		47810
545		119013		29564059		47809
546		119011		29564075		47810
547		119008		29564092		47810
548		119002		29564112		47811
549		119001		29564127		47811
550		119000		29564142		47809
551		118999		29564157		47809
552		118998		29564170		47809
553		118996		29564185		47807
554		118995		29564198		47808
555		118993		29564213		47811
556		118991		29564228		47809
557		118990		29564242		47810
558		118988		29564257		47811
559		118984		29564274		47810
560		118982		29564288		47810
561		118982		29564300		47810
562		118979		29564316		47810
563		118978		29564330		47811
564		118976		29564348		47807
565		118976		29564361		47806
566		118974		29564374		47808
567		118972		29564388		47809
568		118972		29564400		47809
569		118970		29564416		47809
570		118968		29564432		47810
571		118968		29564446		47810
572		118968		29564460		47810
573		118966		29564474		47811
574		118966		29564486		47809
575		118963		29564499		47810
576		118960		29564516		47808
577		118961		29564529		47805
578		118960		29564542		47807
579		118957		29564556		47807
580		118956		29564568		47805
581		118955		29564579		47806
582		118952		29564591		47806
583		118950		29564603		47806
584		118949		29564614		47804
585		118949		29564624		47804
586		118948		29564635		47804
587		118947		29564646		47803
588		118946		29564657		47802
589		118946		29564667		47802
590		118945		29564678		47802
591		118945		29564688		47802
592		118944		29564699		47802
593		118941		29564712		47802
594		118941		29564722		47802
595		118940		29564733		47802
596		118939		29564744		47803
597		118937		29564756		47804
598		118935		29564766		47806
599		118935		29564774		47806
600		118934		29564783		47806
601		118933		29564794		47806
602		118931		29564806		47804
603		118931		29564816		47804
604		118931		29564826		47804
605		118931		29564836		47804
606		118931		29564846		47804
607		118931		29564856		47804
608		118931		29564866		47804
609		118931		29564876		47804
610		118930		29564885		47804
611		118930		29564893		47804
612		118930		29564901		47804
613		118929		29564910		47806
614		118927		29564918		47804
615		118927		29564924		47804
616		118927		29564930		47804
617		118927		29564936		47804
618		118927		29564942		47804
619		118927		29564948		47806
620		118926		29564953		47808
621		118926		29564957		47808
622		118926		29564961		47808
623		118926		29564965		47808
624		118926		29564969		47808
625		118926		29564973		47808
626		118925		29564978		47807
627		118925		29564982		47807
628		118922		29564989		47804
629		118922		29564993		47804
630		118921		29564998		47803
631		118921		29565002		47803
632		118921		29565006		47803
633		118920		29565011		47803
634		118920		29565015		47803
635		118920		29565019		47803
636		118920		29565023		47803
637		118920		29565027		47803
638		118920		29565031		47803
639		118920		29565035		47803
640		118919		29565040		47803
641		118919		29565044		47803
642		118919		29565048		47803
643		118919		29565052		47803
644		118919		29565056		47803
645		118918		29565063		47805
646		118917		29565070		47805
647		118916		29565077		47804
648		118916		29565083		47804
649		118915		29565090		47804
650		118914		29565097		47803
651		118914		29565103		47803
652		118914		29565109		47803
653		118913		29565114		47803
654		118913		29565118		47803
655		118913		29565122		47803
656		118913		29565126		47803
657		118913		29565130		47803
658		118913		29565134		47803
659		118912		29565141		47802
660		118911		29565144		47802
661		118911		29565146		47802
662		118911		29565148		47802
663		118911		29565150		47802
664		118911		29565152		47802
665		118911		29565154		47802
666		118911		29565156		47802
667		118911		29565158		47802
668		118911		29565160		47802
669		118911		29565162		47802
670		118911		29565164		47802
671		118911		29565166		47802
672		118911		29565168		47802
673		118911		29565170		47802
674		118911		29565172		47802
675		118911		29565174		47802
676		118911		29565176		47802
677		118910		29565179		47803
678		118908		29565183		47805
679		118907		29565186		47806
680		118906		29565189		47806
681		118905		29565192		47805
682		118905		29565194		47805
683		118905		29565196		47805
684		118905		29565198		47805
685		118905		29565200		47805
686		118905		29565202		47805
687		118905		29565204		47805
688		118905		29565206		47805
689		118905		29565208		47805
690		118905		29565210		47805
691		118905		29565212		47805
692		118905		29565214		47805
693		118904		29565217		47805
694		118904		29565219		47805
695		118904		29565221		47805
696		118903		29565224		47804
697		118903		29565226		47804
698		118903		29565228		47804
699		118903		29565230		47804
700		118903		29565232		47804
701		118903		29565234		47804
702		118903		29565236		47804
703		118903		29565238		47804
704		118902		29565241		47804
705		118902		29565243		47804
706		118901		29565246		47805
707		118901		29565248		47805
708		118901		29565250		47805
709		118900		29565253		47805
710		118900		29565255		47805
711		118900		29565257		47805
712		118900		29565259		47805
713		118900		29565261		47805
714		118900		29565263		47805
715		118900		29565265		47805
716		118900		29565267		47805
717		118900		29565269		47805
718		118900		29565271		47805
719		118900		29565273		47805
720		118900		29565275		47805
721		118899		29565278		47805
722		118899		29565280		47805
723		118899		29565282		47805
724		118899		29565284		47805
725		118899		29565286		47805
726		118899		29565288		47805
727		118899		29565290		47805
728		118899		29565292		47805
729		118899		29565294		47805
730		118898		29565297		47803
731		118898		29565299		47803
732		118898		29565301		47803
733		118898		29565303		47803
734		118898		29565305		47803
735		118898		29565307		47803
736		118898		29565309		47803
737		118898		29565311		47803
738		118898		29565313		47803
739		118898		29565315		47803
740		118898		29565317		47803
741		118898		29565319		47803
742		118898		29565321		47803
743		118898		29565323		47803
744		118898		29565325		47803
745		118898		29565327		47803
746		118898		29565329		47803
747		118897		29565332		47803
748		118897		29565334		47803
749		118897		29565336		47803
750		118896		29565339		47802
751		118896		29565341		47802
752		118896		29565343		47802
753		118896		29565345		47802
754		118896		29565347		47802
755		118896		29565349		47802
756		118896		29565351		47802
757		118896		29565353		47802
758		118896		29565355		47802
759		118896		29565357		47802
760		118896		29565359		47802
761		118896		29565361		47802
762		118896		29565363		47802
763		118896		29565365		47802
764		118896		29565367		47802
765		118896		29565369		47802
766		118896		29565371		47802
767		118896		29565373		47802
768		118896		29565375		47802
769		118895		29565378		47801
770		118895		29565380		47801
771		118894		29565383		47802
772		118893		29565386		47802
773		118893		29565388		47802
774		118893		29565392		47803
775		118893		29565394		47803
776		118893		29565398		47801
777		118893		29565404		47802
778		118891		29565410		47802
779		118890		29565415		47802
780		118887		29565419		47803
781		118887		29565421		47803
782		118887		29565423		47803
783		118887		29565425		47803
784		118887		29565427		47803
785		118887		29565429		47803
786		118887		29565431		47803
787		118887		29565433		47803
788		118887		29565435		47803
789		118887		29565437		47803
790		118886		29565440		47803
791		118886		29565442		47803
792		118886		29565444		47803
793		118886		29565446		47803
794		118886		29565448		47803
795		118886		29565450		47803
796		118886		29565452		47803
797		118885		29565455		47803
798		118885		29565457		47803
799		118885		29565459		47803
800		118885		29565461		47803
801		118885		29565463		47803
802		118883		29565467		47803
803		118883		29565469		47803
804		118882		29565472		47804
805		118882		29565474		47804
806		118882		29565476		47804
807		118882		29565478		47804
808		118882		29565480		47804
809		118882		29565482		47804
810		118882		29565484		47804
811		118882		29565486		47804
812		118882		29565488		47804
813		118882		29565490		47804
814		118882		29565492		47804
815		118881		29565495		47805
816		118880		29565498		47806
817		118879		29565501		47806
818		118879		29565503		47806
819		118879		29565505		47806
820		118879		29565507		47806
821		118879		29565509		47806
822		118879		29565511		47806
823		118879		29565513		47806
824		118879		29565515		47806
825		118879		29565517		47806
826		118879		29565519		47806
827		118878		29565522		47807
828		118878		29565524		47807
829		118878		29565526		47807
830		118878		29565528		47807
831		118878		29565530		47807
832		118877		29565533		47808
833		118877		29565535		47808
834		118877		29565537		47808
835		118877		29565539		47808
836		118877		29565541		47808
837		118877		29565543		47808
838		118877		29565545		47808
839		118877		29565547		47808
840		118877		29565549		47808
841		118877		29565551		47808
842		118877		29565553		47808
843		118877		29565555		47808
844		118877		29565557		47808
845		118877		29565559		47808
846		118877		29565561		47808
847		118877		29565563		47808
848		118877		29565565		47808
849		118877		29565567		47808
850		118877		29565569		47808
851		118877		29565571		47808
852		118877		29565573		47808
853		118877		29565575		47808
854		118877		29565577		47808
855		118877		29565579		47808
856		118877		29565581		47808
857		118877		29565583		47808
858		118877		29565585		47808
859		118877		29565587		47808
860		118877		29565589		47808
861		118877		29565591		47808
862		118877		29565593		47808
863		118877		29565595		47808
864		118877		29565597		47808
865		118877		29565599		47808
866		118877		29565601		47808
867		118877		29565603		47808
868		118877		29565605		47808
869		118877		29565607		47808
870		118877		29565609		47808
871		118877		29565611		47808
872		118877		29565613		47808
873		118877		29565615		47808
874		118877		29565617		47808
875		118877		29565619		47808
876		118877		29565621		47808
877		118877		29565623		47808
878		118877		29565625		47808
879		118877		29565627		47808
880		118877		29565629		47808
881		118877		29565631		47808
882		118877		29565633		47808
883		118877		29565635		47808
884		118877		29565637		47808
885		118877		29565639		47808
886		118877		29565641		47808
887		118877		29565643		47808
888		118877		29565645		47808
889		118877		29565647		47808
890		118877		29565649		47808
891		118877		29565651		47808
892		118877		29565653		47808
893		118876		29565656		47810
894		118876		29565658		47810
895		118876		29565660		47810
896		118876		29565662		47810
897		118875		29565663		47809
898		118875		29565663		47809
899		118875		29565663		47809
900		118875		29565663		47809
901		118875		29565663		47809
902		118875		29565663		47809
903		118875		29565663		47809
904		118875		29565663		47809
905		118875		29565663		47809
906		118875		29565663		47809
907		118875		29565663		47809
908		118875		29565663		47809
909		118875		29565663		47809
910		118875		29565663		47809
911		118875		29565663		47809
912		118875		29565663		47809
913		118875		29565663		47809
914		118875		29565663		47809
915		118875		29565663		47809
916		118875		29565663		47809
917		118875		29565663		47809
918		118875		29565663		47809
919		118875		29565663		47809
920		118875		29565663		47809
921		118875		29565663		47809
922		118875		29565663		47809
923		118875		29565663		47809
924		118875		29565663		47809
925		118875		29565663		47809
926		118875		29565663		47809
927		118875		29565663		47809
928		118875		29565663		47809
929		118875		29565663		47809
930		118875		29565663		47809
931		118875		29565663		47809
932		118875		29565663		47809
933		118875		29565663		47809
934		118875		29565663		47809
935		118875		29565663		47809
936		118875		29565663		47809
937		118875		29565663		47809
938		118875		29565663		47809
939		118875		29565663		47809
940		118875		29565663		47809
941		118875		29565663		47809
942		118875		29565663		47809
943		118875		29565663		47809
944		118875		29565663		47809
945		118875		29565663		47809
946		118873		29565665		47808
947		118873		29565665		47808
948		118873		29565665		47808
949		118873		29565665		47808
950		118873		29565665		47808
951		118873		29565665		47808
952		118873		29565665		47808
953		118873		29565665		47808
954		118873		29565665		47808
955		118873		29565665		47808
956		118873		29565665		47808
957		118873		29565665		47808
958		118873		29565665		47808
959		118873		29565665		47808
960		118873		29565665		47808
961		118873		29565665		47808
962		118873		29565665		47808
963		118873		29565665		47808
964		118873		29565665		47808
965		118873		29565665		47808
966		118873		29565665		47808
967		118873		29565665		47808
968		118873		29565665		47808
969		118873		29565665		47808
970		118873		29565665		47808
971		118873		29565665		47808
972		118872		29565666		47810
973		118872		29565666		47810
974		118872		29565666		47810
975		118872		29565666		47810
976		118872		29565666		47810
977		118872		29565666		47810
978		118872		29565666		47810
979		118872		29565666		47810
980		118871		29565667		47810
981		118871		29565667		47810
982		118871		29565667		47810
983		118871		29565667		47810
984		118871		29565667		47810
985		118871		29565667		47810
986		118871		29565667		47810
987		118871		29565667		47810
988		118871		29565667		47810
989		118871		29565667		47810
990		118871		29565667		47810
991		118871		29565667		47810
992		118871		29565667		47810
993		118871		29565667		47810
994		118871		29565667		47810
995		118871		29565667		47810
996		118871		29565667		47810
997		118871		29565667		47810
998		118871		29565667		47810
999		118871		29565667		47810
