# Migration is number of nodes that have changed color.

Round		Edge-Cut		Swaps		Migrations		Skipped
0		394829		53274		47537
1		259793		89656		46852
2		210255		114283		47138
3		189584		131710		47259
4		179451		144897		47420
5		173617		155294		47472
6		169220		163972		47573
7		163937		171876		47539
8		156514		179173		47541
9		152259		185633		47604
10		150277		191338		47575
11		147945		196727		47527
12		145505		201715		47637
13		144272		206201		47531
14		143255		210131		47513
15		142566		213609		47538
16		142100		216753		47502
17		141653		219568		47547
18		141292		222107		47560
19		140954		224326		47554
20		140709		226431		47515
21		140489		228458		47572
22		140306		230247		47534
23		140215		231937		47516
24		140092		233537		47491
25		139949		235167		47505
26		139883		236717		47556
27		139733		238197		47537
28		139659		239660		47517
29		139515		241048		47531
30		139453		242406		47538
31		139406		243759		47520
32		139333		245137		47549
33		139233		246423		47553
34		139061		247676		47578
35		138956		248923		47529
36		138905		250028		47565
37		138805		251129		47542
38		138772		252219		47547
39		138711		253363		47575
40		138561		254448		47612
41		138487		255528		47605
42		138433		256579		47608
43		138370		257563		47598
44		138270		258547		47634
45		138201		259518		47594
46		138173		260368		47611
47		138195		261232		47609
48		138131		262119		47589
49		138097		262980		47589
50		138074		263840		47596
51		138068		264638		47578
52		138052		265410		47566
53		138013		266206		47605
54		137972		266937		47604
55		137959		267669		47626
56		137930		268370		47602
57		137898		269062		47589
58		137890		269737		47556
59		137864		270426		47571
60		137869		271095		47551
61		137850		271741		47549
62		137849		272363		47556
63		137843		272961		47576
64		137832		273604		47568
65		137823		274235		47595
66		137812		274857		47583
67		137797		275444		47581
68		137785		275982		47609
69		137769		276541		47633
70		137757		277067		47610
71		137743		277612		47593
72		137759		278150		47618
73		137756		278674		47618
74		137739		279266		47612
75		137752		279888		47611
76		137735		280441		47569
77		137736		281030		47552
78		137740		281528		47547
79		137725		282098		47568
80		137719		282730		47559
81		137709		283301		47564
82		137700		283859		47592
83		137694		284374		47566
84		137689		284874		47591
85		137670		285336		47602
86		137673		285825		47602
87		137665		286351		47624
88		137658		286801		47628
89		137645		287268		47658
90		137649		287704		47664
91		137633		288147		47653
92		137636		288567		47663
93		137643		289034		47661
94		137638		289522		47632
95		137642		289972		47607
96		137640		290447		47592
97		137648		290912		47608
98		137645		291407		47610
99		137648		291858		47617
100		137626		292314		47593
101		137630		292743		47617
102		137634		293181		47596
103		137616		293608		47581
104		137617		294057		47601
105		137613		294504		47569
106		137621		294928		47577
107		137619		295354		47573
108		137607		295791		47576
109		137598		296230		47570
110		137606		296693		47589
111		137609		297110		47582
112		137621		297538		47583
113		137624		297961		47598
114		137625		298416		47581
115		137607		298839		47588
116		137609		299266		47617
117		137620		299720		47593
118		137630		300155		47607
119		137617		300592		47588
120		137615		301020		47589
121		137629		301462		47597
122		137623		301898		47596
123		137628		302285		47589
124		137607		302702		47584
125		137599		303112		47600
126		137597		303527		47598
127		137599		303963		47599
128		137593		304352		47585
129		137597		304762		47567
130		137596		305180		47580
131		137587		305614		47580
132		137600		306038		47589
133		137604		306446		47612
134		137606		306906		47622
135		137599		307350		47653
136		137590		307771		47636
137		137599		308185		47636
138		137588		308577		47624
139		137590		309003		47629
140		137589		309429		47621
141		137595		309853		47649
142		137592		310261		47635
143		137590		310642		47654
144		137583		311095		47642
145		137576		311505		47630
146		137593		311934		47597
147		137589		312320		47606
148		137588		312718		47589
149		137597		313120		47590
150		137593		313568		47591
151		137581		313982		47568
152		137593		314395		47584
153		137599		314819		47561
154		137594		315209		47569
155		137604		315637		47553
156		137625		316092		47570
157		137612		316489		47575
158		137592		316910		47567
159		137594		317347		47560
160		137598		317735		47551
161		137591		318154		47573
162		137589		318583		47553
163		137584		319001		47572
164		137589		319410		47567
165		137585		319806		47572
166		137578		320202		47557
167		137578		320590		47573
168		137580		321001		47596
169		137573		321373		47602
170		137583		321735		47590
171		137576		322154		47608
172		137585		322549		47602
173		137572		322931		47577
174		137587		323322		47602
175		137581		323712		47582
176		137581		324101		47587
177		137593		324496		47588
178		137579		324877		47579
179		137576		325286		47568
180		137583		325677		47555
181		137582		326033		47547
182		137576		326407		47567
183		137571		326805		47593
184		137565		327192		47588
185		137564		327543		47586
186		137567		327912		47575
187		137561		328304		47588
188		137557		328694		47603
189		137567		329085		47597
190		137554		329477		47598
191		137551		329891		47615
192		137582		330299		47564
193		137549		330700		47575
194		137547		331072		47572
195		137562		331474		47563
196		137563		331852		47587
197		137558		332259		47613
198		137557		332660		47632
199		137543		333071		47627
200		137544		333447		47656
201		137537		333854		47640
202		137544		334215		47616
203		137533		334628		47589
204		137530		335024		47585
205		137527		335392		47603
206		137538		335787		47616
207		137545		336225		47621
208		137554		336614		47628
209		137548		337030		47625
210		137542		337423		47577
211		137534		337821		47591
212		137527		338217		47617
213		137542		338623		47638
214		137530		339017		47608
215		137543		339448		47636
216		137528		339811		47641
217		137538		340217		47631
218		137530		340589		47643
219		137534		341002		47612
220		137548		341445		47630
221		137533		341875		47642
222		137536		342295		47622
223		137543		342708		47630
224		137535		343094		47650
225		137535		343490		47636
226		137523		343894		47646
227		137529		344233		47648
228		137546		344640		47623
229		137568		345043		47648
230		137577		345471		47646
231		137576		345933		47650
232		137561		346329		47664
233		137565		346760		47641
234		137579		347223		47633
235		137566		347654		47635
236		137555		348054		47637
237		137568		348474		47640
238		137564		348899		47647
239		137552		349284		47657
240		137572		349664		47650
241		137569		350102		47609
242		137561		350504		47595
243		137554		350907		47609
244		137556		351295		47602
245		137561		351664		47593
246		137544		352085		47583
247		137553		352445		47601
248		137559		352846		47610
249		137539		353230		47590
250		137536		353621		47570
251		137536		353976		47557
252		137541		354358		47570
253		137538		354733		47590
254		137551		355112		47574
255		137555		355484		47605
256		137555		355848		47619
257		137558		356274		47633
258		137560		356687		47605
259		137550		357083		47624
260		137552		357462		47625
261		137575		357848		47615
262		137571		358256		47592
263		137562		358609		47597
264		137560		359002		47608
265		137546		359367		47606
266		137544		359758		47611
267		137538		360126		47585
268		137544		360530		47585
269		137545		360884		47575
270		137545		361258		47547
271		137556		361623		47551
272		137554		361997		47572
273		137546		362396		47554
274		137548		362756		47558
275		137548		363124		47550
276		137545		363508		47558
277		137546		363863		47593
278		137543		364224		47571
279		137535		364581		47575
280		137535		364938		47592
281		137543		365305		47588
282		137553		365672		47594
283		137553		366045		47595
284		137556		366455		47587
285		137569		366901		47635
286		137575		367311		47594
287		137574		367731		47616
288		137577		368156		47627
289		137565		368552		47631
290		137568		368945		47648
291		137557		369316		47606
292		137552		369721		47593
293		137548		370096		47582
294		137554		370480		47581
295		137543		370852		47579
296		137544		371239		47566
297		137542		371583		47573
298		137540		371955		47574
299		137542		372351		47595
300		137545		372738		47584
301		137533		373137		47582
302		137525		373492		47558
303		137533		373863		47578
304		137528		374267		47563
305		137527		374663		47585
306		137533		375064		47599
307		137533		375466		47613
308		137527		375820		47614
309		137540		376216		47594
310		137545		376599		47606
311		137543		376977		47624
312		137541		377354		47598
313		137539		377743		47605
314		137536		378153		47616
315		137530		378580		47602
316		137525		379001		47581
317		137527		379375		47581
318		137537		379778		47568
319		137547		380171		47562
320		137553		380558		47590
321		137543		380928		47583
322		137542		381307		47584
323		137541		381667		47578
324		137540		382015		47596
325		137539		382419		47609
326		137542		382804		47603
327		137537		383165		47603
328		137535		383527		47560
329		137541		383905		47565
330		137548		384293		47571
331		137551		384645		47573
332		137545		385040		47594
333		137540		385433		47602
334		137540		385783		47575
335		137545		386157		47567
336		137531		386569		47592
337		137526		386966		47584
338		137533		387365		47608
339		137535		387730		47616
340		137548		388102		47609
341		137538		388467		47586
342		137544		388835		47608
343		137540		389192		47617
344		137543		389553		47602
345		137553		389928		47602
346		137550		390354		47625
347		137544		390721		47595
348		137552		391099		47631
349		137550		391488		47636
350		137540		391835		47633
351		137547		392194		47629
352		137542		392568		47605
353		137536		392938		47615
354		137542		393316		47590
355		137555		393697		47602
356		137544		394097		47614
357		137534		394458		47645
358		137535		394814		47661
359		137531		395140		47661
360		137536		395486		47651
361		137538		395859		47657
362		137527		396221		47629
363		137534		396614		47633
364		137524		396995		47622
365		137530		397365		47653
366		137533		397735		47685
367		137536		398113		47695
368		137532		398507		47679
369		137538		398878		47676
370		137530		399258		47642
371		137521		399604		47649
372		137526		399964		47661
373		137538		400337		47661
374		137543		400702		47654
375		137556		401096		47644
376		137539		401456		47672
377		137546		401795		47694
378		137546		402160		47665
379		137530		402547		47654
380		137527		402899		47642
381		137530		403249		47635
382		137533		403588		47617
383		137532		403961		47599
384		137547		404328		47598
385		137538		404717		47594
386		137540		405121		47587
387		137539		405472		47596
388		137543		405837		47610
389		137544		406226		47632
390		137540		406615		47632
391		137540		407022		47635
392		137565		407398		47661
393		137553		407782		47660
394		137558		408172		47644
395		137558		408554		47643
396		137546		408920		47646
397		137552		409289		47661
398		137551		409680		47648
399		137546		410044		47654
400		137531		410376		47649
401		137539		410742		47661
402		137539		411091		47655
403		137544		411440		47636
404		137542		411766		47615
405		137544		412110		47597
406		137542		412464		47632
407		137558		412809		47631
408		137548		413222		47630
409		137569		413562		47625
410		137544		413933		47614
411		137548		414290		47625
412		137552		414669		47620
413		137557		415042		47598
414		137552		415427		47616
415		137549		415774		47606
416		137559		416120		47602
417		137558		416491		47626
418		137554		416887		47613
419		137544		417246		47614
420		137536		417585		47621
421		137536		417917		47605
422		137534		418281		47615
423		137545		418594		47611
424		137547		418931		47609
425		137541		419275		47615
426		137534		419633		47595
427		137542		419990		47593
428		137549		420326		47599
429		137542		420687		47608
430		137553		420999		47624
431		137550		421338		47610
432		137542		421680		47605
433		137556		422031		47612
434		137549		422372		47616
435		137552		422725		47613
436		137555		423086		47606
437		137551		423457		47611
438		137557		423815		47613
439		137563		424214		47628
440		137564		424594		47644
441		137560		424952		47652
442		137567		425289		47655
443		137563		425640		47647
444		137556		426007		47655
445		137551		426352		47673
446		137554		426685		47670
447		137543		427076		47679
448		137543		427419		47681
449		137540		427789		47664
450		137536		428126		47665
451		137543		428474		47630
452		137544		428834		47621
453		137552		429166		47633
454		137554		429545		47653
455		137540		429908		47662
456		137543		430270		47630
457		137550		430627		47624
458		137552		430984		47646
459		137559		431351		47649
460		137554		431714		47635
461		137544		432120		47642
462		137545		432507		47631
463		137556		432885		47649
464		137563		433265		47644
465		137559		433674		47610
466		137556		434037		47618
467		137550		434427		47640
468		137559		434831		47629
469		137556		435231		47644
470		137561		435621		47667
471		137561		435997		47648
472		137558		436420		47656
473		137550		436794		47650
474		137546		437166		47646
475		137553		437517		47649
476		137556		437900		47645
477		137550		438266		47622
478		137546		438655		47635
479		137546		439072		47616
480		137554		439435		47623
481		137537		439809		47602
482		137534		440156		47595
483		137524		440528		47606
484		137524		440882		47618
485		137522		441265		47632
486		137517		441636		47625
487		137517		441976		47627
488		137523		442342		47639
489		137527		442701		47642
490		137539		443118		47623
491		137526		443469		47626
492		137519		443808		47645
493		137517		444154		47623
494		137531		444534		47611
495		137526		444884		47604
496		137527		445246		47616
497		137523		445585		47618
498		137530		445936		47628
499		137523		446289		47638
500		137517		446623		47632
501		137521		446993		47632
502		137524		447335		47628
503		137526		447673		47630
504		137528		448022		47628
505		137515		448369		47623
506		137538		448752		47635
507		137530		449135		47619
508		137531		449502		47605
509		137545		449844		47626
510		137524		450169		47642
511		137520		450557		47630
512		137516		450932		47623
513		137517		451304		47634
514		137534		451656		47654
515		137533		452015		47679
516		137541		452429		47665
517		137526		452785		47649
518		137535		453176		47626
519		137518		453549		47637
520		137512		453922		47631
521		137518		454298		47595
522		137516		454633		47618
523		137519		455021		47615
524		137504		455368		47606
525		137514		455741		47605
526		137513		456114		47611
527		137514		456483		47625
528		137519		456841		47618
529		137515		457183		47615
530		137509		457551		47628
531		137520		457908		47625
532		137517		458289		47595
533		137520		458654		47602
534		137515		459049		47610
535		137514		459418		47630
536		137512		459758		47628
537		137519		460113		47632
538		137513		460471		47645
539		137523		460845		47635
540		137518		461192		47643
541		137521		461582		47652
542		137515		461933		47604
543		137522		462304		47586
544		137513		462642		47605
545		137517		462988		47604
546		137511		463310		47613
547		137524		463634		47588
548		137523		463989		47566
549		137521		464326		47564
550		137514		464669		47565
551		137516		464990		47566
552		137510		465326		47580
553		137510		465694		47606
554		137508		466048		47642
555		137518		466415		47631
556		137518		466819		47641
557		137510		467193		47629
558		137508		467523		47612
559		137507		467883		47603
560		137510		468230		47601
561		137504		468596		47590
562		137508		468936		47586
563		137502		469277		47591
564		137503		469593		47613
565		137503		469969		47600
566		137502		470305		47595
567		137498		470631		47578
568		137502		470968		47590
569		137510		471324		47611
570		137507		471682		47628
571		137506		472024		47615
572		137503		472366		47603
573		137514		472710		47593
574		137512		473049		47608
575		137511		473400		47627
576		137508		473745		47601
577		137500		474061		47583
578		137506		474397		47600
579		137503		474706		47589
580		137514		475045		47593
581		137511		475422		47606
582		137506		475768		47604
583		137518		476129		47614
584		137506		476467		47606
585		137512		476794		47608
586		137517		477150		47600
587		137508		477476		47602
588		137514		477825		47608
589		137513		478212		47601
590		137521		478600		47614
591		137520		478963		47642
592		137526		479339		47650
593		137525		479703		47638
594		137516		480089		47624
595		137520		480455		47618
596		137510		480852		47625
597		137511		481201		47634
598		137500		481539		47637
599		137510		481867		47626
600		137509		482188		47629
601		137510		482527		47629
602		137510		482882		47641
603		137518		483249		47622
604		137515		483614		47617
605		137514		483951		47616
606		137503		484276		47611
607		137503		484605		47601
608		137506		484968		47612
609		137509		485334		47617
610		137515		485687		47585
611		137506		486013		47609
612		137501		486321		47616
613		137500		486640		47597
614		137508		486942		47583
615		137518		487278		47631
616		137516		487628		47618
617		137514		487987		47622
618		137519		488346		47619
619		137508		488684		47620
620		137507		489033		47612
621		137505		489405		47611
622		137508		489736		47605
623		137507		490069		47606
624		137514		490414		47607
625		137513		490772		47586
626		137514		491143		47603
627		137515		491489		47605
628		137514		491832		47614
629		137524		492226		47578
630		137527		492608		47586
631		137515		492977		47577
632		137512		493303		47589
633		137525		493684		47599
634		137509		494046		47603
635		137516		494423		47576
636		137517		494785		47596
637		137518		495163		47574
638		137520		495507		47582
639		137521		495867		47589
640		137519		496221		47593
641		137510		496554		47610
642		137515		496901		47609
643		137520		497257		47625
644		137517		497617		47619
645		137504		497945		47625
646		137507		498308		47602
647		137516		498692		47612
648		137516		499056		47597
649		137517		499452		47600
650		137525		499812		47577
651		137523		500203		47598
652		137525		500574		47587
653		137524		500940		47604
654		137523		501305		47601
655		137516		501615		47619
656		137516		501970		47621
657		137512		502319		47623
658		137513		502636		47619
659		137507		502959		47594
660		137520		503324		47628
661		137528		503697		47635
662		137526		504066		47646
663		137529		504432		47643
664		137525		504803		47623
665		137532		505140		47629
666		137532		505499		47633
667		137532		505847		47648
668		137530		506187		47630
669		137529		506568		47650
670		137527		506934		47644
671		137531		507298		47624
672		137531		507659		47641
673		137524		508011		47648
674		137535		508390		47657
675		137526		508731		47667
676		137534		509076		47688
677		137535		509401		47689
678		137531		509753		47645
679		137546		510109		47645
680		137526		510482		47630
681		137526		510833		47640
682		137529		511160		47626
683		137532		511485		47645
684		137527		511831		47652
685		137531		512141		47640
686		137534		512496		47640
687		137544		512871		47644
688		137536		513222		47622
689		137543		513607		47622
690		137548		513993		47607
691		137537		514408		47617
692		137540		514762		47618
693		137529		515131		47628
694		137529		515474		47617
695		137528		515790		47600
696		137534		516158		47596
697		137538		516512		47598
698		137527		516884		47599
699		137532		517247		47583
700		137526		517609		47582
701		137525		517966		47576
702		137518		518298		47587
703		137525		518668		47593
704		137511		518992		47605
705		137514		519318		47621
706		137511		519667		47602
707		137515		519992		47610
708		137516		520309		47626
709		137519		520634		47587
710		137523		520992		47567
711		137522		521341		47594
712		137522		521643		47627
713		137519		521930		47641
714		137530		522264		47642
715		137529		522607		47664
716		137528		522961		47648
717		137525		523279		47635
718		137536		523650		47629
719		137544		524008		47649
720		137568		524339		47631
721		137549		524749		47633
722		137549		525122		47614
723		137556		525501		47631
724		137544		525843		47656
725		137543		526189		47661
726		137545		526569		47643
727		137533		526906		47672
728		137539		527272		47671
729		137542		527631		47676
730		137539		527983		47633
731		137536		528364		47599
732		137538		528727		47595
733		137540		529119		47584
734		137546		529515		47587
735		137541		529893		47598
736		137537		530269		47601
737		137528		530634		47603
738		137528		530981		47603
739		137531		531323		47609
740		137530		531703		47615
741		137522		532042		47632
742		137520		532424		47634
743		137523		532755		47634
744		137525		533052		47636
745		137534		533429		47628
746		137535		533771		47614
747		137526		534115		47607
748		137518		534450		47610
749		137516		534777		47612
750		137521		535152		47608
751		137514		535486		47627
752		137520		535824		47672
753		137525		536181		47648
754		137524		536517		47644
755		137527		536835		47649
756		137523		537218		47633
757		137533		537600		47627
758		137532		537932		47616
759		137528		538302		47593
760		137529		538680		47638
761		137523		539042		47604
762		137523		539432		47568
763		137519		539766		47579
764		137529		540119		47602
765		137528		540493		47613
766		137521		540862		47599
767		137516		541223		47596
768		137520		541589		47626
769		137528		541927		47630
770		137522		542266		47635
771		137522		542637		47604
772		137517		542958		47617
773		137525		543307		47606
774		137517		543652		47608
775		137514		544003		47606
776		137524		544363		47618
777		137524		544720		47639
778		137523		545062		47631
779		137510		545408		47608
780		137513		545753		47597
781		137510		546070		47599
782		137506		546425		47601
783		137515		546784		47621
784		137520		547139		47638
785		137527		547502		47656
786		137520		547868		47660
787		137527		548214		47680
788		137528		548586		47669
789		137526		548939		47647
790		137530		549322		47632
791		137523		549683		47636
792		137521		550024		47642
793		137516		550404		47663
794		137522		550764		47667
795		137522		551118		47682
796		137521		551466		47671
797		137530		551822		47664
798		137517		552186		47679
799		137516		552553		47660
800		137513		552909		47654
801		137517		553286		47650
802		137517		553657		47675
803		137522		553994		47667
804		137516		554338		47665
805		137518		554692		47638
806		137512		555034		47642
807		137512		555386		47653
808		137514		555753		47655
809		137509		556076		47625
810		137516		556446		47650
811		137523		556842		47625
812		137518		557207		47628
813		137514		557568		47646
814		137513		557897		47663
815		137515		558265		47675
816		137521		558640		47663
817		137515		559000		47654
818		137509		559385		47641
819		137514		559719		47649
820		137524		560085		47634
821		137516		560459		47623
822		137516		560809		47642
823		137519		561190		47641
824		137523		561542		47652
825		137527		561922		47646
826		137520		562245		47643
827		137510		562591		47649
828		137511		562934		47624
829		137514		563285		47612
830		137517		563645		47631
831		137523		563992		47636
832		137523		564344		47661
833		137518		564704		47638
834		137510		565064		47632
835		137507		565435		47617
836		137506		565776		47607
837		137521		566150		47578
838		137517		566484		47580
839		137510		566819		47584
840		137509		567154		47590
841		137504		567508		47583
842		137503		567856		47582
843		137504		568189		47571
844		137500		568540		47581
845		137504		568872		47562
846		137517		569184		47559
847		137521		569533		47547
848		137529		569935		47576
849		137524		570276		47567
850		137538		570634		47569
851		137532		570994		47562
852		137532		571361		47578
853		137527		571713		47579
854		137516		572086		47581
855		137521		572468		47612
856		137524		572853		47598
857		137529		573267		47595
858		137536		573648		47563
859		137529		573999		47571
860		137522		574357		47563
861		137523		574734		47554
862		137522		575071		47596
863		137517		575424		47617
864		137521		575764		47622
865		137527		576115		47609
866		137517		576460		47619
867		137520		576815		47615
868		137525		577194		47632
869		137521		577583		47649
870		137513		577944		47637
871		137515		578297		47619
872		137516		578663		47626
873		137514		579032		47613
874		137522		579364		47625
875		137526		579742		47613
876		137520		580103		47602
877		137513		580450		47593
878		137520		580823		47598
879		137521		581179		47611
880		137521		581509		47614
881		137521		581847		47642
882		137524		582169		47630
883		137523		582501		47637
884		137523		582847		47625
885		137517		583183		47615
886		137520		583537		47587
887		137522		583873		47592
888		137514		584232		47585
889		137522		584594		47591
890		137518		584918		47603
891		137521		585261		47627
892		137519		585610		47615
893		137520		585942		47623
894		137521		586268		47623
895		137511		586639		47618
896		137517		587008		47636
897		137516		587382		47657
898		137519		587753		47648
899		137525		588126		47650
900		137518		588508		47653
901		137530		588887		47591
902		137515		589264		47614
903		137512		589622		47628
904		137507		589943		47646
905		137515		590319		47635
906		137516		590637		47622
907		137517		590979		47605
908		137517		591322		47594
909		137518		591656		47577
910		137521		591988		47569
911		137521		592344		47623
912		137527		592695		47601
913		137528		593074		47588
914		137523		593435		47580
915		137533		593743		47594
916		137525		594069		47579
917		137525		594422		47594
918		137522		594756		47591
919		137517		595096		47597
920		137513		595429		47593
921		137520		595783		47596
922		137521		596131		47629
923		137514		596474		47597
924		137519		596819		47591
925		137523		597154		47596
926		137522		597515		47632
927		137528		597895		47653
928		137537		598285		47633
929		137519		598650		47639
930		137522		599016		47650
931		137516		599336		47648
932		137511		599677		47648
933		137509		600007		47657
934		137520		600361		47667
935		137521		600755		47653
936		137524		601121		47641
937		137522		601481		47635
938		137529		601839		47639
939		137530		602173		47620
940		137523		602525		47637
941		137517		602888		47627
942		137540		603276		47634
943		137530		603634		47654
944		137529		603971		47640
945		137520		604319		47635
946		137522		604673		47629
947		137523		605054		47612
948		137522		605433		47594
949		137519		605734		47640
950		137519		606056		47633
951		137523		606377		47643
952		137521		606716		47635
953		137508		607075		47618
954		137507		607430		47618
955		137525		607789		47618
956		137512		608127		47614
957		137513		608441		47603
958		137511		608785		47611
959		137513		609105		47607
960		137522		609470		47643
961		137520		609843		47643
962		137519		610195		47624
963		137528		610572		47603
964		137527		610937		47622
965		137527		611285		47618
966		137521		611649		47618
967		137530		612002		47609
968		137528		612349		47601
969		137528		612682		47597
970		137534		613065		47603
971		137527		613420		47592
972		137525		613761		47598
973		137529		614138		47599
974		137529		614479		47601
975		137526		614821		47598
976		137513		615160		47608
977		137520		615510		47580
978		137530		615893		47595
979		137517		616210		47577
980		137521		616547		47573
981		137520		616888		47582
982		137527		617245		47584
983		137523		617610		47568
984		137531		617949		47586
985		137523		618327		47556
986		137517		618704		47555
987		137518		619058		47570
988		137513		619419		47598
989		137509		619745		47597
990		137512		620074		47584
991		137515		620417		47600
992		137521		620807		47573
993		137522		621176		47574
994		137517		621524		47561
995		137522		621895		47580
996		137521		622261		47595
997		137521		622599		47593
998		137529		622956		47596
999		137534		623320		47598
