# Migration is number of nodes that have changed color.

Round		Edge-Cut		Swaps		Migrations		Skipped
0		389433		52963		47533
1		248653		88389		46764
2		200065		111567		47055
3		181795		127654		47297
4		172939		139708		47294
5		167738		149260		47481
6		163906		157154		47409
7		161471		163822		47434
8		159927		169309		47527
9		158692		174112		47482
10		157735		178446		47435
11		157111		182279		47497
12		156298		185861		47511
13		155533		189113		47469
14		154842		192245		47537
15		154284		194958		47593
16		153971		197390		47566
17		153689		199693		47574
18		153467		202022		47516
19		153246		204274		47485
20		152969		206594		47511
21		151265		209307		47575
22		150504		211847		47569
23		150017		214162		47613
24		149602		216361		47592
25		149298		218366		47608
26		149071		220350		47621
27		148867		222203		47629
28		148652		224060		47592
29		148473		225693		47616
30		148309		227190		47589
31		148161		228597		47566
32		148027		230016		47572
33		147952		231339		47605
34		147913		232593		47582
35		147781		233889		47592
36		147720		235106		47578
37		147631		236261		47620
38		147521		237245		47589
39		147459		238192		47571
40		147382		239175		47589
41		147341		240087		47591
42		147300		240970		47592
43		147268		241860		47550
44		147266		242735		47582
45		147212		243596		47585
46		147163		244473		47563
47		147121		245255		47586
48		147100		246076		47568
49		147055		246883		47593
50		147043		247663		47603
51		147022		248444		47620
52		146981		249203		47638
53		146967		249887		47608
54		146932		250603		47594
55		146909		251314		47555
56		146914		252013		47577
57		146881		252671		47569
58		146877		253321		47562
59		146864		253969		47573
60		146848		254594		47556
61		146802		255215		47530
62		146802		255842		47534
63		146798		256420		47550
64		146792		257005		47559
65		146766		257580		47565
66		146760		258141		47572
67		146758		258677		47549
68		146750		259255		47544
69		146729		259832		47534
70		146707		260359		47531
71		146722		260904		47500
72		146724		261495		47528
73		146693		262060		47524
74		146688		262651		47537
75		146681		263188		47553
76		146684		263746		47561
77		146672		264293		47595
78		146688		264845		47575
79		146678		265392		47531
80		146673		265909		47539
81		146666		266444		47545
82		146662		266976		47546
83		146649		267494		47562
84		146647		267968		47610
85		146647		268453		47610
86		146643		268942		47603
87		146637		269469		47566
88		146631		270030		47555
89		146619		270510		47553
90		146618		271051		47543
91		146616		271630		47553
92		146629		272182		47537
93		146617		272714		47514
94		146612		273233		47520
95		146620		273765		47499
96		146636		274269		47494
97		146612		274793		47506
98		146611		275360		47510
99		146604		275897		47535
100		146604		276378		47527
101		146589		276874		47513
102		146577		277364		47510
103		146584		277851		47552
104		146578		278317		47559
105		146574		278821		47550
106		146583		279318		47567
107		146589		279856		47588
108		146572		280365		47581
109		146559		280831		47583
110		146562		281348		47585
111		146561		281828		47563
112		146554		282328		47534
113		146540		282834		47495
114		146529		283324		47483
115		146535		283805		47508
116		146543		284308		47547
117		146539		284803		47539
118		146527		285271		47528
119		146530		285748		47567
120		146533		286249		47545
121		146530		286747		47553
122		146526		287217		47556
123		146536		287710		47555
124		146539		288183		47542
125		146539		288658		47579
126		146525		289108		47575
127		146528		289564		47550
128		146530		290052		47550
129		146530		290506		47559
130		146528		290962		47564
131		146537		291433		47577
132		146537		291885		47579
133		146536		292378		47587
134		146541		292836		47603
135		146537		293334		47620
136		146532		293805		47619
137		146525		294266		47619
138		146522		294709		47589
139		146514		295179		47614
140		146523		295611		47618
141		146522		296080		47633
142		146516		296563		47629
143		146510		297033		47635
144		146513		297487		47639
145		146524		297973		47628
146		146514		298457		47614
147		146504		298942		47627
148		146504		299390		47622
149		146494		299833		47598
150		146482		300248		47610
151		146484		300668		47623
152		146492		301151		47626
153		146493		301620		47623
154		146481		302084		47616
155		146488		302575		47595
156		146489		303022		47582
157		146473		303496		47562
158		146474		303949		47545
159		146469		304364		47580
160		146464		304833		47570
161		146474		305251		47591
162		146469		305707		47578
163		146472		306186		47583
164		146478		306649		47574
165		146478		307127		47585
166		146476		307577		47588
167		146455		308048		47581
168		146475		308514		47554
169		146461		308971		47597
170		146450		309443		47609
171		146461		309857		47632
172		146449		310312		47599
173		146448		310759		47586
174		146457		311225		47562
175		146461		311685		47562
176		146462		312159		47598
177		146473		312616		47558
178		146459		313081		47583
179		146459		313544		47566
180		146466		314018		47568
181		146467		314496		47583
182		146470		314972		47565
183		146458		315422		47539
184		146468		315880		47554
185		146471		316353		47570
186		146463		316800		47570
187		146455		317265		47595
188		146453		317747		47575
189		146458		318190		47590
190		146465		318729		47568
191		146457		319239		47587
192		146456		319675		47573
193		146465		320102		47597
194		146449		320590		47582
195		146442		321085		47612
196		146449		321550		47574
197		146436		322015		47579
198		146439		322455		47569
199		146437		322874		47551
200		146437		323315		47536
201		146441		323770		47523
202		146440		324193		47549
203		146432		324660		47538
204		146440		325127		47563
205		146447		325603		47550
206		146448		326076		47560
207		146435		326552		47588
208		146433		327006		47586
209		146432		327485		47571
210		146431		327940		47563
211		146429		328376		47579
212		146430		328805		47564
213		146435		329268		47552
214		146444		329736		47537
215		146431		330212		47568
216		146437		330692		47602
217		146444		331139		47596
218		146439		331606		47599
219		146426		332070		47573
220		146429		332535		47598
221		146441		333008		47567
222		146432		333439		47590
223		146430		333902		47568
224		146429		334366		47609
225		146432		334824		47594
226		146424		335281		47589
227		146412		335756		47608
228		146429		336218		47616
229		146420		336668		47640
230		146428		337148		47636
231		146429		337637		47626
232		146432		338114		47609
233		146385		338607		47619
234		146319		339124		47628
235		146252		339672		47660
236		146155		340278		47654
237		146079		340874		47662
238		146043		341472		47659
239		145991		342085		47656
240		145915		342668		47651
241		145889		343227		47676
242		145875		343766		47645
243		145840		344277		47685
244		145843		344808		47673
245		145826		345308		47640
246		145825		345865		47634
247		145815		346425		47617
248		145806		346898		47632
249		145803		347375		47634
250		145795		347869		47620
251		145793		348309		47638
252		145797		348818		47649
253		145798		349286		47673
254		145792		349795		47652
255		145795		350306		47641
256		145795		350792		47684
257		145791		351248		47658
258		145782		351768		47637
259		145788		352254		47650
260		145791		352730		47633
261		145784		353220		47634
262		145783		353737		47650
263		145781		354202		47642
264		145769		354712		47689
265		145778		355191		47688
266		145785		355697		47678
267		145791		356194		47673
268		145785		356677		47703
269		145784		357214		47677
270		145774		357777		47677
271		145769		358286		47669
272		145770		358794		47671
273		145773		359330		47659
274		145777		359797		47673
275		145775		360302		47675
276		145773		360833		47669
277		145777		361287		47664
278		145771		361783		47686
279		145767		362266		47702
280		145771		362810		47670
281		145772		363329		47691
282		145764		363811		47690
283		145771		364264		47687
284		145762		364746		47682
285		145761		365289		47664
286		145761		365799		47648
287		145771		366278		47621
288		145760		366771		47626
289		145752		367258		47621
290		145757		367754		47649
291		145753		368264		47640
292		145759		368763		47628
293		145760		369279		47625
294		145736		369778		47611
295		145729		370277		47585
296		145733		370807		47604
297		145737		371300		47611
298		145732		371811		47597
299		145727		372293		47571
300		145732		372806		47561
301		145725		373298		47572
302		145726		373814		47618
303		145724		374268		47592
304		145726		374780		47559
305		145724		375280		47579
306		145721		375759		47570
307		145721		376207		47553
308		145729		376670		47600
309		145734		377137		47597
310		145734		377635		47589
311		145730		378113		47609
312		145729		378637		47629
313		145721		379109		47643
314		145718		379598		47664
315		145712		380117		47671
316		145712		380586		47656
317		145707		381060		47614
318		145713		381559		47613
319		145698		382056		47638
320		145712		382495		47648
321		145697		382949		47648
322		145706		383425		47648
323		145695		383889		47654
324		145694		384337		47620
325		145677		384778		47628
326		145684		385226		47648
327		145688		385748		47611
328		145687		386183		47623
329		145673		386637		47614
330		145684		387093		47613
331		145680		387554		47629
332		145683		388011		47640
333		145689		388492		47635
334		145682		388916		47635
335		145675		389355		47655
336		145683		389814		47680
337		145693		390304		47663
338		145687		390808		47691
339		145695		391253		47670
340		145697		391716		47688
341		145692		392207		47677
342		145694		392653		47678
343		145683		393118		47677
344		145686		393565		47686
345		145681		394015		47671
346		145680		394501		47647
347		145676		394981		47651
348		145680		395400		47643
349		145674		395857		47657
350		145682		396342		47632
351		145682		396790		47664
352		145664		397269		47645
353		145666		397693		47617
354		145671		398117		47639
355		145666		398593		47645
356		145679		399072		47636
357		145678		399518		47608
358		145684		400013		47640
359		145691		400485		47635
360		145693		400988		47648
361		145694		401457		47652
362		145697		401959		47633
363		145696		402493		47641
364		145704		402966		47626
365		145691		403442		47611
366		145699		403923		47657
367		145690		404434		47652
368		145696		404886		47648
369		145693		405356		47613
370		145696		405876		47620
371		145707		406380		47649
372		145707		406876		47651
373		145704		407340		47623
374		145691		407819		47628
375		145688		408311		47655
376		145694		408807		47642
377		145706		409221		47635
378		145700		409743		47613
379		145695		410222		47634
380		145705		410705		47599
381		145713		411182		47629
382		145715		411669		47647
383		145708		412178		47628
384		145697		412640		47612
385		145704		413135		47628
386		145707		413572		47615
387		145704		414034		47620
388		145713		414492		47610
389		145706		414980		47601
390		145706		415444		47605
391		145709		415894		47623
392		145705		416363		47601
393		145707		416821		47625
394		145709		417314		47636
395		145710		417822		47629
396		145707		418339		47617
397		145719		418865		47636
398		145697		419349		47624
399		145703		419855		47632
400		145695		420324		47631
401		145691		420778		47623
402		145689		421291		47637
403		145692		421770		47623
404		145692		422227		47598
405		145678		422702		47576
406		145674		423120		47575
407		145678		423571		47569
408		145684		424035		47575
409		145679		424513		47586
410		145683		424978		47596
411		145683		425454		47634
412		145677		425945		47645
413		145693		426454		47647
414		145699		426940		47634
415		145690		427408		47627
416		145694		427895		47602
417		145687		428385		47605
418		145691		428827		47625
419		145696		429323		47582
420		145700		429836		47605
421		145699		430314		47600
422		145707		430786		47584
423		145698		431218		47595
424		145684		431665		47583
425		145695		432151		47589
426		145671		432614		47600
427		145684		433078		47618
428		145679		433568		47611
429		145686		434052		47615
430		145692		434528		47600
431		145696		434987		47593
432		145680		435481		47594
433		145680		435962		47606
434		145675		436410		47618
435		145667		436855		47602
436		145668		437335		47624
437		145668		437780		47607
438		145670		438262		47609
439		145656		438733		47622
440		145655		439183		47597
441		145675		439664		47579
442		145670		440139		47589
443		145672		440617		47592
444		145680		441121		47598
445		145680		441603		47594
446		145666		442095		47622
447		145675		442528		47592
448		145689		443024		47595
449		145690		443501		47591
450		145669		443990		47570
451		145673		444472		47555
452		145674		444954		47576
453		145666		445384		47595
454		145666		445852		47625
455		145667		446318		47622
456		145664		446765		47621
457		145666		447230		47628
458		145658		447669		47637
459		145661		448151		47630
460		145661		448626		47650
461		145657		449080		47628
462		145658		449508		47642
463		145659		449957		47644
464		145660		450422		47626
465		145664		450900		47625
466		145672		451337		47615
467		145664		451776		47609
468		145673		452251		47616
469		145671		452726		47597
470		145670		453187		47595
471		145686		453655		47590
472		145671		454115		47578
473		145669		454594		47587
474		145673		455024		47615
475		145689		455502		47610
476		145692		455971		47608
477		145690		456446		47619
478		145691		456892		47606
479		145674		457383		47591
480		145685		457845		47607
481		145686		458297		47626
482		145692		458782		47631
483		145682		459248		47639
484		145678		459722		47634
485		145680		460198		47640
486		145670		460675		47626
487		145672		461094		47613
488		145679		461572		47611
489		145669		462065		47636
490		145673		462547		47602
491		145671		462982		47613
492		145671		463471		47614
493		145667		463941		47608
494		145671		464371		47586
495		145668		464835		47577
496		145667		465312		47556
497		145664		465746		47580
498		145677		466174		47572
499		145675		466591		47604
500		145672		467067		47610
501		145672		467505		47595
502		145670		467939		47601
503		145674		468403		47585
504		145670		468856		47613
505		145669		469302		47637
506		145664		469732		47629
507		145662		470208		47632
508		145672		470654		47615
509		145669		471133		47619
510		145671		471601		47632
511		145663		472065		47614
512		145671		472495		47620
513		145662		472915		47609
514		145669		473360		47605
515		145668		473805		47598
516		145671		474242		47594
517		145680		474676		47604
518		145666		475142		47627
519		145671		475608		47607
520		145672		476049		47616
521		145677		476526		47619
522		145680		477013		47608
523		145674		477454		47619
524		145677		477904		47634
525		145680		478339		47638
526		145690		478775		47657
527		145699		479282		47626
528		145693		479766		47640
529		145697		480244		47655
530		145686		480737		47658
531		145673		481243		47620
532		145671		481713		47629
533		145676		482167		47638
534		145672		482636		47609
535		145683		483114		47643
536		145677		483592		47636
537		145663		484051		47644
538		145658		484500		47616
539		145653		484938		47627
540		145660		485403		47643
541		145645		485866		47647
542		145642		486300		47645
543		145642		486754		47648
544		145654		487228		47627
545		145664		487708		47627
546		145657		488184		47624
547		145654		488668		47629
548		145652		489128		47633
549		145661		489587		47643
550		145652		490060		47645
551		145647		490502		47645
552		145650		490941		47633
553		145647		491385		47612
554		145642		491810		47591
555		145644		492257		47594
556		145639		492708		47643
557		145647		493177		47614
558		145647		493611		47617
559		145641		494064		47577
560		145631		494485		47600
561		145638		494949		47606
562		145636		495395		47622
563		145640		495847		47622
564		145657		496348		47661
565		145660		496829		47636
566		145659		497351		47626
567		145659		497853		47641
568		145661		498321		47640
569		145646		498753		47641
570		145651		499230		47635
571		145638		499694		47650
572		145642		500175		47619
573		145643		500666		47616
574		145639		501095		47584
575		145638		501546		47576
576		145640		502027		47588
577		145648		502474		47611
578		145652		502922		47608
579		145659		503416		47645
580		145640		503888		47650
581		145649		504382		47642
582		145641		504847		47650
583		145636		505352		47606
584		145638		505795		47626
585		145644		506260		47653
586		145653		506712		47664
587		145650		507182		47662
588		145649		507603		47634
589		145640		508077		47643
590		145634		508559		47648
591		145642		509028		47624
592		145629		509488		47629
593		145636		509942		47662
594		145642		510437		47625
595		145632		510907		47586
596		145643		511384		47576
597		145646		511895		47575
598		145645		512374		47582
599		145649		512865		47616
600		145645		513356		47622
601		145646		513841		47606
602		145646		514283		47630
603		145633		514767		47619
604		145633		515251		47605
605		145644		515713		47580
606		145646		516216		47573
607		145643		516682		47565
608		145642		517150		47572
609		145658		517638		47589
610		145651		518101		47593
611		145657		518575		47607
612		145657		519056		47580
613		145673		519515		47591
614		145664		520001		47607
615		145653		520486		47605
616		145646		520934		47630
617		145644		521387		47606
618		145653		521854		47618
619		145640		522334		47594
620		145651		522806		47586
621		145641		523302		47605
622		145643		523754		47610
623		145649		524234		47625
624		145643		524718		47611
625		145645		525199		47599
626		145641		525699		47628
627		145645		526179		47594
628		145663		526676		47623
629		145642		527134		47620
630		145629		527595		47624
631		145646		528084		47631
632		145635		528538		47616
633		145646		528988		47636
634		145647		529456		47638
635		145653		529924		47620
636		145647		530393		47602
637		145649		530905		47623
638		145645		531374		47639
639		145642		531861		47646
640		145642		532334		47634
641		145634		532797		47651
642		145632		533275		47630
643		145632		533715		47647
644		145628		534172		47633
645		145638		534639		47638
646		145633		535113		47637
647		145623		535557		47630
648		145633		536029		47608
649		145636		536504		47652
650		145637		537003		47645
651		145632		537465		47648
652		145617		537925		47635
653		145624		538368		47647
654		145635		538843		47629
655		145650		539350		47617
656		145638		539874		47632
657		145638		540362		47641
658		145638		540854		47683
659		145642		541341		47683
660		145637		541820		47668
661		145640		542305		47631
662		145631		542806		47606
663		145630		543295		47597
664		145634		543774		47605
665		145631		544242		47654
666		145637		544722		47625
667		145638		545207		47625
668		145635		545664		47643
669		145649		546170		47589
670		145637		546683		47613
671		145632		547215		47614
672		145635		547724		47615
673		145633		548213		47621
674		145639		548680		47626
675		145640		549156		47610
676		145630		549630		47578
677		145635		550101		47582
678		145626		550619		47591
679		145626		551102		47594
680		145634		551530		47597
681		145630		552020		47587
682		145632		552529		47591
683		145637		553014		47610
684		145625		553449		47593
685		145620		553922		47594
686		145635		554405		47600
687		145622		554920		47593
688		145615		555406		47581
689		145610		555843		47584
690		145610		556289		47597
691		145621		556768		47575
692		145613		557221		47579
693		145606		557681		47581
694		145604		558137		47608
695		145603		558580		47580
696		145605		559026		47605
697		145611		559517		47614
698		145607		559968		47642
699		145604		560401		47660
700		145614		560833		47661
701		145609		561296		47628
702		145620		561768		47610
703		145623		562255		47622
704		145609		562732		47598
705		145609		563202		47604
706		145599		563657		47617
707		145603		564146		47655
708		145600		564561		47623
709		145610		565033		47583
710		145617		565470		47581
711		145606		565928		47594
712		145607		566380		47625
713		145610		566849		47617
714		145626		567336		47617
715		145618		567767		47631
716		145627		568233		47654
717		145620		568690		47626
718		145619		569159		47633
719		145617		569625		47633
720		145613		570055		47648
721		145632		570482		47623
722		145636		570963		47638
723		145630		571433		47627
724		145626		571913		47626
725		145629		572384		47581
726		145640		572909		47602
727		145631		573392		47625
728		145641		573874		47636
729		145647		574353		47649
730		145636		574848		47653
731		145636		575275		47631
732		145648		575729		47630
733		145643		576196		47631
734		145643		576707		47624
735		145646		577180		47599
736		145640		577674		47623
737		145654		578176		47648
738		145648		578648		47637
739		145654		579150		47630
740		145643		579648		47631
741		145639		580132		47660
742		145650		580615		47663
743		145637		581116		47680
744		145632		581613		47664
745		145638		582097		47644
746		145635		582583		47641
747		145642		583079		47633
748		145636		583559		47662
749		145636		584040		47697
750		145630		584528		47650
751		145630		585005		47648
752		145631		585478		47669
753		145629		585971		47657
754		145646		586457		47653
755		145624		586905		47650
756		145649		587406		47662
757		145633		587888		47655
758		145635		588342		47646
759		145628		588803		47638
760		145628		589275		47608
761		145628		589731		47570
762		145627		590227		47594
763		145633		590747		47599
764		145624		591254		47591
765		145627		591734		47532
766		145625		592222		47559
767		145627		592639		47567
768		145637		593151		47600
769		145624		593594		47589
770		145616		594026		47608
771		145620		594476		47590
772		145614		594950		47561
773		145625		595425		47610
774		145624		595899		47618
775		145621		596377		47597
776		145630		596866		47617
777		145616		597313		47618
778		145620		597783		47648
779		145621		598275		47634
780		145642		598743		47639
781		145640		599220		47629
782		145646		599686		47619
783		145649		600175		47611
784		145636		600662		47629
785		145648		601145		47613
786		145642		601646		47618
787		145633		602152		47623
788		145643		602679		47645
789		145641		603139		47635
790		145658		603628		47608
791		145641		604126		47626
792		145636		604606		47606
793		145641		605123		47595
794		145642		605586		47605
795		145641		606049		47594
796		145636		606497		47605
797		145639		606981		47648
798		145626		607476		47625
799		145618		607933		47642
800		145619		608389		47630
801		145634		608884		47609
802		145625		609344		47642
803		145623		609816		47646
804		145630		610323		47625
805		145637		610783		47654
806		145618		611251		47612
807		145622		611689		47651
808		145622		612167		47633
809		145629		612619		47611
810		145628		613094		47623
811		145618		613553		47610
812		145619		614000		47609
813		145621		614467		47595
814		145626		614954		47592
815		145617		615444		47600
816		145634		615908		47632
817		145619		616418		47634
818		145622		616918		47644
819		145627		617384		47648
820		145627		617897		47638
821		145629		618380		47640
822		145620		618835		47658
823		145615		619301		47682
824		145613		619756		47642
825		145618		620258		47610
826		145619		620735		47628
827		145635		621203		47611
828		145625		621685		47599
829		145620		622223		47612
830		145615		622703		47632
831		145623		623148		47604
832		145612		623614		47636
833		145608		624097		47629
834		145614		624568		47632
835		145613		625046		47634
836		145613		625479		47598
837		145608		625962		47603
838		145612		626431		47625
839		145603		626896		47607
840		145617		627382		47598
841		145614		627831		47611
842		145622		628263		47614
843		145620		628727		47613
844		145633		629198		47630
845		145633		629672		47593
846		145626		630140		47595
847		145631		630627		47596
848		145611		631108		47611
849		145614		631625		47597
850		145628		632080		47574
851		145635		632622		47544
852		145635		633142		47567
853		145633		633675		47562
854		145628		634150		47576
855		145628		634609		47584
856		145618		635073		47568
857		145610		635601		47565
858		145603		636075		47532
859		145602		636572		47571
860		145603		637044		47600
861		145596		637532		47623
862		145598		638022		47603
863		145597		638481		47615
864		145596		638977		47640
865		145597		639457		47625
866		145602		639915		47622
867		145598		640421		47609
868		145593		640883		47629
869		145593		641353		47618
870		145611		641804		47596
871		145598		642261		47593
872		145598		642703		47609
873		145599		643202		47629
874		145600		643689		47649
875		145609		644145		47626
876		145609		644659		47623
877		145611		645141		47595
878		145611		645650		47609
879		145596		646129		47595
880		145600		646615		47601
881		145586		647016		47600
882		145582		647412		47589
883		145587		647845		47599
884		145585		648296		47626
885		145575		648736		47654
886		145584		649175		47612
887		145593		649614		47646
888		145591		650059		47631
889		145591		650479		47639
890		145583		650925		47627
891		145585		651372		47602
892		145588		651821		47608
893		145581		652268		47606
894		145585		652735		47589
895		145580		653161		47588
896		145581		653612		47582
897		145597		654076		47603
898		145596		654541		47589
899		145588		655011		47603
900		145592		655454		47615
901		145598		655935		47599
902		145594		656371		47609
903		145584		656817		47611
904		145585		657235		47617
905		145573		657688		47618
906		145580		658137		47625
907		145579		658587		47587
908		145582		659030		47579
909		145571		659501		47607
910		145579		659918		47638
911		145571		660373		47639
912		145572		660780		47646
913		145582		661253		47619
914		145583		661730		47630
915		145577		662184		47590
916		145578		662648		47595
917		145599		663089		47568
918		145593		663562		47611
919		145586		664029		47614
920		145589		664489		47607
921		145583		664945		47627
922		145590		665391		47639
923		145600		665817		47622
924		145612		666289		47636
925		145601		666751		47652
926		145594		667226		47663
927		145587		667662		47628
928		145582		668112		47646
929		145583		668549		47623
930		145585		668998		47605
931		145587		669442		47638
932		145582		669893		47618
933		145583		670343		47599
934		145576		670788		47590
935		145558		671284		47586
936		145565		671675		47594
937		145570		672138		47597
938		145575		672612		47637
939		145575		673065		47641
940		145568		673562		47616
941		145565		674010		47654
942		145557		674447		47645
943		145548		674879		47648
944		145563		675341		47611
945		145563		675808		47642
946		145559		676297		47601
947		145562		676757		47624
948		145554		677231		47604
949		145554		677691		47591
950		145550		678142		47612
951		145560		678616		47615
952		145547		679072		47603
953		145558		679493		47598
954		145558		679975		47622
955		145558		680446		47617
956		145570		680924		47614
957		145564		681395		47631
958		145569		681931		47607
959		145557		682396		47600
960		145561		682905		47593
961		145556		683362		47584
962		145550		683817		47591
963		145529		684252		47584
964		145532		684685		47587
965		145536		685124		47594
966		145536		685562		47603
967		145537		686031		47600
968		145535		686458		47598
969		145531		686875		47576
970		145533		687366		47578
971		145545		687860		47614
972		145544		688261		47637
973		145532		688729		47633
974		145530		689180		47628
975		145526		689642		47598
976		145529		690101		47610
977		145538		690545		47601
978		145531		691010		47612
979		145541		691462		47626
980		145535		691890		47597
981		145537		692301		47575
982		145532		692712		47603
983		145527		693186		47585
984		145519		693603		47601
985		145524		694086		47617
986		145536		694519		47617
987		145535		694984		47611
988		145541		695425		47649
989		145533		695941		47645
990		145535		696377		47641
991		145532		696817		47589
992		145526		697251		47569
993		145527		697705		47566
994		145533		698144		47592
995		145543		698590		47595
996		145524		699055		47592
997		145525		699509		47615
998		145523		699955		47588
999		145525		700393		47601
