# Migration is number of nodes that have changed color.

Round		Edge-Cut		Swaps		Migrations		Skipped
0		610683		63720		54883
1		611702		127442		46890
2		611501		191164		47900
3		611182		254880		47288
4		610932		318608		47695
5		611259		382328		47534
6		610681		446050		47590
7		610609		509771		47675
8		610347		573484		47694
9		610448		637208		47739
10		611105		700931		47820
11		611600		764653		47475
12		610844		828370		47558
13		610912		892087		47638
14		610464		955802		47418
15		610947		1019524		47736
16		610830		1083244		47720
17		610333		1146957		47712
18		611175		1210677		47766
19		610306		1274390		47516
20		610925		1338108		47724
21		610653		1401822		47693
22		610572		1465542		47703
23		610598		1529261		47485
24		610512		1592982		47447
25		610963		1656706		47627
26		611485		1720424		47537
27		611458		1784143		47727
28		610093		1847863		47791
29		610726		1911576		47378
30		610726		1975299		47510
31		610579		2039013		47456
32		611001		2102731		47662
33		610595		2166448		47718
34		611285		2230158		47663
35		610684		2293870		47629
36		610700		2357589		47429
37		610651		2421305		47589
38		611099		2485026		47439
39		610981		2548741		47590
40		611324		2612462		47659
41		610820		2676186		47716
42		610953		2739902		47649
43		611657		2803620		47598
44		611335		2867343		47573
45		610823		2931053		47801
46		611071		2994770		47478
47		611685		3058487		47578
48		611041		3122201		47583
49		611118		3185924		47730
50		611357		3249639		47457
51		610480		3313360		47543
52		611544		3377077		47696
53		610632		3440794		47621
54		610327		3504512		47735
55		610549		3568234		47618
56		611178		3631953		47436
57		610385		3695668		47684
58		611776		3759382		47677
59		611318		3823100		47519
60		610454		3886821		47643
61		610847		3950539		47589
62		611428		4014263		47560
63		610425		4077983		47631
64		610255		4141697		47650
65		610426		4205416		47528
66		610738		4269137		47613
67		610409		4332850		47566
68		611209		4396567		47725
69		611178		4460282		47685
70		610716		4524001		47656
71		610517		4587721		47779
72		611488		4651445		47440
73		611127		4715167		47672
74		610436		4778887		47695
75		611269		4842606		47595
76		611127		4906327		47550
77		609825		4970046		47616
78		610218		5033766		47730
79		611193		5097481		47572
80		611210		5161196		47751
81		610700		5224914		47715
82		610721		5288629		47542
83		611532		5352351		47769
84		610894		5416071		47651
85		610560		5479784		47369
86		610693		5543504		47736
87		610863		5607221		47679
88		609551		5670939		47779
89		610553		5734650		47579
90		611063		5798361		47512
91		610623		5862085		47493
92		610183		5925804		47658
93		610778		5989525		47634
94		610298		6053240		47737
95		610943		6116952		47636
96		611500		6180670		47851
97		611234		6244391		47584
98		611513		6308105		47583
99		610248		6371821		47684
100		610504		6435540		47583
101		611248		6499262		47786
102		611002		6562982		47682
103		611542		6626695		47580
104		610539		6690415		47808
105		610471		6754134		47646
106		612103		6817859		47627
107		610644		6881578		47611
108		611168		6945300		47704
109		609951		7009016		47624
110		611330		7072736		47716
111		611332		7136458		47615
112		610902		7200178		47694
113		610430		7263892		47557
114		610666		7327609		47523
115		610563		7391326		47724
116		611210		7455046		47658
117		611752		7518768		47638
118		611175		7582494		47790
119		610463		7646209		47472
120		611505		7709927		47784
121		611209		7773647		47565
122		610570		7837369		47527
123		610515		7901091		47867
124		610037		7964809		47569
125		610342		8028520		47686
126		611048		8092236		47873
127		610309		8155951		47612
128		611030		8219669		47634
129		610825		8283391		47569
130		610507		8347110		47941
131		611175		8410834		47660
132		611347		8474552		47519
133		611087		8538270		47807
134		609951		8601988		47701
135		611115		8665712		47775
136		610893		8729432		47842
137		610804		8793149		47723
138		610826		8856868		47820
139		610571		8920587		47578
140		611327		8984304		47758
141		610980		9048025		47705
142		610661		9111742		47841
143		610784		9175460		47530
144		611056		9239179		47826
145		611233		9302899		47397
146		610417		9366627		47665
147		610470		9430341		47700
148		611199		9494058		47776
149		610639		9557775		47681
150		611168		9621495		47708
151		610747		9685212		47665
152		610603		9748925		47717
153		611331		9812645		47816
154		611067		9876361		47695
155		611725		9940080		47582
156		610721		10003797		47664
157		610984		10067510		47661
158		611023		10131227		47883
159		610851		10194935		47546
160		610460		10258657		47692
161		610470		10322374		47607
162		610648		10386099		47762
163		610852		10449816		47698
164		611385		10513533		47759
165		610342		10577251		47569
166		611598		10640967		47493
167		610588		10704686		47714
168		610247		10768403		47676
169		611069		10832119		47757
170		610788		10895832		47651
171		610928		10959548		47644
172		611673		11023268		47620
173		610430		11086987		47872
174		610202		11150709		47605
175		610864		11214424		47501
176		610360		11278140		47620
177		610174		11341862		47851
178		610839		11405575		47694
179		610377		11469295		47761
180		611398		11533011		47500
181		609900		11596730		47675
182		611059		11660452		47768
183		610581		11724177		47687
184		610615		11787886		47757
185		610838		11851606		47691
186		610131		11915321		47620
187		610812		11979036		47653
188		610464		12042760		47650
189		611040		12106482		47621
190		610713		12170199		47849
191		611130		12233923		47442
192		610919		12297638		47870
193		611086		12361357		47603
194		610989		12425076		47804
195		610882		12488796		47952
196		610821		12552511		47661
197		610667		12616224		47804
198		610344		12679945		47701
199		610299		12743666		47603
200		611219		12807388		47677
201		610470		12871107		47724
202		610683		12934828		47918
203		611212		12998548		47739
204		611329		13062269		47664
205		610298		13125984		47821
206		609971		13189698		47799
207		611311		13253410		47771
208		611217		13317119		47600
209		610925		13380842		47609
210		611065		13444563		47581
211		610407		13508283		47853
212		611154		13572005		47803
213		610970		13635723		47778
214		610240		13699446		47573
215		611311		13763160		47553
216		611318		13826876		47750
217		611262		13890596		47651
218		610939		13954316		47679
219		611457		14018034		47683
220		611057		14081749		47690
221		610491		14145463		47844
222		611045		14209185		47933
223		611281		14272903		47375
224		610154		14336612		47997
225		610664		14400329		47492
226		610957		14464050		47640
227		611611		14527772		47565
228		610695		14591493		47415
229		610709		14655212		47833
230		610381		14718932		47783
231		611299		14782648		47588
232		610103		14846367		47830
233		610601		14910083		47867
234		611140		14973806		47778
235		611081		15037522		47638
236		611317		15101240		47680
237		611175		15164961		47673
238		611083		15228670		47604
239		611139		15292386		47780
240		610381		15356101		47837
241		610303		15419819		47529
242		610648		15483537		47624
243		610725		15547260		47628
244		610945		15610969		47584
245		610789		15674686		47788
246		611865		15738401		47701
247		610119		15802116		47890
248		611327		15865835		47776
249		610916		15929552		47962
250		610930		15993268		47806
251		610377		16056987		47690
252		609966		16120706		47691
253		610783		16184425		47573
254		610662		16248146		47811
255		610463		16311866		47786
256		609998		16375588		47610
257		610979		16439309		47695
258		610342		16503028		47879
259		610562		16566750		47507
260		610698		16630468		47777
261		610691		16694180		47881
262		610464		16757891		47681
263		610896		16821611		47723
264		610983		16885327		47694
265		610795		16949045		47689
266		610580		17012761		47448
267		610304		17076481		47682
268		611271		17140198		47563
269		610482		17203908		47619
270		610838		17267631		47624
271		610417		17331339		47748
272		610257		17395051		47723
273		611356		17458766		47775
274		610521		17522471		47733
275		610259		17586178		47625
276		611267		17649897		47748
277		611332		17713608		47612
278		610951		17777323		47863
279		610462		17841044		47605
280		610884		17904760		47730
281		611028		17968478		47690
282		610299		18032203		47862
283		611275		18095913		47897
284		611341		18159630		47787
285		610736		18223345		47686
286		611574		18287063		47642
287		611329		18350779		47865
288		610467		18414498		47840
289		609973		18478217		47650
290		610515		18541936		47961
291		610136		18605648		47600
292		609827		18669364		47646
293		610281		18733081		47799
294		611117		18796798		47653
295		611196		18860519		47632
296		610486		18924237		47789
297		611127		18987952		47940
298		611437		19051673		47714
299		611683		19115387		47683
300		611046		19179108		47905
301		610504		19242826		47722
302		611849		19306545		47788
303		610549		19370260		47825
304		610620		19433980		47722
305		611055		19497697		47753
306		611510		19561414		47891
307		611132		19625124		47865
308		611690		19688844		47613
309		610594		19752563		47737
310		610218		19816280		47944
311		610431		19879990		47685
312		610949		19943710		47922
313		610541		20007423		47599
314		611277		20071137		47929
315		610749		20134851		47651
316		610904		20198563		47798
317		610883		20262278		47559
318		611120		20325993		47829
319		610415		20389702		47557
320		610181		20453416		47944
321		610932		20517138		47480
322		610594		20580851		47898
323		611009		20644562		47641
324		610362		20708279		47754
325		610388		20771993		47856
326		611796		20835715		47729
327		611561		20899425		47821
328		611308		20963133		47733
329		611645		21026849		47722
330		610564		21090564		47741
331		610318		21154277		47825
332		611128		21217995		47580
333		611182		21281711		47701
334		610465		21345429		47626
335		611787		21409151		47820
336		610650		21472864		47727
337		610510		21536578		47610
338		610491		21600293		48049
339		611010		21664009		47825
340		611144		21727725		47866
341		610808		21791438		47844
342		610909		21855156		47718
343		610373		21918877		47856
344		610426		21982596		47863
345		611083		22046314		47596
346		610299		22110030		47777
347		610612		22173750		47672
348		610616		22237460		47754
349		610423		22301174		47861
350		610805		22364887		47699
351		610825		22428599		47762
352		610919		22492316		47714
353		610893		22556030		47678
354		610009		22619745		47702
355		611240		22683458		47573
356		611642		22747176		47814
357		611583		22810892		47681
358		610656		22874612		47765
359		610587		22938327		47841
360		611180		23002045		47930
361		610860		23065761		47582
362		610345		23129470		47906
363		610465		23193184		47886
364		610621		23256908		47818
365		610774		23320627		47859
366		610855		23384345		47634
367		610776		23448068		47573
368		611246		23511782		47876
369		610830		23575501		47803
370		610664		23639215		47785
371		610629		23702928		47588
372		611230		23766649		47860
373		611325		23830358		47739
374		611868		23894075		47906
375		610832		23957785		47657
376		611595		24021513		47745
377		611281		24085228		47870
378		610018		24148941		47656
379		609966		24212660		47832
380		611265		24276373		48005
381		610364		24340082		47835
382		611777		24403801		47658
383		610654		24467522		47805
384		611131		24531240		47789
385		610205		24594951		47856
386		611139		24658667		47768
387		610714		24722382		47944
388		610676		24786098		47792
389		611647		24849815		47641
390		611327		24913522		47826
391		611335		24977236		47817
392		611462		25040954		47701
393		610456		25104672		47687
394		611054		25168388		47626
395		610872		25232100		47768
396		611251		25295813		47904
397		610966		25359533		47908
398		610486		25423242		47843
399		610218		25486960		47817
400		611027		25550679		47614
401		610960		25614394		48033
402		611804		25678110		47808
403		610813		25741828		47660
404		610390		25805543		47745
405		610667		25869261		47952
406		609920		25932976		47867
407		610895		25996692		47616
408		610987		26060411		47815
409		610410		26124130		47854
410		611475		26187848		47681
411		610413		26251569		47778
412		610830		26315289		47788
413		610472		26379011		47808
414		610297		26442730		47728
415		610161		26506447		47807
416		611394		26570168		47957
417		611405		26633883		47793
418		610717		26697600		47655
419		610310		26761310		47747
420		610472		26825027		47811
421		610999		26888744		47822
422		611706		26952459		47549
423		610878		27016178		47797
424		610950		27079897		47590
425		610293		27143610		47667
426		610023		27207322		47961
427		610612		27271033		47695
428		610905		27334754		47829
429		610652		27398472		47836
430		611158		27462187		47946
431		609910		27525904		47726
432		610952		27589623		47636
433		611081		27653337		47761
434		611173		27717049		47848
435		611089		27780762		47802
436		611325		27844476		47846
437		610561		27908198		47838
438		610718		27971912		47817
439		611447		28035628		47844
440		611223		28099344		47733
441		611161		28163061		47776
442		611567		28226774		47713
443		610834		28290490		47979
444		611416		28354208		47647
445		610824		28417914		47862
446		610369		28481624		47906
447		610292		28545346		47722
448		610293		28609057		47878
449		610827		28672765		47767
450		610984		28736480		47794
451		611153		28800196		47800
452		611099		28863913		47706
453		610532		28927622		47929
454		611165		28991336		47685
455		610374		29055048		47873
456		609930		29118763		47721
457		610103		29182479		47855
458		611330		29246198		47810
459		610526		29309915		47687
460		611118		29373626		47660
461		610679		29437344		47898
462		610309		29501059		47783
463		610963		29564769		47824
464		610398		29628482		47857
465		610488		29692194		47714
466		611214		29755909		47894
467		610987		29819619		47714
468		610725		29883331		47753
469		610640		29947041		47944
470		610946		30010757		47682
471		610521		30074469		47617
472		610978		30138185		47742
473		611465		30201902		47952
474		611113		30265617		47763
475		611316		30329332		47601
476		610518		30393049		47851
477		610489		30456758		47595
478		610680		30520472		47880
479		610583		30584183		47786
480		610481		30647889		47748
481		611009		30711605		47811
482		610463		30775320		47931
483		611764		30839041		47698
484		610859		30902752		47706
485		611052		30966464		47609
486		610980		31030175		47716
487		610149		31093893		47713
488		611415		31157607		47777
489		610969		31221331		47879
490		610584		31285051		47911
491		610636		31348768		47787
492		610064		31412489		47768
493		611479		31476208		47647
494		611170		31539918		47769
495		610876		31603628		47738
496		611333		31667344		47918
497		610975		31731059		47705
498		611142		31794774		47841
499		610600		31858488		47674
500		610781		31922203		47858
501		611396		31985918		47800
502		610245		32049624		47501
503		610475		32113338		47820
504		610654		32177058		47742
505		610595		32240783		47692
506		610832		32304500		47945
507		610845		32368214		47655
508		610931		32431929		47728
509		610173		32495640		47721
510		610795		32559363		47778
511		611309		32623076		47665
512		611361		32686789		47822
513		610283		32750501		47666
514		610876		32814211		47772
515		611742		32877925		47731
516		610419		32941641		47892
517		610852		33005361		47855
518		610278		33069072		47789
519		610649		33132784		47631
520		611252		33196501		47944
521		611272		33260220		47726
522		611127		33323935		47928
523		610387		33387660		47817
524		610354		33451374		47893
525		611515		33515093		47594
526		610764		33578807		47917
527		610866		33642519		47836
528		611103		33706234		47662
529		610780		33769955		47712
530		610799		33833676		47623
531		610890		33897387		47860
532		610974		33961098		47636
533		610431		34024812		47888
534		610689		34088527		47996
535		611660		34152239		47664
536		610892		34215953		47836
537		610787		34279664		47794
538		611097		34343379		47774
539		610671		34407091		47582
540		611188		34470805		47830
541		609822		34534513		47694
542		610391		34598227		47841
543		610748		34661946		47920
544		610487		34725666		47776
545		610622		34789382		47566
546		611175		34853092		47777
547		610634		34916802		47688
548		611724		34980519		47710
549		610606		35044233		47804
550		611171		35107953		47655
551		610206		35171667		47802
552		610709		35235382		47925
553		610888		35299098		47719
554		611090		35362810		47955
555		610959		35426522		47765
556		610378		35490230		47736
557		611328		35553947		47746
558		610408		35617666		47800
559		610626		35681378		48001
560		610764		35745099		47588
561		610980		35808813		47858
562		611287		35872527		47707
563		611508		35936243		47974
564		610912		35999962		47758
565		611506		36063674		47820
566		610686		36127386		47638
567		611113		36191102		47765
568		611378		36254818		47751
569		610789		36318531		47672
570		611275		36382245		47956
571		611009		36445953		47567
572		610210		36509671		47586
573		610374		36573387		47777
574		611346		36637096		47722
575		610929		36700806		47951
576		610562		36764521		47621
577		609946		36828238		47758
578		611211		36891955		47769
579		610490		36955670		47686
580		611478		37019376		47914
581		611618		37083082		47942
582		611563		37146795		47741
583		611561		37210512		47864
584		611469		37274231		47687
585		610490		37337937		47831
586		610585		37401650		47528
587		610266		37465362		47914
588		611029		37529068		47871
589		610716		37592780		47721
590		610607		37656488		47735
591		610999		37720200		47761
592		610552		37783920		47915
593		610560		37847628		47774
594		610795		37911335		47432
595		610634		37975036		47810
596		610904		38038759		47751
597		610753		38102464		47800
598		611054		38166173		48042
599		611192		38229885		47706
600		610938		38293590		47633
601		610928		38357292		47732
602		610702		38421004		47671
603		610281		38484716		47866
604		610845		38548421		47941
605		610627		38612138		47997
606		610769		38675851		47751
607		610276		38739563		47748
608		610878		38803272		47801
609		610974		38866980		47597
610		610888		38930688		47742
611		611153		38994398		47837
612		611115		39058104		47762
613		611343		39121815		47769
614		611091		39185525		47855
615		611313		39249232		47723
616		611298		39312949		47853
617		610826		39376657		47905
618		611047		39440372		47715
619		610519		39504073		47913
620		611193		39567789		47838
621		610245		39631496		47701
622		610743		39695206		47725
623		610487		39758913		47728
624		610973		39822621		47976
625		610758		39886330		47795
626		611349		39950044		47879
627		609825		40013750		47916
628		611110		40077458		47893
629		610291		40141172		47745
630		610459		40204875		47902
631		611090		40268583		47737
632		610400		40332295		47794
633		610157		40396006		47858
634		610635		40459719		47823
635		610119		40523429		47828
636		610902		40587142		47650
637		610957		40650855		47915
638		610835		40714561		47576
639		610813		40778262		47558
640		610953		40841979		47925
641		610814		40905688		47822
642		611341		40969401		47690
643		611057		41033107		47908
644		610571		41096820		47814
645		610475		41160530		47669
646		610835		41224240		47869
647		611072		41287942		47857
648		611048		41351657		47949
649		610647		41415366		47754
650		611829		41479077		47918
651		611333		41542784		47746
652		610203		41606490		47798
653		611189		41670195		47670
654		610847		41733905		47935
655		611027		41797616		47701
656		611132		41861325		48062
657		610903		41925037		47624
658		611174		41988746		47758
659		610721		42052460		47848
660		610181		42116172		47634
661		610450		42179885		47820
662		610885		42243599		47841
663		610713		42307305		47798
664		611452		42371012		47904
665		611125		42434722		47712
666		611350		42498431		47717
667		611611		42562137		47778
668		610228		42625848		47843
669		610912		42689557		47791
670		611048		42753262		47860
671		610426		42816968		47920
672		610833		42880678		47951
673		611113		42944392		47583
674		610287		43008097		47827
675		610572		43071810		47664
676		610721		43135515		47927
677		610307		43199225		47895
678		611127		43262946		47899
679		610849		43326647		47835
680		610638		43390356		47655
681		610998		43454074		47755
682		610450		43517780		47809
683		611106		43581485		47877
684		610431		43645198		47835
685		610679		43708913		47762
686		610778		43772620		47698
687		611036		43836328		47650
688		610629		43900033		47853
689		610445		43963751		47831
690		611200		44027454		47731
691		610503		44091169		47807
692		610840		44154871		47918
693		610766		44218573		47815
694		610832		44282287		47637
695		610418		44345994		47665
696		610072		44409704		47863
697		610431		44473410		47754
698		610332		44537117		47753
699		610182		44600826		47776
700		611479		44664532		47692
701		610323		44728245		47845
702		611594		44791955		47813
703		610258		44855660		47909
704		611401		44919367		47918
705		609960		44983076		47921
706		610682		45046793		47650
707		610433		45110498		47877
708		610876		45174200		47813
709		610950		45237905		47840
710		610057		45301614		47786
711		610296		45365329		47594
712		610791		45429023		47876
713		611376		45492723		47830
714		610832		45556422		47978
715		610670		45620129		47828
716		611381		45683841		47798
717		610949		45747549		47644
718		610820		45811255		47816
719		610442		45874961		47738
720		611071		45938657		47549
721		611272		46002374		47924
722		610154		46066077		47982
723		610119		46129790		47835
724		611430		46193491		47761
725		610595		46257194		47587
726		610756		46320903		47704
727		609987		46384613		47804
728		610381		46448318		47792
729		610488		46512025		47879
730		611106		46575735		47834
731		611295		46639443		47861
732		611222		46703148		47619
733		611333		46766859		47821
734		610692		46830564		48047
735		610471		46894271		47548
736		610652		46957974		47835
737		611098		47021687		47897
738		610847		47085398		47751
739		610627		47149105		47716
740		610325		47212821		47675
741		610835		47276525		47877
742		610958		47340227		47776
743		610868		47403932		47906
744		610605		47467643		47599
745		610835		47531357		47663
746		611488		47595059		47941
747		610558		47658761		47616
748		610491		47722470		47903
749		610314		47786175		47774
750		609829		47849875		47731
751		610295		47913591		47761
752		610840		47977295		47929
753		610293		48041001		47858
754		610655		48104701		47924
755		610993		48168400		47827
756		610157		48232104		48007
757		610536		48295811		47609
758		610721		48359519		47782
759		611559		48423220		47817
760		610820		48486924		47710
761		610601		48550629		47923
762		611102		48614341		47775
763		610943		48678048		47856
764		610285		48741754		47769
765		610537		48805450		47803
766		610319		48869157		47844
767		610968		48932863		47767
768		611654		48996577		47763
769		610999		49060285		47912
770		610968		49123991		47659
771		610619		49187688		47813
772		610014		49251389		47656
773		610346		49315095		47969
774		610502		49378800		47784
775		610115		49442511		47753
776		610578		49506205		47676
777		610125		49569920		47788
778		610287		49633633		47712
779		610358		49697342		47641
780		611211		49761049		47635
781		611397		49824754		47885
782		610222		49888457		47722
783		611296		49952162		47782
784		611164		50015867		47809
785		610790		50079572		47602
786		610704		50143277		47829
787		611206		50206987		47764
788		610553		50270686		47938
789		611408		50334391		47693
790		610547		50398097		47717
791		610774		50461804		47771
792		610716		50525521		47813
793		610200		50589226		47591
794		611330		50652940		47990
795		610721		50716648		47834
796		610795		50780352		47721
797		611087		50844063		47840
798		610493		50907767		47534
799		610387		50971468		47959
800		610925		51035182		47658
801		611045		51098881		47757
802		610842		51162587		47987
803		610949		51226291		47689
804		610813		51289990		47983
805		611448		51353691		47657
806		610500		51417394		47806
807		610708		51481100		47782
808		610760		51544800		47801
809		610890		51608496		47591
810		610724		51672200		47774
811		610602		51735909		47685
812		610565		51799612		47887
813		610669		51863313		47936
814		609486		51927013		47830
815		610682		51990720		47841
816		611062		52054431		47638
817		610457		52118136		47955
818		610828		52181843		47731
819		610908		52245540		47852
820		610768		52309241		47866
821		610897		52372951		47598
822		610239		52436653		47938
823		610457		52500351		47942
824		610515		52564060		47813
825		610394		52627763		47806
826		610319		52691473		47625
827		610821		52755169		47846
828		610977		52818879		47654
829		611219		52882580		47853
830		610562		52946288		47786
831		610957		53009986		47490
832		610280		53073697		47904
833		610661		53137395		47515
834		610051		53201096		47760
835		611826		53264806		47970
836		610862		53328517		47785
837		610676		53392228		48007
838		611048		53455929		47649
839		609858		53519634		47658
840		610773		53583338		47864
841		611389		53647043		47817
842		610470		53710747		47683
843		610959		53774443		47724
844		611110		53838143		47813
845		610886		53901843		47879
846		609934		53965551		47801
847		611006		54029256		47826
848		611238		54092959		47652
849		610962		54156666		47906
850		610413		54220373		47650
851		610899		54284080		47889
852		610940		54347783		47616
853		610613		54411488		47689
854		610754		54475190		47737
855		611555		54538890		47861
856		611166		54602581		47883
857		610697		54666282		47803
858		610386		54729982		47693
859		610070		54793685		48005
860		610660		54857392		47744
861		610762		54921099		47755
862		611196		54984802		47869
863		610630		55048507		47855
864		611625		55112220		48004
865		610311		55175921		47648
866		610978		55239636		47652
867		610629		55303341		47701
868		610331		55367036		47746
869		611050		55430733		47735
870		609839		55494436		47887
871		610680		55558142		47611
872		610761		55621853		47856
873		610441		55685549		47761
874		611101		55749250		47644
875		611161		55812959		47933
876		610201		55876662		47727
877		610710		55940369		47853
878		610514		56004078		47718
879		611021		56067785		47788
880		611547		56131479		47882
881		611231		56195192		47610
882		611196		56258898		47693
883		610573		56322605		47617
884		611084		56386304		47717
885		610540		56450009		47829
886		611019		56513704		47816
887		610774		56577408		47698
888		610625		56641110		47720
889		611325		56704818		48006
890		610370		56768521		47685
891		610525		56832230		47897
892		610611		56895932		47804
893		610639		56959630		47647
894		611417		57023333		48033
895		610819		57087025		47668
896		611574		57150723		47734
897		610190		57214426		48062
898		610302		57278128		47639
899		611169		57341836		47758
900		610073		57405525		47768
901		610197		57469225		47847
902		611131		57532928		47728
903		610843		57596626		47800
904		610441		57660329		47750
905		611688		57724025		47735
906		610718		57787725		47712
907		610348		57851430		47794
908		610999		57915128		47772
909		610952		57978836		47820
910		611467		58042539		47871
911		610515		58106242		47805
912		610329		58169931		47854
913		611149		58233625		47672
914		611035		58297322		47785
915		610588		58361029		47731
916		610840		58424731		47736
917		610392		58488437		47877
918		610022		58552127		47715
919		609932		58615833		47713
920		610881		58679532		47605
921		610464		58743241		47783
922		610206		58806924		47769
923		609958		58870628		47720
924		610580		58934331		47752
925		610267		58998032		47783
926		611391		59061731		47716
927		610545		59125432		47835
928		611061		59189140		47855
929		611077		59252833		47664
930		610096		59316532		47793
931		610765		59380239		47718
932		610870		59443922		47803
933		610378		59507618		47735
934		610587		59571317		47851
935		610195		59635020		47793
936		610240		59698718		47758
937		610455		59762421		47755
938		610706		59826119		47722
939		610830		59889814		47897
940		610571		59953512		47645
941		610812		60017213		47811
942		610830		60080903		47659
943		610774		60144606		47694
944		610353		60208306		47784
945		610346		60272003		47785
946		610801		60335706		47758
947		611052		60399405		47824
948		610393		60463101		47788
949		610229		60526796		47769
950		610620		60590500		47786
951		609808		60654196		47723
952		610215		60717902		47818
953		610256		60781597		47941
954		610529		60845291		47746
955		610333		60908994		47607
956		610695		60972694		47903
957		610710		61036406		47842
958		610638		61100099		47878
959		610559		61163804		47886
960		610194		61227515		47920
961		610382		61291206		47766
962		610517		61354906		47864
963		610780		61418602		48035
964		611046		61482301		47571
965		610349		61545989		47838
966		610082		61609687		47870
967		611021		61673384		47583
968		610465		61737087		47880
969		611052		61800783		47629
970		610735		61864488		47832
971		611192		61928188		47817
972		611062		61991885		47803
973		610667		62055579		47876
974		610474		62119281		47857
975		610532		62182977		47820
976		610785		62246684		47744
977		610543		62310378		47794
978		610229		62374083		47897
979		609663		62437771		47829
980		610953		62501484		47931
981		611024		62565193		47716
982		611526		62628901		47906
983		610011		62692608		47592
984		610502		62756306		47707
985		610324		62820007		47808
986		611436		62883711		47575
987		610448		62947410		47705
988		610578		63011107		47848
989		610306		63074801		47758
990		610238		63138504		47753
991		611278		63202208		47988
992		611616		63265912		47803
993		610154		63329601		47913
994		609927		63393307		47721
995		610197		63457007		47830
996		610748		63520707		47913
997		610263		63584406		47845
998		610216		63648099		47727
999		610366		63711798		48090
