# Migration is number of nodes that have changed color.

Round		Edge-Cut		Swaps		Migrations		Skipped		ExecutionTime 
0		396761		53401		47727		2058
1		254176		90418		46917		3093
2		198162		115783		47109		3962
3		176302		133789		47367		4715
4		165706		147454		47468		5448
5		159695		158289		47544		6211
6		155351		167396		47495		6975
7		152555		175274		47586		7712
8		150638		181874		47567		8410
9		149354		187686		47619		9140
10		147482		193298		47610		9839
11		144650		198680		47587		10552
12		143515		203425		47550		11294
13		142649		207647		47580		12023
14		141979		211459		47547		12735
15		141564		215000		47587		13444
16		141215		218378		47641		14156
17		140901		221465		47601		14909
18		140624		224232		47580		15679
19		140340		226992		47566		16465
20		140073		229514		47547		17219
21		139871		231878		47564		18568
22		139742		234149		47583		19266
23		139588		236335		47573		19973
24		139424		238492		47585		20674
25		139211		240603		47551		21394
26		139166		242556		47582		22093
27		139091		244485		47646		22806
28		138928		246372		47673		23509
29		138861		248156		47657		24212
30		138751		249907		47655		24919
31		138641		251671		47638		25647
32		138531		253401		47694		26360
33		138422		255191		47653		27074
34		138309		256869		47695		27776
35		138217		258485		47655		28495
36		138117		260039		47666		29195
37		138058		261630		47653		29900
38		137997		263112		47638		30625
39		137899		264653		47704		31405
40		137857		266178		47642		32145
41		137823		267627		47648		32910
42		137790		268936		47645		33688
43		137761		270329		47649		34429
44		137693		271749		47658		35132
45		137660		273041		47684		35893
46		137685		274311		47706		36623
47		137639		275491		47682		37336
48		137602		276699		47658		38040
49		137581		277913		47628		38748
50		137536		279051		47663		39464
51		137519		280230		47636		40173
52		137487		281327		47643		40888
53		137472		282407		47674		41661
54		137451		283537		47651		42376
55		137447		284627		47640		43080
56		137404		285693		47638		43832
57		137374		286737		47644		44603
58		137324		287788		47676		45313
59		137297		288739		47702		46037
60		137301		289745		47640		46750
61		137290		290703		47597		47462
62		137234		291698		47614		48223
63		137210		292548		47661		48937
64		137200		293414		47614		49645
65		137188		294277		47655		50350
66		137174		295124		47639		51051
67		137158		295950		47635		51778
68		137163		296763		47630		52527
69		137141		297596		47634		53231
70		137141		298435		47631		53947
71		137116		299222		47612		54660
72		137115		299976		47639		55400
73		137110		300778		47635		56107
74		137129		301567		47611		56830
75		137131		302349		47621		57543
76		137079		303199		47611		58247
77		137071		303944		47638		58964
78		137062		304689		47638		59675
79		137034		305422		47629		60383
80		137061		306120		47622		61085
81		137068		306877		47667		61825
82		137074		307641		47629		62548
83		137065		308383		47638		63257
84		137060		309116		47642		63964
85		137046		309862		47621		64684
86		137025		310582		47616		65395
87		137044		311268		47628		66107
88		137028		312003		47626		66831
89		137003		312699		47629		67559
90		136985		313405		47634		68263
91		136987		314049		47632		68973
92		136992		314708		47616		69691
93		136982		315351		47644		70397
94		136954		316028		47619		71111
95		136956		316667		47638		71853
96		136954		317317		47672		72578
97		136931		317912		47657		73290
98		136934		318585		47666		74005
99		136945		319182		47653		74735
100		136936		319805		47623		75454
101		136921		320407		47633		76172
102		136928		321000		47624		76895
103		136914		321590		47629		77624
104		136897		322188		47634		78333
105		136890		322762		47630		79048
106		136886		323373		47599		79765
107		136869		323961		47641		80485
108		136879		324498		47641		81189
109		136863		325022		47615		81918
110		136865		325562		47610		82624
111		136871		326111		47604		83333
112		136867		326719		47620		84041
113		136877		327263		47622		84768
114		136872		327807		47616		85483
115		136866		328367		47600		86198
116		136852		328898		47580		86922
117		136834		329431		47599		87637
118		136833		329913		47612		88344
119		136840		330393		47617		89051
120		136843		330907		47646		89777
121		136841		331393		47606		90497
122		136820		331888		47609		91220
123		136822		332398		47597		91945
124		136821		332895		47607		92665
125		136820		333334		47585		93367
126		136818		333852		47601		94100
127		136825		334374		47595		94809
128		136827		334899		47646		95529
129		136823		335403		47636		96294
130		136822		335872		47628		97024
131		136805		336373		47666		97739
132		136828		336882		47651		98453
133		136804		337347		47641		99166
134		136802		337876		47629		99883
135		136794		338373		47632		100642
136		136780		338840		47624		101351
137		136779		339338		47623		102070
138		136787		339827		47664		102783
139		136786		340313		47653		103498
140		136780		340831		47667		104202
141		136777		341268		47675		104913
142		136779		341727		47659		105627
143		136792		342231		47655		106371
144		136795		342720		47655		107079
145		136775		343219		47648		107795
146		136781		343721		47616		108509
147		136779		344201		47609		109222
148		136767		344678		47620		109931
149		136764		345135		47634		110667
150		136753		345594		47605		111375
151		136755		346054		47618		112090
152		136764		346520		47625		112834
153		136761		347009		47643		113544
154		136748		347483		47644		114256
155		136748		347952		47651		114967
156		136755		348393		47649		115682
157		136751		348842		47647		116391
158		136768		349302		47610		117145
159		136765		349762		47618		117868
160		136762		350220		47602		118587
161		136762		350689		47634		119296
162		136759		351166		47631		120014
163		136770		351648		47637		120735
164		136767		352131		47650		121450
165		136758		352605		47654		122172
166		136768		353068		47622		122899
167		136772		353534		47649		123621
168		136779		353992		47636		124331
169		136770		354485		47646		125052
170		136768		355000		47671		125774
171		136763		355484		47683		126485
172		136763		355966		47642		127190
173		136753		356458		47630		127904
174		136754		356943		47642		128614
175		136746		357418		47641		129325
176		136743		357874		47638		130053
177		136729		358366		47642		130776
178		136743		358794		47629		131501
179		136737		359248		47610		132217
180		136729		359688		47611		132926
181		136720		360112		47594		133644
182		136719		360529		47578		134353
183		136728		360952		47601		135066
184		136732		361424		47613		135780
185		136746		361889		47620		136489
186		136740		362362		47603		137203
187		136738		362836		47598		137921
188		136719		363293		47618		138637
189		136720		363742		47618		139378
190		136727		364181		47593		140090
191		136732		364631		47566		140806
192		136723		365068		47589		141520
193		136705		365500		47585		142257
194		136708		365935		47608		142962
195		136710		366353		47608		143688
196		136706		366790		47610		144399
197		136704		367220		47590		145100
198		136701		367673		47589		145810
199		136701		368129		47602		146513
200		136696		368589		47599		147217
201		136693		369070		47611		147928
202		136693		369487		47615		148644
203		136702		369950		47622		149347
204		136707		370406		47625		150061
205		136709		370884		47654		150772
206		136715		371306		47643		151487
207		136703		371762		47609		152198
208		136693		372199		47614		152908
209		136689		372665		47623		153624
210		136692		373132		47628		154345
211		136688		373575		47611		155060
212		136691		374005		47601		155779
213		136687		374446		47652		156503
214		136691		374895		47630		157215
215		136690		375347		47656		157948
216		136683		375762		47653		158650
217		136691		376163		47662		159354
218		136692		376577		47632		160068
219		136695		377040		47644		160861
220		136688		377496		47625		161563
221		136682		377953		47654		162277
222		136694		378401		47611		162983
223		136691		378824		47630		163684
224		136690		379272		47633		164394
225		136697		379731		47642		165180
226		136700		380196		47628		165901
227		136697		380666		47666		166625
228		136704		381149		47646		167340
229		136703		381597		47645		168053
230		136706		382048		47647		168766
231		136699		382502		47634		169475
232		136696		382958		47643		170187
233		136711		383390		47625		170944
234		136694		383884		47630		171658
235		136694		384339		47617		172376
236		136704		384794		47617		173100
237		136705		385260		47618		173822
238		136705		385698		47621		174542
239		136724		386170		47600		175276
240		136729		386669		47621		175996
241		136715		387168		47614		176711
242		136714		387620		47634		177474
243		136713		388083		47633		178177
244		136713		388545		47660		178902
245		136717		388997		47649		179602
246		136726		389495		47665		180309
247		136712		389958		47604		181014
248		136714		390427		47629		181752
249		136705		390845		47643		182469
250		136709		391314		47639		183169
251		136705		391761		47619		183885
252		136700		392234		47635		184587
253		136692		392667		47608		185298
254		136691		393100		47625		186006
255		136692		393584		47623		186719
256		136686		394020		47634		187437
257		136697		394480		47648		188144
258		136687		394920		47618		188851
259		136682		395390		47628		189555
260		136680		395833		47605		190263
261		136679		396311		47646		190968
262		136675		396739		47608		191698
263		136679		397162		47615		192413
264		136679		397604		47614		193120
265		136685		398052		47613		193831
266		136681		398502		47654		194542
267		136694		398970		47645		195250
268		136690		399376		47635		195970
269		136680		399810		47620		196676
270		136676		400243		47609		197388
271		136671		400668		47570		198095
272		136682		401118		47599		198802
273		136674		401500		47621		199506
274		136670		401913		47631		200215
275		136667		402348		47615		200933
276		136670		402768		47623		201640
277		136669		403237		47610		202365
278		136665		403669		47628		203083
279		136670		404066		47597		203819
280		136660		404464		47594		204530
281		136661		404911		47613		205233
282		136669		405300		47612		205938
283		136667		405757		47616		206645
284		136687		406225		47633		207352
285		136676		406666		47621		208079
286		136675		407105		47589		208777
287		136664		407535		47590		209483
288		136665		407960		47601		210185
289		136653		408365		47617		210889
290		136657		408779		47614		211591
291		136651		409188		47630		212311
292		136652		409639		47604		213019
293		136658		410084		47597		213730
294		136649		410498		47591		214438
295		136646		410905		47617		215140
296		136650		411331		47640		215865
297		136649		411740		47639		216570
298		136656		412164		47629		217282
299		136653		412612		47652		217996
300		136663		413079		47647		218719
301		136661		413553		47668		219427
302		136648		413968		47700		220141
303		136654		414391		47695		220852
304		136669		414839		47664		221563
305		136663		415293		47655		222282
306		136662		415766		47661		223004
307		136664		416172		47619		223717
308		136657		416620		47660		224426
309		136651		417055		47648		225140
310		136656		417485		47659		225900
311		136657		417919		47661		226610
312		136661		418374		47674		227312
313		136667		418795		47662		228027
314		136661		419250		47664		228748
315		136660		419700		47687		229467
316		136649		420096		47720		230221
317		136654		420540		47684		230946
318		136652		420984		47681		231668
319		136648		421378		47664		232398
320		136643		421810		47672		233111
321		136651		422204		47660		233835
322		136643		422588		47640		234555
323		136646		422992		47627		235308
324		136649		423415		47592		236045
325		136663		423823		47603		236767
326		136662		424216		47605		237540
327		136669		424661		47645		238327
328		136653		425063		47668		239044
329		136657		425478		47640		239778
330		136662		425959		47658		240502
331		136655		426361		47664		241223
332		136656		426814		47636		241978
333		136654		427227		47638		242690
334		136658		427648		47643		243421
335		136664		428059		47659		244127
336		136658		428507		47683		244840
337		136645		428925		47694		245547
338		136657		429362		47697		246292
339		136656		429782		47700		246999
340		136661		430223		47695		247717
341		136662		430650		47678		248434
342		136665		431105		47679		249152
343		136663		431552		47654		249861
344		136667		431990		47632		250572
345		136657		432426		47617		251277
346		136655		432864		47640		251987
347		136653		433331		47639		252712
348		136657		433784		47616		253436
349		136660		434240		47604		254160
350		136652		434681		47581		254885
351		136660		435142		47588		255590
352		136652		435559		47583		256305
353		136660		435963		47575		257018
354		136667		436425		47562		257728
355		136681		436873		47580		258441
356		136686		437351		47587		259144
357		136655		437788		47604		259862
358		136654		438204		47594		260564
359		136655		438654		47598		261276
360		136662		439103		47590		261994
361		136652		439520		47624		262723
362		136662		439961		47620		263431
363		136648		440346		47646		264143
364		136646		440801		47648		264855
365		136648		441214		47662		265565
366		136662		441631		47665		266272
367		136670		442062		47654		266979
368		136665		442523		47650		267699
369		136660		442996		47640		268411
370		136670		443432		47639		269118
371		136658		443896		47659		269821
372		136667		444350		47669		270533
373		136671		444831		47666		271236
374		136669		445270		47629		271966
375		136655		445732		47642		272693
376		136651		446130		47658		273407
377		136659		446572		47667		274120
378		136658		446995		47656		274835
379		136655		447413		47648		275544
380		136661		447869		47652		276267
381		136658		448302		47643		276980
382		136652		448718		47621		277693
383		136650		449102		47605		278409
384		136643		449481		47597		279114
385		136641		449899		47603		279830
386		136647		450335		47602		280554
387		136645		450769		47608		281261
388		136648		451210		47626		281975
389		136642		451644		47632		282696
390		136649		452109		47620		283407
391		136668		452535		47649		284123
392		136669		452981		47649		284840
393		136669		453399		47665		285561
394		136662		453838		47643		286268
395		136662		454279		47663		286984
396		136669		454744		47664		287692
397		136669		455218		47636		288404
398		136673		455661		47637		289108
399		136660		456114		47610		289821
400		136661		456514		47615		290583
401		136665		456942		47632		291285
402		136667		457410		47632		291994
403		136667		457860		47609		292706
404		136656		458258		47619		293424
405		136655		458714		47597		294166
406		136669		459160		47605		294911
407		136666		459613		47620		295621
408		136665		460100		47630		296342
409		136662		460540		47609		297053
410		136660		460986		47589		297768
411		136664		461423		47600		298481
412		136658		461838		47623		299205
413		136658		462283		47636		299954
414		136653		462706		47628		300687
415		136665		463155		47625		301396
416		136661		463617		47634		302118
417		136658		463992		47648		302850
418		136649		464413		47620		303574
419		136658		464828		47626		304300
420		136665		465266		47625		305011
421		136661		465708		47629		305722
422		136673		466147		47627		306492
423		136666		466575		47628		307210
424		136661		467042		47647		307926
425		136674		467502		47649		308641
426		136664		467937		47655		309357
427		136674		468377		47636		310068
428		136689		468902		47622		310844
429		136688		469407		47620		311574
430		136676		469834		47586		312279
431		136683		470288		47607		312997
432		136683		470764		47594		313705
433		136678		471243		47610		314418
434		136664		471705		47597		315130
435		136674		472153		47606		315865
436		136670		472578		47620		316596
437		136665		473001		47609		317311
438		136667		473429		47604		318031
439		136666		473873		47607		318760
440		136658		474304		47604		319474
441		136652		474723		47611		320193
442		136661		475134		47600		320911
443		136664		475542		47602		321626
444		136662		475966		47590		322364
445		136664		476388		47626		323104
446		136688		476812		47621		323822
447		136674		477243		47590		324546
448		136666		477700		47616		325269
449		136658		478119		47561		325994
450		136681		478572		47575		326716
451		136681		479023		47602		327436
452		136671		479446		47591		328157
453		136665		479863		47581		328876
454		136661		480290		47604		329593
455		136671		480704		47598		330309
456		136656		481113		47551		331029
457		136658		481515		47568		331748
458		136665		481915		47589		332483
459		136672		482353		47578		333206
460		136681		482799		47596		333931
461		136674		483221		47595		334647
462		136676		483664		47557		335359
463		136662		484079		47619		336069
464		136666		484487		47639		336783
465		136662		484904		47646		337503
466		136667		485330		47630		338216
467		136677		485771		47585		338930
468		136676		486212		47601		339642
469		136667		486663		47585		340360
470		136671		487066		47613		341071
471		136675		487498		47608		341805
472		136688		487916		47608		342532
473		136690		488328		47597		343264
474		136695		488766		47582		343985
475		136683		489199		47600		344702
476		136687		489638		47585		345426
477		136687		490111		47587		346147
478		136681		490538		47599		346880
479		136674		491019		47606		347614
480		136691		491484		47616		348343
481		136690		491940		47597		349066
482		136687		492407		47594		349791
483		136683		492866		47615		350514
484		136685		493314		47622		351229
485		136671		493792		47614		351944
486		136677		494232		47608		352660
487		136682		494672		47624		353380
488		136676		495102		47606		354098
489		136683		495531		47617		354841
490		136676		495986		47605		355571
491		136688		496433		47600		356285
492		136687		496866		47569		357013
493		136682		497319		47554		357729
494		136670		497749		47559		358463
495		136675		498191		47566		359203
496		136665		498585		47570		359937
497		136669		499007		47557		360652
498		136664		499421		47537		361372
499		136661		499881		47547		362088
500		136667		500292		47550		362813
501		136659		500707		47558		363538
502		136668		501122		47604		364305
503		136668		501547		47578		365031
504		136671		501901		47589		365752
505		136658		502305		47602		366485
506		136667		502748		47609		367217
507		136666		503185		47609		367940
508		136667		503580		47611		368673
509		136665		504031		47593		369399
510		136667		504475		47591		370115
511		136671		504970		47593		370864
512		136666		505389		47631		371594
513		136665		505838		47625		372320
514		136651		506261		47624		373061
515		136655		506712		47629		373783
516		136667		507145		47620		374505
517		136667		507620		47608		375265
518		136675		508056		47650		375983
519		136665		508514		47654		376707
520		136669		509010		47618		377432
521		136670		509443		47613		378170
522		136669		509916		47591		378888
523		136683		510354		47613		379620
524		136679		510800		47606		380347
525		136682		511233		47587		381074
526		136681		511692		47592		381796
527		136684		512126		47572		382533
528		136673		512614		47567		383272
529		136683		513105		47592		383988
530		136685		513574		47610		384708
531		136687		514038		47611		385433
532		136667		514460		47616		386147
533		136673		514923		47589		386862
534		136666		515367		47581		387585
535		136674		515811		47586		388306
536		136670		516252		47572		389032
537		136653		516687		47574		389745
538		136651		517119		47577		390483
539		136652		517571		47574		391205
540		136649		517980		47578		391934
541		136658		518405		47564		392656
542		136662		518858		47585		393383
543		136667		519289		47581		394101
544		136662		519727		47587		394830
545		136660		520149		47582		395550
546		136663		520560		47592		396273
547		136653		520976		47584		396988
548		136648		521398		47613		397707
549		136651		521802		47620		398421
550		136644		522261		47597		399139
551		136638		522708		47577		399850
552		136639		523104		47578		400567
553		136650		523512		47624		401287
554		136660		523938		47624		402009
555		136659		524359		47624		402726
556		136645		524775		47615		403464
557		136656		525206		47595		404193
558		136648		525637		47578		404906
559		136659		526075		47604		405622
560		136656		526542		47589		406335
561		136643		526941		47609		407050
562		136639		527350		47619		407774
563		136652		527800		47605		408514
564		136665		528241		47628		409238
565		136655		528679		47602		409968
566		136651		529084		47612		410681
567		136656		529528		47613		411411
568		136652		529924		47594		412126
569		136651		530345		47585		412844
570		136646		530728		47589		413574
571		136650		531159		47579		414290
572		136659		531568		47582		415009
573		136659		532000		47569		415717
574		136651		532397		47563		416432
575		136663		532804		47556		417140
576		136656		533256		47567		417862
577		136657		533752		47597		418588
578		136658		534168		47570		419304
579		136662		534591		47598		420076
580		136671		535035		47586		420795
581		136656		535510		47598		421506
582		136655		535959		47600		422219
583		136649		536403		47599		422931
584		136640		536817		47589		423670
585		136643		537260		47584		424444
586		136648		537711		47591		425164
587		136647		538135		47610		425878
588		136639		538574		47584		426612
589		136644		538988		47633		427331
590		136639		539391		47621		428054
591		136645		539833		47639		428804
592		136645		540285		47637		429539
593		136652		540730		47610		430276
594		136639		541174		47619		431008
595		136650		541573		47614		431728
596		136647		541993		47628		432453
597		136646		542439		47626		433175
598		136661		542843		47626		433893
599		136669		543273		47601		434616
600		136660		543697		47610		435350
601		136649		544128		47598		436095
602		136656		544586		47605		436814
603		136661		545035		47594		437537
604		136664		545454		47625		438273
605		136659		545900		47633		438991
606		136653		546332		47623		439724
607		136661		546750		47601		440457
608		136661		547172		47580		441171
609		136653		547606		47589		441891
610		136656		548015		47586		442604
611		136657		548453		47594		443326
612		136663		548909		47617		444043
613		136656		549355		47596		444771
614		136657		549763		47633		445483
615		136653		550207		47618		446214
616		136659		550643		47600		446926
617		136654		551072		47637		447644
618		136653		551485		47635		448365
619		136655		551906		47630		449082
620		136651		552341		47645		449795
621		136652		552776		47626		450526
622		136658		553206		47644		451246
623		136649		553634		47620		451967
624		136647		554075		47627		452693
625		136653		554489		47634		453421
626		136649		554926		47610		454141
627		136663		555326		47595		454859
628		136655		555763		47618		455587
629		136651		556216		47642		456296
630		136646		556624		47617		457016
631		136648		557077		47611		457728
632		136666		557497		47603		458451
633		136658		557954		47612		459163
634		136664		558402		47632		459878
635		136671		558849		47655		460596
636		136661		559321		47658		461305
637		136650		559730		47626		462022
638		136654		560182		47623		462742
639		136665		560637		47653		463468
640		136656		561046		47648		464174
641		136655		561483		47646		464889
642		136664		561899		47661		465610
643		136655		562340		47628		466353
644		136654		562739		47623		467064
645		136659		563166		47617		467783
646		136661		563639		47666		468501
647		136670		564071		47676		469227
648		136673		564527		47652		469939
649		136664		564949		47644		470661
650		136653		565364		47641		471384
651		136665		565794		47637		472111
652		136649		566241		47641		472829
653		136640		566670		47618		473572
654		136641		567084		47608		474284
655		136647		567481		47610		474997
656		136650		567884		47601		475719
657		136648		568316		47591		476435
658		136650		568719		47579		477149
659		136649		569155		47596		477863
660		136649		569570		47583		478591
661		136652		569982		47615		479299
662		136660		570368		47621		480011
663		136663		570799		47609		480724
664		136662		571218		47619		481444
665		136657		571629		47595		482153
666		136658		572066		47637		482877
667		136651		572492		47603		483600
668		136658		572885		47633		484346
669		136652		573304		47617		485084
670		136656		573707		47588		485804
671		136657		574166		47581		486525
672		136665		574588		47579		487237
673		136658		574979		47576		487953
674		136672		575443		47589		488685
675		136656		575874		47606		489423
676		136670		576292		47610		490138
677		136662		576729		47629		490859
678		136662		577174		47611		491589
679		136669		577636		47630		492307
680		136658		578078		47596		493077
681		136659		578505		47601		493804
682		136671		578953		47588		494518
683		136663		579365		47611		495232
684		136654		579827		47587		495945
685		136654		580319		47652		496675
686		136667		580762		47631		497404
687		136660		581204		47646		498137
688		136661		581640		47651		498856
689		136658		582082		47657		499582
690		136653		582517		47677		500353
691		136647		582900		47663		501074
692		136644		583308		47653		501796
693		136655		583741		47666		502535
694		136647		584189		47677		503262
695		136657		584609		47644		503995
696		136656		585045		47648		504757
697		136657		585469		47651		505474
698		136661		585866		47637		506196
699		136656		586322		47603		506925
700		136673		586749		47636		507648
701		136664		587197		47628		508369
702		136672		587617		47606		509104
703		136675		588088		47606		509821
704		136675		588489		47590		510549
705		136670		588909		47608		511266
706		136663		589317		47613		511982
707		136656		589719		47632		512712
708		136655		590155		47674		513427
709		136643		590591		47655		514154
710		136658		590971		47648		514880
711		136652		591402		47652		515597
712		136652		591796		47664		516318
713		136655		592220		47667		517037
714		136651		592619		47633		517766
715		136657		593047		47615		518480
716		136652		593470		47648		519202
717		136663		593866		47652		519926
718		136667		594316		47659		520656
719		136659		594777		47654		521385
720		136664		595240		47648		522111
721		136657		595673		47631		522836
722		136657		596106		47646		523573
723		136657		596522		47646		524299
724		136657		596956		47633		525029
725		136658		597373		47649		525757
726		136658		597774		47635		526489
727		136664		598169		47625		527211
728		136668		598606		47645		527947
729		136683		599031		47639		528688
730		136671		599441		47601		529408
731		136666		599879		47586		530121
732		136673		600313		47596		530844
733		136672		600755		47625		531574
734		136671		601183		47628		532309
735		136673		601599		47629		533046
736		136667		602041		47633		533771
737		136668		602481		47630		534496
738		136681		602924		47615		535212
739		136670		603368		47629		535959
740		136673		603815		47618		536673
741		136672		604276		47606		537454
742		136667		604706		47610		538185
743		136654		605094		47620		538943
744		136657		605468		47635		539660
745		136669		605888		47630		540386
746		136673		606303		47623		541103
747		136672		606741		47613		541823
748		136676		607171		47595		542548
749		136673		607615		47606		543271
750		136671		608032		47624		544008
751		136669		608479		47613		544725
752		136668		608905		47616		545448
753		136671		609284		47631		546166
754		136661		609669		47632		546893
755		136662		610127		47636		547621
756		136659		610534		47627		548356
757		136667		610972		47625		549129
758		136670		611388		47610		549868
759		136670		611824		47607		550591
760		136670		612239		47585		551316
761		136668		612688		47579		552041
762		136659		613159		47581		552766
763		136657		613606		47574		553610
764		136653		614010		47609		554381
765		136663		614425		47607		555095
766		136663		614848		47578		555815
767		136662		615305		47610		556552
768		136659		615740		47589		557362
769		136668		616168		47604		558239
770		136665		616607		47598		558988
771		136666		617007		47590		559714
772		136670		617438		47574		560435
773		136652		617879		47581		561154
774		136663		618304		47575		561902
775		136654		618720		47571		562738
776		136660		619132		47585		563554
777		136665		619540		47603		564295
778		136663		619969		47614		565054
779		136663		620375		47644		565769
780		136665		620787		47625		566496
781		136661		621169		47616		567225
782		136661		621606		47605		568095
783		136665		622039		47623		568838
784		136673		622467		47608		569576
785		136673		622873		47605		570297
786		136663		623295		47587		571024
787		136665		623695		47584		571756
788		136661		624122		47586		572489
789		136665		624506		47555		573215
790		136659		624896		47579		573948
791		136654		625277		47569		574684
792		136655		625689		47553		575412
793		136660		626096		47590		576135
794		136665		626486		47606		576876
795		136665		626867		47627		577607
796		136667		627280		47594		578333
797		136666		627708		47601		579069
798		136674		628141		47597		579790
799		136679		628553		47586		580520
800		136672		629008		47571		581239
801		136673		629443		47590		581959
802		136668		629871		47627		582678
803		136672		630279		47629		583404
804		136669		630684		47601		584137
805		136675		631132		47576		584857
806		136670		631558		47606		585578
807		136674		631996		47589		586306
808		136675		632412		47597		587022
809		136675		632867		47583		587754
810		136670		633257		47593		588472
811		136665		633674		47611		589231
812		136667		634100		47582		590045
813		136673		634508		47567		590944
814		136688		634937		47589		591826
815		136688		635382		47604		592632
816		136682		635815		47573		593383
817		136671		636239		47590		594127
818		136661		636634		47586		594856
819		136666		637030		47576		595597
820		136676		637449		47562		596322
821		136669		637874		47588		597055
822		136677		638342		47578		597786
823		136680		638761		47592		598536
824		136680		639195		47612		599262
825		136696		639621		47575		599997
826		136689		640068		47590		600724
827		136684		640509		47593		601460
828		136678		640923		47609		602187
829		136680		641380		47655		602918
830		136692		641798		47648		603649
831		136689		642238		47651		604391
832		136694		642719		47643		605121
833		136690		643179		47658		605857
834		136686		643624		47668		606589
835		136686		644050		47635		607338
836		136685		644486		47634		608065
837		136681		644952		47622		608793
838		136694		645392		47645		609520
839		136698		645838		47640		610249
840		136703		646262		47624		610974
841		136692		646704		47633		611703
842		136699		647140		47606		612433
843		136701		647596		47623		613159
844		136697		648043		47592		613944
845		136701		648502		47603		614694
846		136688		648932		47614		615426
847		136686		649380		47613		616148
848		136693		649803		47606		616881
849		136693		650263		47607		617608
850		136697		650710		47619		618421
851		136679		651103		47595		619265
852		136687		651522		47588		619988
853		136686		651948		47599		620723
854		136686		652390		47590		621459
855		136694		652848		47558		622244
856		136710		653294		47559		622974
857		136692		653759		47590		623705
858		136686		654214		47604		624445
859		136684		654660		47613		625169
860		136685		655104		47599		625908
861		136698		655547		47612		626648
862		136694		655990		47614		627383
863		136673		656426		47606		628107
864		136676		656848		47626		628837
865		136674		657278		47611		629606
866		136688		657742		47625		630343
867		136681		658199		47594		631068
868		136679		658656		47619		631792
869		136670		659106		47616		632522
870		136666		659564		47615		633253
871		136672		659955		47592		634010
872		136666		660360		47586		634752
873		136662		660811		47582		635479
874		136661		661196		47557		636209
875		136669		661639		47601		636935
876		136667		662072		47631		637664
877		136664		662497		47613		638390
878		136665		662942		47619		639113
879		136668		663379		47603		639840
880		136687		663807		47603		640563
881		136673		664221		47605		641290
882		136666		664668		47579		642018
883		136680		665112		47581		642759
884		136684		665575		47579		643488
885		136680		666032		47601		644217
886		136667		666484		47590		644951
887		136669		666930		47555		645675
888		136663		667380		47577		646401
889		136670		667823		47579		647125
890		136682		668291		47577		647855
891		136681		668767		47587		648588
892		136677		669230		47612		649311
893		136677		669683		47614		650045
894		136681		670147		47601		650768
895		136681		670600		47604		651511
896		136674		670997		47598		652238
897		136671		671428		47594		652969
898		136677		671906		47598		653700
899		136677		672345		47595		654442
900		136668		672773		47598		655180
901		136666		673176		47598		655915
902		136677		673609		47550		656643
903		136677		674028		47564		657388
904		136666		674448		47582		658115
905		136666		674850		47593		658844
906		136667		675246		47597		659566
907		136688		675659		47624		660288
908		136669		676068		47630		661009
909		136669		676485		47651		661729
910		136664		676894		47636		662460
911		136661		677320		47628		663195
912		136678		677758		47637		663961
913		136665		678160		47648		664701
914		136665		678582		47654		665428
915		136653		678962		47650		666145
916		136655		679399		47651		666866
917		136654		679781		47661		667603
918		136657		680191		47659		668327
919		136669		680620		47641		669060
920		136669		681056		47639		669794
921		136667		681482		47662		670528
922		136667		681894		47643		671255
923		136657		682321		47643		671983
924		136656		682770		47666		672717
925		136661		683186		47681		673445
926		136660		683604		47675		674177
927		136654		684017		47671		674916
928		136655		684445		47666		675659
929		136651		684859		47676		676395
930		136648		685282		47661		677127
931		136652		685713		47666		677852
932		136658		686094		47641		678592
933		136651		686481		47634		679342
934		136660		686867		47631		680067
935		136657		687295		47649		680788
936		136654		687722		47615		681523
937		136662		688169		47614		682261
938		136659		688621		47614		683027
939		136658		689051		47614		683781
940		136666		689455		47623		684509
941		136666		689865		47613		685239
942		136670		690304		47647		685968
943		136664		690725		47665		686758
944		136659		691164		47666		687497
945		136647		691554		47642		688235
946		136661		691984		47625		688962
947		136651		692419		47614		689698
948		136659		692849		47607		690426
949		136661		693282		47632		691162
950		136659		693744		47616		691893
951		136651		694205		47619		692626
952		136655		694621		47627		693337
953		136662		695051		47638		694113
954		136652		695435		47655		694841
955		136648		695809		47671		695565
956		136663		696257		47659		696286
957		136659		696691		47691		697010
958		136651		697089		47695		697739
959		136669		697520		47682		698497
960		136661		697937		47690		699220
961		136659		698390		47700		699955
962		136660		698845		47673		700686
963		136669		699312		47689		701409
964		136658		699783		47681		702130
965		136658		700210		47692		702851
966		136662		700674		47716		703570
967		136658		701096		47711		704280
968		136653		701521		47686		705004
969		136652		701948		47695		705725
970		136664		702390		47676		706456
971		136668		702840		47679		707170
972		136666		703255		47690		707890
973		136663		703669		47672		708608
974		136648		704083		47679		709328
975		136645		704513		47652		710051
976		136652		704887		47641		710768
977		136653		705324		47646		711486
978		136653		705751		47662		712217
979		136654		706205		47657		712939
980		136656		706640		47632		713669
981		136663		707073		47621		714388
982		136655		707539		47634		715126
983		136652		707983		47655		715849
984		136648		708400		47639		716580
985		136656		708827		47626		717298
986		136657		709238		47638		718023
987		136651		709683		47651		718747
988		136646		710078		47636		719482
989		136654		710520		47625		720207
990		136656		710949		47658		720920
991		136664		711391		47665		721641
992		136660		711858		47693		722357
993		136653		712291		47690		723079
994		136655		712716		47675		723795
995		136653		713167		47664		724522
996		136649		713557		47693		725251
997		136636		713939		47678		725978
998		136636		714326		47668		726700
999		136637		714731		47668		727424
