# Migration is number of nodes that have changed color.

Round		Edge-Cut		Swaps		Migrations		Skipped
0		611280		63694		54876
1		611108		127392		46545
2		610476		191096		47807
3		610684		254798		47471
4		610617		318500		47795
5		611103		382208		47596
6		610134		445914		47402
7		610279		509612		47588
8		610398		573319		47702
9		611313		637021		47675
10		610566		700715		47624
11		610980		764417		47571
12		611114		828114		47605
13		610258		891821		47533
14		611278		955521		47789
15		611226		1019223		47461
16		610021		1082925		47642
17		610517		1146632		47502
18		610691		1210338		47534
19		610515		1274041		47723
20		610800		1337740		47540
21		610786		1401442		47799
22		610316		1465141		47533
23		611258		1528845		47721
24		610064		1592550		47505
25		610791		1656254		47770
26		611020		1719945		47590
27		611087		1783642		47596
28		610988		1847339		47659
29		610590		1911044		47384
30		611326		1974746		47667
31		610480		2038443		47769
32		610929		2102152		47617
33		610483		2165850		47626
34		610944		2229555		47677
35		611174		2293257		47612
36		612021		2356964		47533
37		610096		2420655		47626
38		611010		2484355		47701
39		610389		2548047		47396
40		610814		2611747		47726
41		609737		2675445		47842
42		611042		2739145		47645
43		610441		2802843		47767
44		610408		2866539		47431
45		610144		2930228		47836
46		610415		2993935		47609
47		610396		3057629		47634
48		610877		3121328		47956
49		610299		3185032		47354
50		610460		3248729		47716
51		610107		3312425		47512
52		610086		3376128		47702
53		610947		3439807		47632
54		610533		3503488		47681
55		610799		3567179		47730
56		610733		3630885		47720
57		610543		3694577		47564
58		610602		3758273		47899
59		609849		3821960		47450
60		610713		3885646		47672
61		611011		3949338		47853
62		610565		4013029		47841
63		610787		4076724		47506
64		610257		4140415		47748
65		610187		4204100		47564
66		610311		4267793		47759
67		609606		4331483		47496
68		609972		4395175		47696
69		610029		4458859		47653
70		610231		4522543		47731
71		610469		4586222		47751
72		610154		4649899		47834
73		610134		4713579		47706
74		610422		4777262		47642
75		609721		4840949		47778
76		609780		4904622		47742
77		610443		4968307		47465
78		609659		5031997		47772
79		610982		5095685		47549
80		610001		5159359		47732
81		609677		5223052		47660
82		610674		5286736		47656
83		608850		5350414		47574
84		609325		5414099		47646
85		609340		5477776		47732
86		610325		5541456		47659
87		610528		5605136		47789
88		609859		5668809		47460
89		609442		5732495		47862
90		610042		5796179		47638
91		609332		5859853		47648
92		609789		5923522		47615
93		610194		5987195		47600
94		608973		6050869		47744
95		610080		6114540		47589
96		610569		6178205		47814
97		609477		6241897		47809
98		609692		6305577		47685
99		609780		6369256		47763
100		609298		6432944		47897
101		608858		6496577		47537
102		608626		6560197		47539
103		608721		6623800		47714
104		607548		6687433		47827
105		609007		6751057		47531
106		608925		6814680		47767
107		608234		6878295		47720
108		607981		6941921		47605
109		608115		7005549		47640
110		608477		7069175		47688
111		608349		7132800		47779
112		607073		7196407		47590
113		608238		7260010		47814
114		608346		7323623		47650
115		608037		7387227		47669
116		606934		7450824		47800
117		607991		7514425		47602
118		607606		7578044		47811
119		607570		7641631		47564
120		607752		7705237		47746
121		607055		7768820		47521
122		607074		7832411		47992
123		606663		7895974		47707
124		606217		7959570		47731
125		606294		8023152		47685
126		606116		8086707		47799
127		605961		8150276		47919
128		604819		8213836		47612
129		606482		8277378		47646
130		604236		8340939		47615
131		604359		8404466		47807
132		604696		8468031		47850
133		604450		8531581		47702
134		604038		8595065		47547
135		603307		8658561		47782
136		603092		8722053		47802
137		603436		8785563		47624
138		602291		8849035		47945
139		602678		8912519		47886
140		602550		8975979		47649
141		602152		9039446		47661
142		600830		9102884		47761
143		598534		9166278		47785
144		597530		9229642		47664
145		594040		9292984		47565
146		591132		9356213		47507
147		588576		9419410		47809
148		582026		9482479		47807
149		564785		9545278		47627
150		534819		9607372		47699
151		489482		9667929		47569
152		440683		9726429		47921
153		394609		9782175		47677
154		352095		9834620		47709
155		273662		9881828		47972
156		221537		9921741		47941
157		197822		9956704		47824
158		184302		9988357		47785
159		177053		10017625		47782
160		170871		10045164		47842
161		165796		10070594		47882
162		162231		10094776		47851
163		159383		10117658		47778
164		157144		10139587		47672
165		155149		10160843		47745
166		153639		10181502		47865
167		151554		10200655		47619
168		149626		10219052		47760
169		147646		10236649		47694
170		146833		10253600		47882
171		145702		10270140		47736
172		144192		10285970		47750
173		142642		10301126		47757
174		141761		10315797		47707
175		140821		10329990		47730
176		139255		10343325		47694
177		138046		10355874		47681
178		136166		10367863		47837
179		135215		10379333		47865
180		134314		10390189		47664
181		133165		10400141		47765
182		131884		10409381		47732
183		131227		10418151		47740
184		130388		10426411		47701
185		129650		10434040		47713
186		128775		10441052		47809
187		128071		10447520		47734
188		127456		10453606		47809
189		126787		10459342		47794
190		126358		10464551		47821
191		125754		10469425		47771
192		125311		10473948		47730
193		124905		10478146		47727
194		124540		10481991		47740
195		124245		10485553		47786
196		124017		10488875		47752
197		123717		10491982		47792
198		123497		10494936		47797
199		123281		10497710		47802
200		123127		10500364		47775
201		122675		10501554		47781
202		122350		10502503		47779
203		122108		10503254		47801
204		121920		10503907		47810
205		121786		10504426		47811
206		121643		10504891		47817
207		121533		10505280		47819
208		121450		10505596		47831
209		121378		10505885		47828
210		121324		10506133		47824
211		121274		10506370		47817
212		121222		10506577		47812
213		121174		10506755		47811
214		121143		10506917		47805
215		121104		10507071		47816
216		121083		10507204		47822
217		121060		10507332		47821
218		121029		10507452		47827
219		121003		10507555		47823
220		120991		10507648		47832
221		120974		10507738		47842
222		120952		10507829		47842
223		120933		10507909		47839
224		120912		10507979		47828
225		120901		10508040		47824
226		120889		10508094		47825
227		120880		10508147		47822
228		120871		10508200		47819
229		120864		10508249		47820
230		120854		10508297		47822
231		120846		10508341		47821
232		120838		10508384		47820
233		120833		10508423		47823
234		120828		10508460		47822
235		120824		10508495		47822
236		120820		10508530		47823
237		120819		10508561		47825
238		120812		10508594		47821
239		120802		10508626		47820
240		120798		10508652		47817
241		120796		10508678		47816
242		120788		10508707		47814
243		120783		10508732		47813
244		120778		10508756		47810
245		120775		10508779		47810
246		120773		10508797		47810
247		120772		10508814		47810
248		120769		10508833		47813
249		120768		10508850		47814
250		120768		10508866		47814
251		120766		10508882		47815
252		120763		10508899		47813
253		120758		10508916		47815
254		120753		10508933		47812
255		120751		10508947		47812
256		120750		10508962		47810
257		120748		10508976		47810
258		120747		10508989		47809
259		120745		10509003		47807
260		120743		10509015		47807
261		120742		10509024		47807
262		120741		10509033		47806
263		120740		10509042		47806
264		120738		10509050		47806
265		120737		10509057		47805
266		120734		10509066		47806
267		120735		10509073		47806
268		120735		10509081		47806
269		120734		10509090		47805
270		120732		10509098		47806
271		120731		10509105		47806
272		120730		10509112		47806
273		120730		10509116		47806
274		120729		10509119		47807
275		120728		10509122		47807
276		120727		10509125		47808
277		120726		10509128		47808
278		120725		10509131		47808
279		120725		10509133		47808
280		120724		10509136		47809
281		120724		10509138		47809
282		120724		10509140		47809
283		120723		10509143		47807
284		120723		10509145		47807
285		120723		10509147		47807
286		120721		10509151		47807
287		120720		10509154		47807
288		120719		10509155		47809
289		120717		10509157		47809
290		120717		10509157		47809
291		120716		10509158		47809
292		120715		10509159		47809
293		120715		10509159		47809
294		120715		10509159		47809
295		120715		10509159		47809
296		120715		10509159		47809
297		120714		10509160		47809
298		120714		10509160		47809
299		120712		10509162		47809
300		120711		10509163		47810
301		120711		10509163		47810
302		120711		10509163		47810
303		120711		10509163		47810
304		120711		10509163		47810
305		120711		10509163		47810
306		120711		10509163		47810
307		120711		10509163		47810
308		120711		10509163		47810
309		120711		10509163		47810
310		120711		10509163		47810
311		120710		10509164		47810
312		120710		10509164		47810
313		120710		10509164		47810
314		120710		10509164		47810
315		120710		10509164		47810
316		120710		10509164		47810
317		120710		10509164		47810
318		120710		10509164		47810
319		120710		10509164		47810
320		120710		10509164		47810
321		120710		10509164		47810
322		120710		10509164		47810
323		120710		10509164		47810
324		120710		10509164		47810
325		120710		10509164		47810
326		120710		10509164		47810
327		120710		10509164		47810
328		120710		10509164		47810
329		120710		10509164		47810
330		120709		10509165		47810
331		120709		10509165		47810
332		120708		10509166		47808
333		120708		10509166		47808
334		120708		10509166		47808
335		120708		10509166		47808
336		120708		10509166		47808
337		120708		10509166		47808
338		120708		10509166		47808
339		120708		10509166		47808
340		120708		10509166		47808
341		120708		10509166		47808
342		120708		10509166		47808
343		120708		10509166		47808
344		120708		10509166		47808
345		120708		10509166		47808
346		120708		10509166		47808
347		120708		10509166		47808
348		120708		10509166		47808
349		120708		10509166		47808
350		120708		10509166		47808
351		120708		10509166		47808
352		120708		10509166		47808
353		120707		10509167		47807
354		120707		10509167		47807
355		120707		10509167		47807
356		120707		10509167		47807
357		120707		10509167		47807
358		120707		10509167		47807
359		120707		10509167		47807
360		120707		10509167		47807
361		120707		10509167		47807
362		120706		10509168		47807
363		120706		10509168		47807
364		120706		10509168		47807
365		120706		10509168		47807
366		120706		10509168		47807
367		120706		10509168		47807
368		120706		10509168		47807
369		120706		10509168		47807
370		120706		10509168		47807
371		120706		10509168		47807
372		120706		10509168		47807
373		120706		10509168		47807
374		120706		10509168		47807
375		120706		10509168		47807
376		120706		10509168		47807
377		120706		10509168		47807
378		120706		10509168		47807
379		120706		10509168		47807
380		120706		10509168		47807
381		120706		10509168		47807
382		120706		10509168		47807
383		120706		10509168		47807
384		120706		10509168		47807
385		120706		10509168		47807
386		120706		10509168		47807
387		120706		10509168		47807
388		120706		10509168		47807
389		120706		10509168		47807
390		120706		10509168		47807
391		120706		10509168		47807
392		120706		10509168		47807
393		120706		10509168		47807
394		120706		10509168		47807
395		120706		10509168		47807
396		120706		10509168		47807
397		120706		10509168		47807
398		120706		10509168		47807
399		120706		10509168		47807
400		120706		10509168		47807
401		120706		10509168		47807
402		120706		10509168		47807
403		120706		10509168		47807
404		120706		10509168		47807
405		120706		10509168		47807
406		120706		10509168		47807
407		120706		10509168		47807
408		120706		10509168		47807
409		120706		10509168		47807
410		120706		10509168		47807
411		120706		10509168		47807
412		120706		10509168		47807
413		120706		10509168		47807
414		120706		10509168		47807
415		120706		10509168		47807
416		120706		10509168		47807
417		120706		10509168		47807
418		120706		10509168		47807
419		120706		10509168		47807
420		120706		10509168		47807
421		120706		10509168		47807
422		120706		10509168		47807
423		120706		10509168		47807
424		120706		10509168		47807
425		120706		10509168		47807
426		120706		10509168		47807
427		120706		10509168		47807
428		120706		10509168		47807
429		120706		10509168		47807
430		120706		10509168		47807
431		120706		10509168		47807
432		120706		10509168		47807
433		120706		10509168		47807
434		120706		10509168		47807
435		120706		10509168		47807
436		120706		10509168		47807
437		120706		10509168		47807
438		120706		10509168		47807
439		120706		10509168		47807
440		120706		10509168		47807
441		120706		10509168		47807
442		120706		10509168		47807
443		120706		10509168		47807
444		120706		10509168		47807
445		120706		10509168		47807
446		120706		10509168		47807
447		120706		10509168		47807
448		120706		10509168		47807
449		120706		10509168		47807
450		120706		10509168		47807
451		120706		10509168		47807
452		120706		10509168		47807
453		120706		10509168		47807
454		120706		10509168		47807
455		120706		10509168		47807
456		120706		10509168		47807
457		120706		10509168		47807
458		120706		10509168		47807
459		120706		10509168		47807
460		120706		10509168		47807
461		120706		10509168		47807
462		120706		10509168		47807
463		120706		10509168		47807
464		120706		10509168		47807
465		120706		10509168		47807
466		120706		10509168		47807
467		120706		10509168		47807
468		120706		10509168		47807
469		120706		10509168		47807
470		120706		10509168		47807
471		120706		10509168		47807
472		120706		10509168		47807
473		120706		10509168		47807
474		120706		10509168		47807
475		120706		10509168		47807
476		120706		10509168		47807
477		120706		10509168		47807
478		120706		10509168		47807
479		120706		10509168		47807
480		120706		10509168		47807
481		120706		10509168		47807
482		120706		10509168		47807
483		120706		10509168		47807
484		120706		10509168		47807
485		120706		10509168		47807
486		120706		10509168		47807
487		120706		10509168		47807
488		120706		10509168		47807
489		120706		10509168		47807
490		120706		10509168		47807
491		120706		10509168		47807
492		120706		10509168		47807
493		120706		10509168		47807
494		120706		10509168		47807
495		120706		10509168		47807
496		120706		10509168		47807
497		120706		10509168		47807
498		120706		10509168		47807
499		120706		10509168		47807
500		120706		10509168		47807
501		120706		10509168		47807
502		120706		10509168		47807
503		120706		10509168		47807
504		120706		10509168		47807
505		120706		10509168		47807
506		120706		10509168		47807
507		120706		10509168		47807
508		120706		10509168		47807
509		120706		10509168		47807
510		120706		10509168		47807
511		120706		10509168		47807
512		120706		10509168		47807
513		120706		10509168		47807
514		120706		10509168		47807
515		120706		10509168		47807
516		120706		10509168		47807
517		120706		10509168		47807
518		120706		10509168		47807
519		120706		10509168		47807
520		120706		10509168		47807
521		120706		10509168		47807
522		120706		10509168		47807
523		120706		10509168		47807
524		120706		10509168		47807
525		120706		10509168		47807
526		120706		10509168		47807
527		120706		10509168		47807
528		120706		10509168		47807
529		120706		10509168		47807
530		120706		10509168		47807
531		120706		10509168		47807
532		120706		10509168		47807
533		120706		10509168		47807
534		120706		10509168		47807
535		120706		10509168		47807
536		120706		10509168		47807
537		120706		10509168		47807
538		120706		10509168		47807
539		120706		10509168		47807
540		120706		10509168		47807
541		120706		10509168		47807
542		120706		10509168		47807
543		120706		10509168		47807
544		120706		10509168		47807
545		120706		10509168		47807
546		120706		10509168		47807
547		120706		10509168		47807
548		120706		10509168		47807
549		120706		10509168		47807
550		120706		10509168		47807
551		120706		10509168		47807
552		120706		10509168		47807
553		120706		10509168		47807
554		120706		10509168		47807
555		120706		10509168		47807
556		120706		10509168		47807
557		120706		10509168		47807
558		120706		10509168		47807
559		120706		10509168		47807
560		120706		10509168		47807
561		120706		10509168		47807
562		120706		10509168		47807
563		120706		10509168		47807
564		120706		10509168		47807
565		120706		10509168		47807
566		120706		10509168		47807
567		120706		10509168		47807
568		120706		10509168		47807
569		120706		10509168		47807
570		120706		10509168		47807
571		120706		10509168		47807
572		120706		10509168		47807
573		120706		10509168		47807
574		120706		10509168		47807
575		120706		10509168		47807
576		120706		10509168		47807
577		120706		10509168		47807
578		120706		10509168		47807
579		120706		10509168		47807
580		120706		10509168		47807
581		120706		10509168		47807
582		120706		10509168		47807
583		120706		10509168		47807
584		120706		10509168		47807
585		120706		10509168		47807
586		120706		10509168		47807
587		120706		10509168		47807
588		120706		10509168		47807
589		120706		10509168		47807
590		120706		10509168		47807
591		120706		10509168		47807
592		120706		10509168		47807
593		120706		10509168		47807
594		120706		10509168		47807
595		120706		10509168		47807
596		120706		10509168		47807
597		120706		10509168		47807
598		120706		10509168		47807
599		120706		10509168		47807
600		120706		10509168		47807
601		120706		10509168		47807
602		120706		10509168		47807
603		120706		10509168		47807
604		120706		10509168		47807
605		120706		10509168		47807
606		120706		10509168		47807
607		120706		10509168		47807
608		120706		10509168		47807
609		120706		10509168		47807
610		120706		10509168		47807
611		120706		10509168		47807
612		120706		10509168		47807
613		120706		10509168		47807
614		120706		10509168		47807
615		120706		10509168		47807
616		120706		10509168		47807
617		120706		10509168		47807
618		120706		10509168		47807
619		120706		10509168		47807
620		120706		10509168		47807
621		120706		10509168		47807
622		120706		10509168		47807
623		120706		10509168		47807
624		120706		10509168		47807
625		120706		10509168		47807
626		120706		10509168		47807
627		120706		10509168		47807
628		120706		10509168		47807
629		120706		10509168		47807
630		120706		10509168		47807
631		120706		10509168		47807
632		120706		10509168		47807
633		120706		10509168		47807
634		120706		10509168		47807
635		120706		10509168		47807
636		120706		10509168		47807
637		120706		10509168		47807
638		120706		10509168		47807
639		120706		10509168		47807
640		120706		10509168		47807
641		120706		10509168		47807
642		120706		10509168		47807
643		120706		10509168		47807
644		120706		10509168		47807
645		120706		10509168		47807
646		120706		10509168		47807
647		120706		10509168		47807
648		120706		10509168		47807
649		120706		10509168		47807
650		120706		10509168		47807
651		120706		10509168		47807
652		120706		10509168		47807
653		120706		10509168		47807
654		120706		10509168		47807
655		120706		10509168		47807
656		120706		10509168		47807
657		120706		10509168		47807
658		120706		10509168		47807
659		120706		10509168		47807
660		120706		10509168		47807
661		120706		10509168		47807
662		120706		10509168		47807
663		120706		10509168		47807
664		120706		10509168		47807
665		120706		10509168		47807
666		120706		10509168		47807
667		120706		10509168		47807
668		120706		10509168		47807
669		120706		10509168		47807
670		120706		10509168		47807
671		120706		10509168		47807
672		120706		10509168		47807
673		120706		10509168		47807
674		120706		10509168		47807
675		120706		10509168		47807
676		120706		10509168		47807
677		120706		10509168		47807
678		120706		10509168		47807
679		120706		10509168		47807
680		120706		10509168		47807
681		120706		10509168		47807
682		120706		10509168		47807
683		120706		10509168		47807
684		120706		10509168		47807
685		120706		10509168		47807
686		120706		10509168		47807
687		120706		10509168		47807
688		120706		10509168		47807
689		120706		10509168		47807
690		120706		10509168		47807
691		120706		10509168		47807
692		120706		10509168		47807
693		120706		10509168		47807
694		120706		10509168		47807
695		120706		10509168		47807
696		120706		10509168		47807
697		120706		10509168		47807
698		120706		10509168		47807
699		120706		10509168		47807
700		120706		10509168		47807
701		120706		10509168		47807
702		120706		10509168		47807
703		120706		10509168		47807
704		120706		10509168		47807
705		120706		10509168		47807
706		120706		10509168		47807
707		120706		10509168		47807
708		120706		10509168		47807
709		120706		10509168		47807
710		120706		10509168		47807
711		120706		10509168		47807
712		120706		10509168		47807
713		120706		10509168		47807
714		120706		10509168		47807
715		120706		10509168		47807
716		120706		10509168		47807
717		120706		10509168		47807
718		120706		10509168		47807
719		120706		10509168		47807
720		120706		10509168		47807
721		120706		10509168		47807
722		120706		10509168		47807
723		120706		10509168		47807
724		120706		10509168		47807
725		120706		10509168		47807
726		120706		10509168		47807
727		120706		10509168		47807
728		120706		10509168		47807
729		120706		10509168		47807
730		120706		10509168		47807
731		120706		10509168		47807
732		120706		10509168		47807
733		120706		10509168		47807
734		120706		10509168		47807
735		120706		10509168		47807
736		120706		10509168		47807
737		120706		10509168		47807
738		120706		10509168		47807
739		120706		10509168		47807
740		120706		10509168		47807
741		120706		10509168		47807
742		120706		10509168		47807
743		120706		10509168		47807
744		120706		10509168		47807
745		120706		10509168		47807
746		120706		10509168		47807
747		120706		10509168		47807
748		120706		10509168		47807
749		120706		10509168		47807
750		120706		10509168		47807
751		120706		10509168		47807
752		120706		10509168		47807
753		120706		10509168		47807
754		120706		10509168		47807
755		120706		10509168		47807
756		120706		10509168		47807
757		120706		10509168		47807
758		120706		10509168		47807
759		120706		10509168		47807
760		120706		10509168		47807
761		120706		10509168		47807
762		120706		10509168		47807
763		120706		10509168		47807
764		120706		10509168		47807
765		120706		10509168		47807
766		120706		10509168		47807
767		120706		10509168		47807
768		120706		10509168		47807
769		120706		10509168		47807
770		120706		10509168		47807
771		120706		10509168		47807
772		120706		10509168		47807
773		120706		10509168		47807
774		120706		10509168		47807
775		120706		10509168		47807
776		120706		10509168		47807
777		120706		10509168		47807
778		120706		10509168		47807
779		120706		10509168		47807
780		120706		10509168		47807
781		120706		10509168		47807
782		120706		10509168		47807
783		120706		10509168		47807
784		120706		10509168		47807
785		120706		10509168		47807
786		120706		10509168		47807
787		120706		10509168		47807
788		120706		10509168		47807
789		120706		10509168		47807
790		120706		10509168		47807
791		120706		10509168		47807
792		120706		10509168		47807
793		120706		10509168		47807
794		120706		10509168		47807
795		120706		10509168		47807
796		120706		10509168		47807
797		120706		10509168		47807
798		120706		10509168		47807
799		120706		10509168		47807
800		120706		10509168		47807
801		120706		10509168		47807
802		120706		10509168		47807
803		120706		10509168		47807
804		120706		10509168		47807
805		120706		10509168		47807
806		120706		10509168		47807
807		120706		10509168		47807
808		120706		10509168		47807
809		120706		10509168		47807
810		120706		10509168		47807
811		120706		10509168		47807
812		120706		10509168		47807
813		120706		10509168		47807
814		120706		10509168		47807
815		120706		10509168		47807
816		120706		10509168		47807
817		120706		10509168		47807
818		120706		10509168		47807
819		120706		10509168		47807
820		120706		10509168		47807
821		120706		10509168		47807
822		120706		10509168		47807
823		120706		10509168		47807
824		120706		10509168		47807
825		120706		10509168		47807
826		120706		10509168		47807
827		120706		10509168		47807
828		120706		10509168		47807
829		120706		10509168		47807
830		120706		10509168		47807
831		120706		10509168		47807
832		120706		10509168		47807
833		120706		10509168		47807
834		120706		10509168		47807
835		120706		10509168		47807
836		120706		10509168		47807
837		120706		10509168		47807
838		120706		10509168		47807
839		120706		10509168		47807
840		120706		10509168		47807
841		120706		10509168		47807
842		120706		10509168		47807
843		120706		10509168		47807
844		120706		10509168		47807
845		120706		10509168		47807
846		120706		10509168		47807
847		120706		10509168		47807
848		120706		10509168		47807
849		120706		10509168		47807
850		120706		10509168		47807
851		120706		10509168		47807
852		120706		10509168		47807
853		120706		10509168		47807
854		120706		10509168		47807
855		120706		10509168		47807
856		120706		10509168		47807
857		120706		10509168		47807
858		120706		10509168		47807
859		120706		10509168		47807
860		120706		10509168		47807
861		120706		10509168		47807
862		120706		10509168		47807
863		120706		10509168		47807
864		120706		10509168		47807
865		120706		10509168		47807
866		120706		10509168		47807
867		120706		10509168		47807
868		120706		10509168		47807
869		120706		10509168		47807
870		120706		10509168		47807
871		120706		10509168		47807
872		120706		10509168		47807
873		120706		10509168		47807
874		120706		10509168		47807
875		120706		10509168		47807
876		120706		10509168		47807
877		120706		10509168		47807
878		120706		10509168		47807
879		120706		10509168		47807
880		120706		10509168		47807
881		120706		10509168		47807
882		120706		10509168		47807
883		120706		10509168		47807
884		120706		10509168		47807
885		120706		10509168		47807
886		120706		10509168		47807
887		120706		10509168		47807
888		120706		10509168		47807
889		120706		10509168		47807
890		120706		10509168		47807
891		120706		10509168		47807
892		120706		10509168		47807
893		120706		10509168		47807
894		120706		10509168		47807
895		120706		10509168		47807
896		120706		10509168		47807
897		120706		10509168		47807
898		120706		10509168		47807
899		120706		10509168		47807
900		120706		10509168		47807
901		120706		10509168		47807
902		120706		10509168		47807
903		120706		10509168		47807
904		120706		10509168		47807
905		120706		10509168		47807
906		120706		10509168		47807
907		120706		10509168		47807
908		120706		10509168		47807
909		120706		10509168		47807
910		120706		10509168		47807
911		120706		10509168		47807
912		120706		10509168		47807
913		120706		10509168		47807
914		120706		10509168		47807
915		120706		10509168		47807
916		120706		10509168		47807
917		120706		10509168		47807
918		120706		10509168		47807
919		120706		10509168		47807
920		120706		10509168		47807
921		120706		10509168		47807
922		120706		10509168		47807
923		120706		10509168		47807
924		120706		10509168		47807
925		120706		10509168		47807
926		120706		10509168		47807
927		120706		10509168		47807
928		120706		10509168		47807
929		120706		10509168		47807
930		120706		10509168		47807
931		120706		10509168		47807
932		120706		10509168		47807
933		120706		10509168		47807
934		120706		10509168		47807
935		120706		10509168		47807
936		120706		10509168		47807
937		120706		10509168		47807
938		120706		10509168		47807
939		120706		10509168		47807
940		120706		10509168		47807
941		120706		10509168		47807
942		120706		10509168		47807
943		120706		10509168		47807
944		120706		10509168		47807
945		120706		10509168		47807
946		120706		10509168		47807
947		120706		10509168		47807
948		120706		10509168		47807
949		120706		10509168		47807
950		120706		10509168		47807
951		120706		10509168		47807
952		120706		10509168		47807
953		120706		10509168		47807
954		120706		10509168		47807
955		120706		10509168		47807
956		120706		10509168		47807
957		120706		10509168		47807
958		120706		10509168		47807
959		120706		10509168		47807
960		120706		10509168		47807
961		120706		10509168		47807
962		120706		10509168		47807
963		120706		10509168		47807
964		120706		10509168		47807
965		120706		10509168		47807
966		120706		10509168		47807
967		120706		10509168		47807
968		120706		10509168		47807
969		120706		10509168		47807
970		120706		10509168		47807
971		120706		10509168		47807
972		120706		10509168		47807
973		120706		10509168		47807
974		120706		10509168		47807
975		120706		10509168		47807
976		120706		10509168		47807
977		120706		10509168		47807
978		120706		10509168		47807
979		120706		10509168		47807
980		120706		10509168		47807
981		120706		10509168		47807
982		120706		10509168		47807
983		120706		10509168		47807
984		120706		10509168		47807
985		120706		10509168		47807
986		120706		10509168		47807
987		120706		10509168		47807
988		120706		10509168		47807
989		120706		10509168		47807
990		120706		10509168		47807
991		120706		10509168		47807
992		120706		10509168		47807
993		120706		10509168		47807
994		120706		10509168		47807
995		120706		10509168		47807
996		120706		10509168		47807
997		120706		10509168		47807
998		120706		10509168		47807
999		120706		10509168		47807
