# Migration is number of nodes that have changed color.

Round		Edge-Cut		Swaps		Migrations		Skipped
0		422178		56792		48979
1		267406		98761		46846
2		207980		128418		47291
3		183393		150077		47432
4		169477		167046		47351
5		161713		180751		47541
6		156785		192124		47486
7		153535		201894		47544
8		151363		210438		47488
9		149644		217947		47476
10		148219		224868		47522
11		147001		231211		47621
12		145914		237076		47547
13		144960		242490		47492
14		144366		247496		47472
15		143841		252291		47551
16		143411		256637		47574
17		143002		260759		47563
18		142702		264575		47563
19		142507		268271		47576
20		142302		271893		47594
21		142082		275314		47603
22		141817		278506		47590
23		141589		281640		47550
24		141425		284575		47619
25		141247		287363		47582
26		141110		290031		47580
27		140905		292625		47575
28		140835		295178		47643
29		140735		297641		47652
30		140609		300057		47630
31		140552		302424		47635
32		140477		304752		47593
33		140374		307005		47625
34		140329		309220		47580
35		140204		311435		47581
36		140154		313571		47609
37		140040		315668		47596
38		139998		317787		47570
39		139955		319787		47574
40		139854		321857		47608
41		139796		323840		47591
42		139771		325817		47548
43		139723		327697		47571
44		139645		329623		47540
45		139624		331493		47544
46		139615		333434		47555
47		139560		335343		47603
48		139507		337105		47577
49		139483		338904		47585
50		139449		340734		47521
51		139420		342429		47553
52		139371		344137		47579
53		139364		345823		47580
54		139360		347530		47570
55		139310		349265		47550
56		139286		350959		47565
57		139260		352586		47579
58		139237		354256		47599
59		139190		355871		47617
60		139194		357520		47607
61		139148		359131		47572
62		139129		360714		47605
63		139058		362126		47602
64		139012		363605		47656
65		139003		365060		47619
66		138993		366464		47594
67		138921		367868		47555
68		138904		369269		47555
69		138893		370670		47577
70		138936		372087		47531
71		138876		373539		47537
72		138887		374931		47524
73		138902		376286		47514
74		138942		377716		47496
75		138906		379090		47509
76		138871		380486		47555
77		138855		381878		47487
78		138820		383207		47526
79		138801		384607		47518
80		138836		385958		47510
81		138853		387445		47536
82		138840		388833		47501
83		138789		390269		47514
84		138769		391635		47542
85		138772		392994		47553
86		138753		394378		47566
87		138802		395752		47537
88		138789		397135		47491
89		138801		398490		47499
90		138779		399904		47507
91		138778		401317		47512
92		138773		402656		47525
93		138771		404019		47559
94		138780		405395		47501
95		138770		406770		47502
96		138762		408155		47481
97		138721		409503		47516
98		138698		410820		47554
99		138687		412141		47551
100		138614		413456		47549
101		138594		414736		47550
102		138554		415999		47572
103		138534		417290		47555
104		138515		418668		47555
105		138513		419983		47538
106		138494		421282		47549
107		138453		422591		47525
108		138463		423879		47525
109		138432		425245		47582
110		138412		426500		47552
111		138417		427675		47551
112		138391		428876		47577
113		138378		430033		47595
114		138347		431136		47594
115		138371		432342		47563
116		138353		433519		47566
117		138368		434754		47566
118		138344		435960		47557
119		138349		437180		47579
120		138342		438360		47581
121		138305		439453		47558
122		138320		440640		47546
123		138297		441790		47480
124		138292		442916		47500
125		138268		444044		47526
126		138261		445160		47483
127		138263		446296		47465
128		138250		447405		47471
129		138255		448550		47489
130		138271		449657		47476
131		138229		450749		47523
132		138259		451853		47516
133		138284		453038		47514
134		138264		454216		47530
135		138256		455335		47525
136		138231		456452		47532
137		138230		457567		47596
138		138232		458700		47551
139		138202		459827		47591
140		138223		460948		47588
141		138238		462136		47604
142		138266		463275		47564
143		138296		464459		47509
144		138303		465622		47515
145		138331		466883		47497
146		138297		468065		47537
147		138278		469260		47594
148		138287		470450		47523
149		138287		471647		47529
150		138275		472855		47514
151		138339		474056		47524
152		138341		475261		47508
153		138340		476475		47560
154		138305		477709		47561
155		138318		478960		47583
156		138318		480195		47591
157		138326		481436		47586
158		138291		482708		47569
159		138335		483945		47567
160		138308		485137		47589
161		138294		486379		47534
162		138268		487574		47521
163		138261		488734		47544
164		138264		489913		47534
165		138269		491098		47579
166		138274		492280		47564
167		138285		493444		47578
168		138259		494611		47563
169		138253		495743		47571
170		138231		496945		47600
171		138238		498115		47614
172		138281		499362		47587
173		138247		500653		47516
174		138186		501902		47497
175		138102		503135		47514
176		138091		504326		47535
177		138103		505571		47534
178		138101		506782		47542
179		138071		508003		47512
180		138049		509251		47578
181		138027		510467		47597
182		138020		511727		47562
183		138015		512952		47575
184		137971		514109		47575
185		137981		515267		47538
186		137966		516391		47524
187		137987		517550		47574
188		137912		518709		47563
189		137927		519809		47610
190		137855		520933		47601
191		137865		522060		47604
192		137840		523190		47576
193		137829		524345		47598
194		137839		525531		47567
195		137792		526679		47620
196		137792		527825		47595
197		137794		528996		47597
198		137762		530097		47564
199		137809		531237		47569
200		137776		532396		47533
201		137745		533493		47518
202		137688		534582		47577
203		137604		535683		47544
204		137538		536781		47562
205		137487		538030		47591
206		137409		539243		47542
207		137310		540478		47540
208		137275		541724		47513
209		137242		542919		47537
210		137237		544145		47560
211		137230		545315		47614
212		137214		546533		47616
213		137178		547756		47600
214		137201		548936		47635
215		137216		550173		47659
216		137190		551395		47619
217		137139		552594		47592
218		137123		553729		47596
219		137117		554915		47565
220		137096		556052		47551
221		137091		557216		47563
222		137108		558385		47566
223		137091		559599		47569
224		137115		560818		47554
225		137106		562051		47605
226		137119		563304		47612
227		137084		564549		47596
228		137089		565717		47556
229		137076		566894		47589
230		137083		568082		47635
231		137091		569318		47606
232		137104		570514		47601
233		137079		571723		47604
234		137049		572940		47595
235		137043		574122		47593
236		137076		575262		47593
237		137079		576413		47616
238		137105		577584		47555
239		137089		578797		47617
240		137082		579979		47583
241		137070		581094		47580
242		137046		582216		47610
243		137032		583344		47607
244		137005		584504		47593
245		136952		585581		47574
246		136964		586713		47559
247		136949		587830		47598
248		136953		588928		47567
249		137004		590050		47536
250		137002		591187		47492
251		137031		592366		47550
252		137057		593547		47576
253		137003		594663		47597
254		137043		595795		47591
255		137038		596966		47582
256		137009		598145		47601
257		137007		599304		47605
258		136996		600465		47634
259		136982		601625		47620
260		136968		602827		47596
261		137007		604038		47624
262		136979		605217		47614
263		136965		606312		47623
264		136942		607473		47617
265		136934		608545		47601
266		136933		609693		47585
267		136952		610804		47567
268		136941		611910		47556
269		136918		612977		47555
270		136936		614091		47506
271		136954		615180		47496
272		136958		616292		47494
273		136957		617410		47512
274		136947		618561		47528
275		136968		619700		47527
276		136923		620811		47561
277		136915		621901		47549
278		136913		623019		47584
279		136906		624136		47583
280		136942		625226		47572
281		136895		626243		47566
282		136917		627298		47598
283		136894		628317		47577
284		136866		629347		47601
285		136892		630347		47594
286		136916		631424		47593
287		136948		632586		47577
288		136912		633688		47566
289		136875		634782		47612
290		136853		635816		47584
291		136875		636864		47567
292		136875		637896		47586
293		136883		638936		47620
294		136879		639953		47617
295		136864		641010		47591
296		136876		642032		47637
297		136902		643104		47607
298		136915		644159		47599
299		136897		645224		47612
300		136888		646237		47597
301		136885		647301		47565
302		136894		648359		47567
303		136897		649404		47565
304		136919		650417		47606
305		136922		651466		47609
306		136939		652620		47564
307		136912		653693		47543
308		136907		654836		47542
309		136856		655987		47571
310		136890		657151		47574
311		136849		658212		47580
312		136860		659305		47542
313		136884		660381		47555
314		136865		661483		47574
315		136829		662499		47548
316		136867		663542		47607
317		136892		664648		47581
318		136876		665709		47617
319		136881		666773		47636
320		136850		667891		47621
321		136845		668922		47641
322		136841		669988		47594
323		136858		671026		47599
324		136874		672101		47600
325		136863		673167		47575
326		136840		674224		47549
327		136865		675311		47559
328		136843		676351		47582
329		136847		677426		47574
330		136852		678560		47583
331		136856		679592		47579
332		136810		680611		47559
333		136803		681648		47567
334		136819		682721		47541
335		136811		683771		47580
336		136770		684741		47570
337		136786		685821		47576
338		136802		686870		47544
339		136797		687945		47570
340		136833		689033		47535
341		136825		690172		47588
342		136849		691203		47556
343		136843		692303		47560
344		136827		693382		47576
345		136811		694438		47547
346		136777		695461		47552
347		136785		696489		47561
348		136778		697527		47605
349		136792		698575		47573
350		136802		699590		47562
351		136816		700679		47590
352		136830		701762		47558
353		136855		702897		47583
354		136858		703999		47568
355		136852		705072		47591
356		136864		706168		47592
357		136858		707271		47630
358		136826		708392		47595
359		136840		709458		47607
360		136840		710555		47586
361		136821		711628		47567
362		136819		712666		47564
363		136813		713744		47561
364		136784		714827		47579
365		136766		715874		47588
366		136767		716948		47582
367		136782		718000		47620
368		136808		719112		47639
369		136810		720230		47577
370		136785		721303		47612
371		136816		722401		47652
372		136778		723513		47650
373		136671		724720		47640
374		136632		725892		47629
375		136603		727040		47603
376		136608		728149		47590
377		136573		729280		47657
378		136572		730395		47631
379		136568		731560		47587
380		136535		732683		47604
381		136552		733759		47595
382		136556		734900		47590
383		136560		736005		47607
384		136553		737054		47615
385		136535		738142		47568
386		136535		739303		47626
387		136542		740472		47620
388		136534		741622		47629
389		136513		742771		47631
390		136510		743958		47599
391		136503		745118		47631
392		136507		746305		47652
393		136506		747437		47657
394		136496		748543		47623
395		136520		749677		47640
396		136485		750790		47683
397		136477		751858		47673
398		136503		752896		47665
399		136512		754040		47629
400		136496		755123		47616
401		136500		756191		47604
402		136509		757313		47617
403		136496		758451		47610
404		136474		759587		47605
405		136495		760709		47599
406		136486		761868		47616
407		136478		763008		47612
408		136484		764124		47613
409		136480		765234		47613
410		136469		766329		47614
411		136464		767452		47598
412		136467		768568		47637
413		136456		769646		47588
414		136461		770724		47614
415		136447		771811		47609
416		136448		772875		47616
417		136407		773912		47629
418		136388		774933		47621
419		136421		775949		47576
420		136375		776992		47562
421		136394		778078		47551
422		136395		779115		47537
423		136422		780141		47567
424		136437		781226		47587
425		136445		782286		47567
426		136452		783356		47574
427		136449		784434		47611
428		136468		785514		47607
429		136438		786636		47578
430		136472		787677		47608
431		136445		788796		47604
432		136444		789894		47602
433		136473		790938		47604
434		136481		792044		47624
435		136453		793119		47633
436		136417		794169		47640
437		136441		795238		47646
438		136408		796284		47599
439		136396		797333		47632
440		136421		798372		47646
441		136436		799446		47632
442		136452		800517		47593
443		136433		801560		47568
444		136416		802601		47560
445		136399		803579		47568
446		136419		804588		47519
447		136406		805650		47598
448		136410		806657		47620
449		136415		807638		47606
450		136410		808673		47603
451		136399		809713		47633
452		136416		810738		47637
453		136415		811703		47627
454		136402		812717		47651
455		136391		813744		47618
456		136352		814760		47634
457		136376		815784		47630
458		136366		816808		47637
459		136346		817838		47640
460		136381		818858		47653
461		136381		819859		47632
462		136401		820924		47640
463		136396		821967		47618
464		136439		823011		47639
465		136413		824089		47624
466		136422		825115		47666
467		136376		826100		47636
468		136393		827113		47628
469		136454		828130		47632
470		136442		829182		47614
471		136439		830261		47608
472		136427		831359		47547
473		136406		832377		47554
474		136399		833438		47578
475		136401		834426		47601
476		136380		835450		47632
477		136349		836512		47623
478		136379		837598		47589
479		136411		838725		47609
480		136419		839811		47607
481		136360		840866		47581
482		136368		841862		47584
483		136380		842933		47607
484		136384		843924		47570
485		136374		844940		47635
486		136351		845950		47603
487		136365		846927		47626
488		136351		847902		47610
489		136367		848919		47613
490		136345		849927		47609
491		136356		850944		47593
492		136364		852041		47660
493		136342		853082		47633
494		136315		854131		47626
495		136323		855111		47612
496		136312		856131		47648
497		136315		857125		47644
498		136330		858196		47638
499		136329		859256		47631
500		136296		860307		47641
501		136325		861400		47623
502		136349		862438		47616
503		136340		863567		47624
504		136339		864659		47578
505		136356		865748		47568
506		136345		866788		47579
507		136351		867857		47578
508		136342		868944		47604
509		136330		870040		47584
510		136357		871105		47597
511		136375		872198		47638
512		136404		873285		47636
513		136407		874402		47639
514		136392		875474		47605
515		136405		876642		47615
516		136377		877763		47606
517		136386		878849		47597
518		136422		880040		47573
519		136417		881216		47573
520		136401		882404		47605
521		136389		883573		47630
522		136394		884727		47628
523		136390		885856		47615
524		136397		886953		47622
525		136440		888118		47637
526		136397		889265		47579
527		136392		890405		47608
528		136388		891536		47606
529		136370		892557		47614
530		136381		893709		47620
531		136406		894817		47646
532		136389		895975		47639
533		136402		897096		47626
534		136376		898236		47619
535		136387		899377		47620
536		136385		900503		47616
537		136359		901613		47646
538		136378		902755		47656
539		136379		903865		47649
540		136399		904976		47617
541		136408		906137		47642
542		136383		907266		47679
543		136355		908398		47678
544		136357		909471		47664
545		136383		910621		47669
546		136379		911696		47701
547		136419		912859		47675
548		136424		914017		47640
549		136429		915154		47629
550		136455		916255		47665
551		136455		917397		47671
552		136450		918585		47681
553		136437		919722		47677
554		136433		920858		47668
555		136452		922002		47623
556		136478		923244		47578
557		136454		924409		47579
558		136425		925558		47586
559		136408		926650		47554
560		136414		927794		47593
561		136410		928950		47614
562		136434		930089		47624
563		136410		931258		47642
564		136414		932418		47636
565		136383		933555		47604
566		136404		934694		47598
567		136385		935805		47623
568		136342		936900		47614
569		136354		937994		47575
570		136370		939125		47586
571		136337		940184		47586
572		136312		941226		47591
573		136285		942299		47566
574		136317		943386		47589
575		136343		944484		47552
576		136353		945539		47531
577		136344		946578		47586
578		136330		947697		47596
579		136339		948801		47607
580		136361		949907		47573
581		136339		950992		47637
582		136344		952024		47597
583		136337		953094		47583
584		136328		954138		47583
585		136352		955195		47573
586		136324		956267		47554
587		136350		957374		47596
588		136312		958501		47573
589		136336		959602		47573
590		136368		960687		47610
591		136308		961746		47610
592		136343		962792		47603
593		136340		963804		47629
594		136267		964824		47625
595		136243		965711		47680
596		136217		966630		47659
597		136239		967621		47647
598		136226		968522		47604
599		136203		969405		47591
600		136194		970339		47589
601		136199		971265		47592
602		136198		972206		47560
603		136189		973128		47593
604		136219		974061		47597
605		136218		974981		47595
606		136225		975996		47599
607		136241		976964		47588
608		136243		977999		47559
609		136220		979051		47576
610		136238		980064		47573
611		136217		981041		47547
612		136201		981981		47589
613		136194		982941		47590
614		136205		983973		47585
615		136220		984934		47593
616		136194		985891		47570
617		136213		986883		47650
618		136219		987897		47658
619		136241		988896		47616
620		136257		989945		47574
621		136243		990968		47596
622		136255		992061		47567
623		136269		993114		47588
624		136262		994174		47587
625		136244		995273		47575
626		136241		996300		47595
627		136233		997315		47623
628		136259		998289		47626
629		136257		999282		47617
630		136246		1000317		47618
631		136275		1001332		47613
632		136233		1002374		47592
633		136257		1003418		47588
634		136222		1004446		47585
635		136203		1005392		47627
636		136202		1006328		47624
637		136207		1007317		47667
638		136207		1008310		47666
639		136222		1009335		47593
640		136222		1010323		47610
641		136189		1011323		47630
642		136204		1012282		47679
643		136195		1013258		47641
644		136187		1014213		47600
645		136223		1015210		47617
646		136213		1016131		47619
647		136190		1017063		47681
648		136201		1018034		47659
649		136189		1018965		47656
650		136205		1019892		47635
651		136203		1020944		47601
652		136171		1021912		47609
653		136213		1022912		47627
654		136214		1023944		47682
655		136187		1024925		47637
656		136205		1025888		47608
657		136177		1026817		47633
658		136201		1027816		47633
659		136210		1028815		47662
660		136235		1029823		47676
661		136217		1030828		47650
662		136234		1031793		47636
663		136190		1032799		47606
664		136208		1033778		47627
665		136210		1034800		47678
666		136191		1035821		47663
667		136200		1036803		47647
668		136190		1037769		47621
669		136209		1038783		47600
670		136224		1039773		47620
671		136196		1040749		47626
672		136156		1041676		47603
673		136167		1042634		47591
674		136223		1043588		47593
675		136203		1044594		47622
676		136196		1045597		47660
677		136188		1046550		47642
678		136219		1047554		47615
679		136201		1048501		47609
680		136212		1049480		47609
681		136229		1050430		47612
682		136193		1051439		47596
683		136187		1052406		47594
684		136175		1053358		47628
685		136193		1054335		47587
686		136178		1055335		47584
687		136210		1056346		47577
688		136225		1057355		47552
689		136216		1058349		47584
690		136223		1059402		47626
691		136175		1060363		47610
692		136164		1061324		47644
693		136164		1062308		47614
694		136182		1063306		47649
695		136212		1064272		47616
696		136210		1065246		47634
697		136223		1066217		47646
698		136237		1067236		47629
699		136239		1068315		47633
700		136228		1069332		47634
701		136223		1070340		47619
702		136184		1071339		47628
703		136208		1072334		47625
704		136207		1073302		47651
705		136232		1074361		47635
706		136256		1075324		47652
707		136232		1076347		47648
708		136262		1077389		47616
709		136254		1078464		47618
710		136261		1079484		47600
711		136208		1080461		47645
712		136205		1081533		47622
713		136229		1082568		47654
714		136215		1083616		47658
715		136200		1084646		47627
716		136210		1085629		47666
717		136204		1086614		47646
718		136200		1087570		47635
719		136198		1088569		47655
720		136185		1089554		47662
721		136200		1090517		47669
722		136203		1091570		47619
723		136239		1092635		47647
724		136227		1093660		47653
725		136223		1094715		47650
726		136234		1095757		47651
727		136257		1096868		47611
728		136238		1097974		47613
729		136237		1099057		47581
730		136257		1100099		47632
731		136237		1101156		47616
732		136216		1102203		47603
733		136213		1103226		47617
734		136212		1104209		47611
735		136197		1105236		47603
736		136189		1106273		47624
737		136172		1107293		47651
738		136151		1108257		47668
739		136145		1109222		47721
740		136133		1110199		47702
741		136151		1111139		47700
742		136131		1112114		47695
743		136139		1113079		47656
744		136145		1114083		47663
745		136121		1115062		47685
746		136135		1116039		47670
747		136102		1116970		47669
748		136094		1117907		47675
749		136109		1118848		47619
750		136122		1119806		47672
751		136091		1120834		47625
752		136098		1121769		47677
753		136109		1122709		47645
754		136098		1123648		47660
755		136107		1124604		47643
756		136136		1125536		47657
757		136129		1126588		47679
758		136126		1127574		47671
759		136151		1128586		47629
760		136140		1129668		47651
761		136161		1130618		47665
762		136170		1131621		47675
763		136140		1132603		47665
764		136163		1133543		47659
765		136164		1134481		47622
766		136132		1135436		47622
767		136135		1136396		47630
768		136148		1137361		47621
769		136121		1138354		47642
770		136136		1139285		47647
771		136127		1140213		47645
772		136115		1141202		47614
773		136118		1142234		47604
774		136114		1143198		47614
775		136154		1144213		47646
776		136123		1145222		47638
777		136124		1146218		47622
778		136146		1147195		47619
779		136163		1148201		47643
780		136135		1149145		47658
781		136112		1150059		47662
782		136098		1151008		47649
783		136132		1151933		47631
784		136127		1152947		47636
785		136127		1153915		47614
786		136114		1154914		47642
787		136120		1155870		47614
788		136117		1156831		47640
789		136122		1157779		47626
790		136079		1158703		47623
791		136085		1159622		47594
792		136099		1160572		47618
793		136131		1161528		47615
794		136114		1162497		47638
795		136141		1163442		47617
796		136125		1164383		47650
797		136134		1165287		47617
798		136135		1166248		47599
799		136119		1167182		47625
800		136097		1168095		47630
801		136087		1169003		47628
802		136068		1169899		47622
803		136103		1170797		47628
804		136116		1171740		47641
805		136115		1172682		47650
806		136118		1173670		47618
807		136123		1174640		47647
808		136153		1175656		47652
809		136119		1176600		47643
810		136116		1177585		47634
811		136115		1178602		47655
812		136096		1179599		47667
813		136119		1180586		47671
814		136120		1181572		47650
815		136119		1182546		47677
816		136147		1183546		47643
817		136127		1184546		47629
818		136136		1185538		47641
819		136110		1186538		47647
820		136112		1187478		47646
821		136124		1188430		47617
822		136111		1189381		47651
823		136099		1190377		47627
824		136113		1191381		47637
825		136139		1192352		47646
826		136152		1193331		47612
827		136173		1194341		47619
828		136155		1195358		47623
829		136177		1196355		47611
830		136160		1197367		47607
831		136157		1198377		47587
832		136143		1199362		47664
833		136167		1200389		47620
834		136207		1201399		47626
835		136201		1202429		47652
836		136169		1203519		47619
837		136169		1204505		47618
838		136187		1205542		47647
839		136191		1206575		47633
840		136155		1207590		47611
841		136188		1208636		47600
842		136181		1209687		47623
843		136144		1210678		47633
844		136158		1211670		47632
845		136175		1212726		47619
846		136158		1213724		47595
847		136144		1214701		47595
848		136137		1215720		47625
849		136135		1216718		47675
850		136136		1217727		47628
851		136149		1218699		47626
852		136161		1219722		47659
853		136151		1220721		47626
854		136139		1221711		47589
855		136154		1222724		47586
856		136136		1223732		47596
857		136159		1224704		47605
858		136124		1225688		47608
859		136116		1226658		47600
860		136100		1227607		47570
861		136098		1228528		47566
862		136082		1229472		47578
863		136078		1230403		47571
864		136099		1231393		47585
865		136126		1232344		47617
866		136110		1233304		47628
867		136104		1234262		47640
868		136118		1235230		47628
869		136101		1236152		47615
870		136103		1237108		47611
871		136062		1238073		47603
872		136076		1239037		47583
873		136053		1239940		47538
874		136086		1240883		47555
875		136081		1241802		47544
876		136077		1242754		47548
877		136084		1243677		47590
878		136085		1244586		47592
879		136054		1245467		47606
880		136034		1246402		47593
881		136068		1247286		47562
882		136022		1248147		47602
883		136007		1248968		47579
884		136015		1249874		47596
885		136039		1250807		47571
886		136041		1251742		47614
887		136052		1252630		47623
888		136056		1253504		47626
889		136086		1254456		47594
890		136120		1255427		47588
891		136155		1256433		47589
892		136159		1257504		47586
893		136168		1258529		47602
894		136168		1259589		47601
895		136175		1260618		47602
896		136165		1261599		47601
897		136150		1262605		47572
898		136111		1263618		47573
899		136087		1264501		47558
900		136136		1265443		47557
901		136118		1266382		47565
902		136112		1267342		47589
903		136096		1268292		47593
904		136088		1269179		47612
905		136073		1270134		47590
906		136063		1271085		47620
907		136088		1272038		47589
908		136121		1273025		47575
909		136074		1274053		47633
910		136070		1274964		47603
911		136093		1275939		47585
912		136074		1276910		47603
913		136042		1277849		47576
914		136067		1278773		47577
915		136088		1279696		47592
916		136081		1280655		47619
917		136071		1281582		47598
918		136090		1282488		47632
919		136060		1283437		47584
920		136073		1284375		47601
921		136079		1285330		47593
922		136146		1286303		47576
923		136150		1287347		47613
924		136156		1288393		47619
925		136145		1289464		47640
926		136121		1290475		47627
927		136108		1291524		47598
928		136105		1292543		47609
929		136104		1293684		47614
930		136102		1294701		47612
931		136106		1295724		47635
932		136077		1296752		47622
933		136086		1297771		47619
934		136099		1298808		47620
935		136085		1299790		47640
936		136074		1300812		47624
937		136065		1301797		47611
938		136067		1302819		47626
939		136070		1303801		47640
940		136054		1304781		47619
941		136033		1305752		47577
942		135993		1306718		47586
943		135988		1307599		47611
944		135993		1308484		47632
945		135984		1309360		47642
946		135986		1310278		47655
947		135991		1311199		47676
948		136011		1312124		47651
949		135992		1313062		47683
950		135995		1314005		47663
951		135978		1314946		47691
952		135984		1315811		47686
953		136018		1316765		47701
954		136009		1317687		47656
955		136036		1318625		47651
956		136036		1319645		47665
957		136077		1320662		47689
958		136061		1321749		47643
959		136033		1322735		47672
960		136091		1323765		47640
961		136046		1324786		47670
962		136047		1325771		47636
963		136041		1326806		47614
964		136025		1327827		47619
965		136024		1328794		47608
966		135999		1329751		47622
967		136017		1330748		47606
968		136022		1331751		47571
969		136025		1332802		47583
970		136005		1333817		47546
971		135989		1334773		47551
972		136008		1335781		47602
973		136002		1336793		47609
974		136016		1337756		47624
975		135971		1338731		47636
976		135934		1339700		47622
977		135917		1340645		47627
978		135930		1341578		47639
979		135944		1342562		47631
980		135933		1343505		47673
981		135951		1344479		47656
982		135963		1345453		47641
983		135982		1346438		47657
984		135991		1347516		47631
985		135959		1348587		47594
986		135898		1349591		47619
987		135927		1350588		47679
988		135924		1351568		47624
989		135934		1352561		47656
990		135922		1353553		47648
991		135921		1354584		47647
992		135901		1355586		47632
993		135894		1356590		47646
994		135897		1357578		47609
995		135901		1358572		47605
996		135913		1359618		47636
997		135928		1360678		47642
998		135893		1361724		47634
999		135906		1362763		47643
