# Migration is number of nodes that have changed color.

Round		Edge-Cut		Swaps		Migrations		Skipped		ExecutionTime 
0		610697		63721		54885		2783
1		611532		127443		46879		5271
2		611413		191163		47785		7723
3		610701		254885		47404		10321
4		610593		318609		47591		12707
5		610622		382330		47508		15106
6		611044		446047		47722		17548
7		610906		509767		47661		19985
8		610970		573483		47623		22422
9		610898		637202		47507		24932
10		609985		700921		47568		27477
11		610935		764636		47857		30478
12		610994		828358		47508		32894
13		611024		892081		47402		35315
14		610577		955801		47835		37772
15		610916		1019519		47562		40202
16		610572		1083237		47696		42615
17		611219		1146959		47466		45038
18		610795		1210682		47522		47471
19		610666		1274402		47703		49842
20		610131		1338124		47652		52294
21		610561		1401853		47839		54836
22		610263		1465575		47564		57281
23		610599		1529297		47511		59679
24		610737		1593019		47684		62099
25		610857		1656743		47652		64487
26		611010		1720467		47619		66942
27		610882		1784189		47632		69375
28		611370		1847907		47485		71806
29		610811		1911631		47658		74273
30		610889		1975353		47583		76692
31		610626		2039078		47590		79130
32		610874		2102797		47708		81580
33		610430		2166519		47657		83972
34		611216		2230232		47789		86365
35		610898		2293953		47509		88788
36		611015		2357677		47717		91263
37		610628		2421400		47616		93671
38		610890		2485126		47714		96057
39		611256		2548848		47562		98460
40		611078		2612571		47687		100886
41		610925		2676294		47570		103242
42		610666		2740020		47613		105643
43		610855		2803746		47614		108037
44		610854		2867468		47593		110275
45		610876		2931189		47609		112644
46		610637		2994905		47637		115055
47		611071		3058628		47655		117458
48		611005		3122351		47756		119856
49		610948		3186078		47633		122241
50		611449		3249801		47559		124609
51		611300		3313524		47614		126985
52		611073		3377243		47564		129408
53		610474		3440964		47453		131766
54		611560		3504687		47886		134146
55		610820		3568406		47420		136538
56		610890		3632125		47634		138989
57		610754		3695846		47578		141376
58		610999		3759565		47739		143749
59		610579		3823288		47638		146107
60		611034		3887009		47654		148490
61		611142		3950731		47782		150917
62		611347		4014453		47651		153273
63		610356		4078176		47650		155652
64		611115		4141901		47552		158032
65		611860		4205616		47801		160396
66		611000		4269334		47756		162787
67		610539		4333058		47615		165221
68		610372		4396778		47594		167631
69		610025		4460498		47673		170056
70		610495		4524219		47695		172488
71		611696		4587934		47602		174910
72		610751		4651655		47688		177325
73		610684		4715375		47590		179694
74		610676		4779100		47815		182065
75		610350		4842822		47618		184435
76		610848		4906541		47611		186785
77		610600		4970260		47723		189214
78		610599		5033983		47482		191598
79		611304		5097708		47625		194000
80		610874		5161426		47673		196325
81		610881		5225145		47589		198673
82		610865		5288865		47590		201036
83		611224		5352585		47806		203414
84		610643		5416307		47626		205801
85		611064		5480024		47628		208211
86		611153		5543745		47725		210570
87		611644		5607466		47539		212967
88		610954		5671185		47738		215333
89		610883		5734908		47721		217751
90		611031		5798635		47643		220169
91		610178		5862349		47654		222560
92		611026		5926070		47844		224994
93		610076		5989789		47629		227413
94		611002		6053506		47802		229830
95		610600		6117231		47673		232277
96		611168		6180948		47603		234680
97		611030		6244668		47789		237045
98		611181		6308386		47645		239428
99		610737		6372105		47669		241808
100		611433		6435826		47668		244153
101		610280		6499541		47615		246523
102		610333		6563257		47875		248873
103		610510		6626978		47511		251251
104		611411		6690700		47485		253702
105		611281		6754428		47857		256149
106		610861		6818148		47836		258569
107		611533		6881869		47710		260934
108		610926		6945594		47643		263288
109		611530		7009318		47851		265715
110		611235		7073034		47446		268124
111		611556		7136759		47827		270559
112		610827		7200481		47475		272975
113		610938		7264200		47693		275356
114		610835		7327917		47674		277720
115		609943		7391639		47601		280063
116		610917		7455362		47573		282441
117		611861		7519087		47772		284827
118		611630		7582804		47593		287220
119		610575		7646521		47670		289566
120		611094		7710239		47640		291931
121		611015		7773962		47712		294318
122		610188		7837685		47622		296680
123		611055		7901410		47711		299055
124		610989		7965132		47757		301467
125		611050		8028857		47752		303860
126		611659		8092576		47582		306245
127		611335		8156296		47750		308656
128		611453		8220016		47570		311003
129		611016		8283738		47666		313365
130		610903		8347455		47839		315735
131		611221		8411176		47695		318107
132		610466		8474895		47678		320474
133		610727		8538616		47502		322827
134		611338		8602336		47560		325225
135		610872		8666063		47674		327574
136		611098		8729787		47345		329973
137		611859		8793511		47721		332387
138		611141		8857235		47606		334752
139		611681		8920956		47641		337109
140		610291		8984680		47699		339466
141		610973		9048400		47481		341863
142		610820		9112122		47695		344263
143		611150		9175844		47716		346663
144		610342		9239560		47604		349078
145		610561		9303283		47659		351478
146		610445		9367008		47616		353859
147		610405		9430723		47724		356219
148		610240		9494449		47870		358588
149		610976		9558165		47673		360977
150		611004		9621887		47664		363352
151		610577		9685615		47542		365758
152		611216		9749330		47601		368139
153		610663		9813056		47769		370530
154		611285		9876776		47708		372906
155		610669		9940495		47685		375320
156		610785		10004213		47721		377699
157		610889		10067933		47876		380070
158		611071		10131654		47731		382420
159		611037		10195378		47769		384821
160		610211		10259100		47516		387195
161		610549		10322822		47639		389575
162		610780		10386545		47622		391940
163		610705		10450267		47837		394313
164		611394		10513990		47632		396696
165		610480		10577711		47702		399077
166		610530		10641431		47719		401403
167		610848		10705151		47705		403778
168		611435		10768875		47504		406134
169		610982		10832599		47761		408502
170		610401		10896320		47964		410883
171		611174		10960037		47442		413241
172		611214		11023759		47795		415645
173		610980		11087479		47505		417999
174		610198		11151199		47823		420353
175		610147		11214916		47662		422733
176		610083		11278637		47861		425087
177		610677		11342358		47601		427472
178		611178		11406080		47810		429865
179		611314		11469802		47680		432246
180		610557		11533524		47606		434633
181		610788		11597243		47708		436983
182		610841		11660961		47683		439394
183		610344		11724681		48090		441760
184		610341		11788398		47444		444164
185		610129		11852121		47687		446535
186		611050		11915845		47724		448880
187		610654		11979568		47882		451263
188		611198		12043289		47713		453607
189		610398		12107010		47729		455939
190		610887		12170735		47714		458294
191		611470		12234459		47830		460645
192		610474		12298185		47590		463024
193		610742		12361904		47810		465406
194		610977		12425628		47720		467802
195		610337		12489346		47739		470182
196		611172		12553069		47786		472548
197		610866		12616788		48039		474922
198		611750		12680507		47867		477293
199		611448		12744233		47444		479642
200		611164		12807950		48046		482044
201		611131		12871669		47567		484425
202		611397		12935393		47809		486809
203		611281		12999119		47667		489203
204		611130		13062844		47689		491546
205		610936		13126568		47748		493910
206		610880		13190285		47768		496285
207		611344		13254006		47639		498648
208		610553		13317730		47594		500995
209		611323		13381454		47800		503363
210		610652		13445170		47704		505750
211		611307		13508897		47610		508125
212		611136		13572620		47644		510522
213		610843		13636340		47703		512898
214		610626		13700060		47625		515271
215		610572		13763776		47763		517610
216		611456		13827496		47640		520008
217		611257		13891218		47642		522400
218		610836		13954938		47596		524781
219		610109		14018664		47617		527198
220		610806		14082379		47574		529607
221		611669		14146103		47793		532031
222		610187		14209828		47783		534412
223		610952		14273549		47484		536836
224		610580		14337267		47773		539253
225		610769		14400989		47709		541712
226		610211		14464702		47740		544125
227		610726		14528424		47738		546516
228		611019		14592146		47784		548924
229		611070		14655865		47677		551342
230		610384		14719586		47664		553758
231		610626		14783311		47770		556144
232		610461		14847035		47887		558527
233		611404		14910759		47534		560919
234		611106		14974480		47619		563349
235		610648		15038203		47844		565769
236		611882		15101926		47695		568179
237		611553		15165650		47691		570593
238		611117		15229369		47733		573005
239		611056		15293091		47831		575405
240		611414		15356816		47694		577785
241		610059		15420538		47857		580172
242		611046		15484257		47623		582559
243		611202		15547980		47626		584934
244		610582		15611701		47672		587350
245		611320		15675422		47659		589775
246		611446		15739146		47748		592152
247		611223		15802866		47632		594556
248		610493		15866594		47533		596955
249		610745		15930315		47681		599372
250		611871		15994039		47721		601771
251		611086		16057764		47808		604195
252		611068		16121486		47791		606610
253		611257		16185214		47746		608976
254		611659		16248936		47807		611412
255		610875		16312654		47604		613814
256		610857		16376376		47789		616198
257		610700		16440098		47697		618610
258		610960		16503818		47874		621013
259		611226		16567538		47725		623482
260		611703		16631256		47655		625950
261		612003		16694978		47616		628442
262		611258		16758698		47770		630934
263		610184		16822417		47772		633418
264		611462		16886138		47563		635845
265		611198		16949859		47882		638250
266		611051		17013584		47728		640686
267		610723		17077305		47819		643085
268		611075		17141029		47784		645452
269		610563		17204752		47631		647854
270		610403		17268481		47826		650239
271		611257		17332199		47656		652690
272		611279		17395924		47783		655098
273		610803		17459646		47684		657519
274		611227		17523370		47752		659925
275		610924		17587093		47649		662313
276		610049		17650811		47880		664653
277		611426		17714532		47704		667013
278		611430		17778248		47796		669396
279		610323		17841966		47660		671753
280		611329		17905686		47868		674115
281		611885		17969404		47840		676466
282		610476		18033128		47674		678841
283		610638		18096850		47801		681228
284		611097		18160575		47662		683578
285		610503		18224295		47643		685970
286		611015		18288015		47744		688360
287		610652		18351739		47625		690779
288		611793		18415465		47907		693155
289		610328		18479186		47767		695522
290		610409		18542904		47767		697856
291		610687		18606623		47682		700243
292		611234		18670348		47921		702583
293		611195		18734066		47774		704959
294		610279		18797789		47785		707344
295		611311		18861510		47699		709705
296		610884		18925235		47770		712012
297		610660		18988955		47748		714394
298		610934		19052673		47693		716874
299		610746		19116397		47620		719303
300		610884		19180120		47604		721597
301		610676		19243839		47706		723919
302		611322		19307565		47814		726351
303		610414		19371286		47676		728758
304		611164		19435009		47710		731182
305		610680		19498734		47646		733584
306		610524		19562452		47790		736019
307		611449		19626173		47731		738440
308		610482		19689893		47723		740918
309		610637		19753617		47594		743321
310		610976		19817341		47875		745744
311		610112		19881061		47656		748169
312		611050		19944780		47791		750624
313		610829		20008502		47739		753076
314		610166		20072220		47723		755530
315		611347		20135938		47720		757974
316		610167		20199656		47818		760393
317		610696		20263379		47783		762814
318		611391		20327100		47825		765215
319		610573		20390824		47561		767652
320		610466		20454549		47797		770070
321		610517		20518272		47770		772468
322		611125		20581992		47730		774875
323		610698		20645714		47747		777257
324		611519		20709437		47696		779626
325		610888		20773160		47783		782036
326		611626		20836887		47789		784408
327		610895		20900609		47934		786838
328		610703		20964332		47856		789200
329		611646		21028054		47809		791565
330		611339		21091775		47925		793961
331		610325		21155496		47609		796389
332		611271		21219215		47556		798744
333		611321		21282939		47979		801128
334		611226		21346658		47617		803493
335		610873		21410379		47687		805875
336		610878		21474098		47630		808254
337		610689		21537822		47690		810574
338		611110		21601544		47734		812931
339		610437		21665270		47723		815316
340		610717		21728990		47775		817705
341		611261		21792715		47853		820052
342		611304		21856435		47761		822439
343		611077		21920152		47681		824769
344		611138		21983872		47880		827120
345		610895		22047596		47663		829520
346		610858		22111313		47818		831886
347		611550		22175036		48005		834287
348		610912		22238760		47618		836704
349		610982		22302477		47638		839095
350		611197		22366197		47874		841459
351		610860		22429913		47627		843800
352		610262		22493635		47739		846198
353		610060		22557354		47821		848549
354		610561		22621070		47728		850930
355		610577		22684794		47672		853316
356		611423		22748512		47738		855704
357		610409		22812234		47817		858072
358		610549		22875954		47629		860480
359		611327		22939674		47668		862908
360		611543		23003397		47861		865307
361		610678		23067116		47713		867707
362		610419		23130835		47715		870100
363		610902		23194555		47841		872519
364		611019		23258269		47832		874937
365		610246		23321991		47899		877331
366		610656		23385710		47654		879754
367		610821		23449433		47756		882190
368		610607		23513156		47754		884601
369		610615		23576876		47736		886989
370		610698		23640601		47759		889353
371		610478		23704322		47786		891723
372		610945		23768044		47663		894145
373		610241		23831768		47987		896527
374		610614		23895487		47666		898986
375		610823		23959207		47763		901409
376		611225		24022925		47758		903826
377		611352		24086649		47646		906240
378		610521		24150369		47731		908686
379		610821		24214089		47647		911063
380		611267		24277810		47772		913451
381		610907		24341527		47649		915778
382		611240		24405246		47818		918134
383		611515		24468973		47785		920506
384		610712		24532695		47859		922921
385		610927		24596419		47821		925327
386		611217		24660136		47857		927710
387		610598		24723855		47688		930123
388		610573		24787574		48019		932524
389		610831		24851299		47613		934947
390		611158		24915023		47868		937371
391		610818		24978743		47905		939793
392		610959		25042467		47630		942158
393		610991		25106190		47916		944596
394		611719		25169915		47770		946990
395		611391		25233632		47706		949372
396		610530		25297353		47846		951750
397		610878		25361076		47564		954138
398		611146		25424802		47843		956539
399		610175		25488518		47820		958929
400		611362		25552237		47593		961337
401		611224		25615964		47786		963757
402		610540		25679687		47633		966183
403		610460		25743406		47613		968595
404		610359		25807128		47972		971000
405		610255		25870848		47845		973407
406		610919		25934573		47873		975829
407		610001		25998296		47676		978253
408		611394		26062013		47638		980643
409		610447		26125739		48016		983071
410		610977		26189461		47642		985463
411		611374		26253177		47729		987843
412		611324		26316899		47845		990242
413		610810		26380622		47727		992615
414		611132		26444341		47922		995007
415		611022		26508061		47752		997404
416		610707		26571782		47694		999813
417		611080		26635511		47874		1002149
418		610518		26699234		47822		1004554
419		610356		26762956		47749		1006957
420		610673		26826683		47747		1009354
421		610808		26890400		47798		1011739
422		610578		26954124		47722		1014163
423		611030		27017842		47606		1016608
424		611073		27081569		47749		1018963
425		611190		27145287		47663		1021377
426		611094		27209007		47960		1023801
427		611197		27272727		47874		1026154
428		610424		27336457		47706		1028562
429		610522		27400180		47917		1030999
430		611105		27463908		47895		1033443
431		611223		27527628		47772		1035919
432		610598		27591344		47859		1038329
433		611743		27655064		47683		1040740
434		610813		27718785		47693		1043115
435		611446		27782506		47841		1045524
436		611137		27846231		47737		1047928
437		611264		27909948		47727		1050321
438		611000		27973670		47715		1052766
439		610866		28037391		47872		1055180
440		611512		28101112		47778		1057593
441		611151		28164831		47635		1059979
442		611084		28228557		47725		1062385
443		611549		28292279		47729		1064744
444		610911		28356004		47700		1067099
445		610897		28419729		47802		1069489
446		610759		28483450		47711		1071805
447		610886		28547174		47724		1074225
448		610525		28610899		47681		1076627
449		611245		28674626		47803		1079041
450		610852		28738349		47909		1081437
451		611247		28802073		47926		1083877
452		610884		28865793		47775		1086266
453		610539		28929506		47690		1088632
454		610880		28993231		47720		1091066
455		610674		29056952		47691		1093491
456		610883		29120674		47913		1095926
457		610565		29184393		47778		1098344
458		610654		29248118		47598		1100740
459		610953		29311839		47858		1103149
460		610555		29375564		47760		1105547
461		610916		29439281		47721		1107990
462		611001		29503002		47782		1110404
463		611243		29566725		47672		1112848
464		610591		29630443		47579		1115277
465		610948		29694169		47801		1117656
466		611657		29757884		47784		1120065
467		610319		29821600		47842		1122473
468		611386		29885322		47548		1124884
469		610531		29949042		47753		1127322
470		610867		30012763		47679		1129751
471		610698		30076483		48005		1132137
472		610653		30140204		47558		1134567
473		610872		30203929		48043		1136961
474		610896		30267655		47627		1139406
475		611457		30331377		47727		1141820
476		610906		30395098		47835		1144238
477		611173		30458820		47806		1146647
478		610815		30522543		47594		1149097
479		610550		30586267		47492		1151505
480		610296		30649985		47940		1153899
481		609903		30713704		47849		1156319
482		610896		30777428		47828		1158747
483		611427		30841150		47695		1161185
484		610724		30904867		47899		1163575
485		611274		30968591		47752		1166048
486		610992		31032309		48122		1168188
487		611469		31096034		47632		1170151
488		610537		31159756		47944		1172376
489		610404		31223477		47838		1174957
490		611020		31287200		47814		1177292
491		610848		31350912		47716		1179524
492		611440		31414630		47903		1181951
493		611192		31478352		47555		1184451
494		609937		31542076		47907		1186906
495		610890		31605796		47833		1189317
496		610698		31669520		47808		1191717
497		610719		31733243		47524		1194105
498		611050		31796964		47843		1196517
499		610971		31860691		47665		1198881
500		611321		31924414		47908		1201302
501		610953		31988135		47662		1203724
502		610896		32051856		47664		1206098
503		610563		32115574		47873		1208503
504		611097		32179295		47694		1210936
505		611793		32243016		47810		1213359
506		610787		32306737		47705		1215784
507		610744		32370463		47780		1218188
508		610987		32434181		47725		1220597
509		610920		32497906		47774		1223022
510		610487		32561625		47772		1225440
511		610843		32625349		47848		1227836
512		611331		32689074		47851		1230248
513		611091		32752797		47820		1232665
514		610754		32816517		47528		1235041
515		611537		32880241		47708		1237460
516		610690		32943962		47868		1239862
517		611053		33007682		47763		1242234
518		611148		33071407		47643		1244650
519		610303		33135125		47826		1247050
520		611307		33198842		47666		1249473
521		611443		33262559		47511		1251858
522		610999		33326278		47786		1254247
523		611462		33390002		47833		1256681
524		610826		33453720		47856		1259112
525		611054		33517441		47720		1261499
526		610583		33581161		47961		1263898
527		610625		33644886		47647		1266307
528		610482		33708607		48029		1268716
529		610900		33772331		47686		1271120
530		610449		33836048		47854		1273485
531		612165		33899764		47932		1275885
532		611197		33963487		47640		1278313
533		610474		34027209		47839		1280710
534		611185		34090924		47619		1283119
535		610791		34154647		47857		1285508
536		610781		34218365		47689		1287904
537		610922		34282082		47683		1290305
538		610324		34345795		47784		1292713
539		610225		34409517		47872		1295114
540		610712		34473239		47850		1297485
541		611076		34536960		47626		1299863
542		610975		34600679		47684		1302220
543		611250		34664399		47818		1304674
544		611995		34728120		47799		1307138
545		611086		34791846		47782		1309548
546		610640		34855563		47672		1311958
547		610887		34919285		47882		1314362
548		610973		34983009		47698		1316794
549		611041		35046729		47784		1319136
550		611619		35110451		47937		1321535
551		611065		35174169		47628		1323938
552		610231		35237888		47708		1326340
553		611185		35301609		47868		1328691
554		610595		35365329		47528		1331111
555		610475		35429048		47941		1333486
556		610652		35492772		47653		1335915
557		611061		35556488		47932		1338310
558		610865		35620207		47848		1340693
559		611012		35683923		47732		1343083
560		610601		35747644		47834		1345566
561		609765		35811360		47786		1347977
562		610867		35875079		47884		1350383
563		610996		35938799		47777		1352795
564		610756		36002521		47749		1355181
565		610095		36066244		48048		1357556
566		611151		36129961		47701		1359969
567		611857		36193683		47690		1362375
568		610089		36257404		47952		1364786
569		610378		36321124		47631		1367188
570		611100		36384842		47937		1369599
571		610287		36448560		47768		1371989
572		610717		36512281		47816		1374400
573		610626		36576004		47935		1376782
574		611372		36639725		47913		1379108
575		610558		36703449		47789		1381507
576		610845		36767168		47836		1383934
577		611572		36830881		47798		1386303
578		610967		36894598		47924		1388742
579		611234		36958318		47746		1391095
580		610985		37022037		47823		1393505
581		610796		37085761		47942		1395911
582		611562		37149484		47814		1398324
583		610267		37213202		47888		1400748
584		610319		37276929		47681		1403203
585		610876		37340649		47745		1405629
586		610709		37404373		47841		1408085
587		610649		37468091		47594		1410484
588		610727		37531813		47780		1412899
589		610261		37595536		47816		1415249
590		610742		37659261		47764		1417642
591		610731		37722978		47737		1420028
592		610682		37786698		47797		1422421
593		610615		37850421		47821		1424821
594		610665		37914140		48016		1427188
595		610877		37977863		47810		1429609
596		611028		38041582		47829		1431952
597		610286		38105299		47873		1434338
598		610819		38169023		47773		1436712
599		610798		38232739		47873		1439163
600		610307		38296458		47800		1441566
601		611084		38360173		47846		1443957
602		611521		38423893		47875		1446308
603		610656		38487610		47847		1448664
604		611062		38551327		47880		1451089
605		611046		38615048		47846		1453519
606		611300		38678764		47735		1455913
607		610235		38742483		47884		1458340
608		611334		38806209		47723		1460698
609		611734		38869928		47849		1463141
610		611920		38933648		47621		1465536
611		611218		38997373		47971		1467948
612		611429		39061093		47824		1470349
613		611372		39124815		47883		1472748
614		611222		39188537		47782		1475170
615		610530		39252257		47825		1477588
616		610885		39315980		47545		1479945
617		611476		39379703		47755		1482341
618		610575		39443422		47740		1484742
619		611128		39507142		47678		1487114
620		610645		39570864		47963		1489503
621		610684		39634582		47923		1491871
622		611950		39698300		47924		1494309
623		611248		39762025		47792		1496704
624		610376		39825747		47652		1499128
625		611071		39889473		48003		1501523
626		610769		39953194		47661		1503969
627		611426		40016908		47847		1506410
628		610644		40080631		47963		1508826
629		610655		40144357		47790		1511206
630		610716		40208078		47898		1513620
631		610574		40271799		47865		1515980
632		610555		40335525		47789		1518383
633		610537		40399249		48009		1520746
634		610119		40462966		47812		1523111
635		610333		40526693		47851		1525490
636		611051		40590415		48109		1527896
637		611831		40654140		47753		1530280
638		610449		40717858		47838		1532691
639		610605		40781578		47777		1535097
640		610187		40845300		47704		1537486
641		610579		40909016		47931		1539881
642		611664		40972739		47949		1542280
643		611346		41036453		47840		1544663
644		611479		41100168		47603		1547097
645		611461		41163892		47818		1549510
646		610926		41227616		47823		1551910
647		611477		41291336		47715		1554348
648		610846		41355058		47934		1556702
649		611043		41418778		47832		1559050
650		610365		41482501		47650		1561439
651		610974		41546224		47783		1563851
652		611219		41609952		47597		1566283
653		610344		41673677		47733		1568678
654		611032		41737396		47884		1571072
655		610575		41801116		47887		1573459
656		611182		41864840		47805		1575896
657		610663		41928563		47679		1578345
658		611490		41992281		48100		1580714
659		610744		42056003		47940		1583080
660		610907		42119728		47618		1585472
661		611489		42183449		47677		1587870
662		610724		42247167		47772		1590239
663		610704		42310892		47751		1592667
664		610936		42374619		48011		1595073
665		611979		42438339		47534		1597469
666		610482		42502061		47951		1599887
667		611161		42565782		47686		1602223
668		610792		42629501		47852		1604638
669		611521		42693220		47909		1607008
670		611159		42756946		47689		1609361
671		609661		42820667		47753		1611774
672		610927		42884382		47798		1614197
673		610228		42948100		47951		1616607
674		610295		43011824		47850		1619019
675		611120		43075544		47907		1621438
676		610856		43139262		47805		1623862
677		610507		43202985		47789		1626276
678		610712		43266704		47730		1628627
679		609992		43330427		47844		1630981
680		611782		43394148		47841		1633357
681		611531		43457869		47853		1635773
682		611195		43521596		47932		1638131
683		610561		43585315		47942		1640503
684		611022		43649038		47833		1642936
685		610216		43712757		47805		1645355
686		610633		43776484		47813		1647743
687		610946		43840205		47790		1650124
688		611074		43903922		47891		1652548
689		610418		43967643		47750		1654950
690		610722		44031364		47794		1657351
691		611157		44095086		47836		1659768
692		610402		44158806		47776		1662156
693		611048		44222530		47826		1664560
694		610526		44286250		47934		1666930
695		610963		44349970		47788		1669314
696		610918		44413693		47790		1671724
697		610594		44477412		47833		1674113
698		611184		44541131		47776		1676507
699		610382		44604856		47925		1678846
700		611209		44668576		47540		1681199
701		611439		44732302		47857		1683565
702		610324		44796026		47872		1685973
703		611379		44859747		47841		1688375
704		610674		44923471		47653		1690758
705		610728		44987192		47902		1693186
706		610500		45050918		47765		1695557
707		611651		45114645		47869		1697936
708		610164		45178372		47764		1700361
709		611240		45242093		47612		1702770
710		611065		45305814		47908		1705200
711		611278		45369529		47746		1707642
712		610753		45433250		47896		1710034
713		609764		45496975		47716		1712435
714		610159		45560701		47819		1714815
715		611533		45624421		47618		1717235
716		609940		45688142		47694		1719601
717		610926		45751863		47798		1722025
718		611004		45815585		47702		1724451
719		610503		45879310		47761		1726839
720		611089		45943030		48000		1729218
721		610047		46006757		47646		1731672
722		610854		46070479		47873		1734110
723		610546		46134201		47792		1736523
724		610810		46197926		47653		1738922
725		611579		46261649		47738		1741342
726		610579		46325373		47754		1743742
727		611082		46389097		47653		1746105
728		610916		46452822		47843		1748517
729		610471		46516540		47730		1750926
730		610658		46580257		47821		1753302
731		611600		46643979		47706		1755700
732		610919		46707704		47833		1758076
733		610914		46771423		47892		1760508
734		611261		46835147		47513		1762953
735		610390		46898870		48003		1765351
736		610782		46962590		47516		1767765
737		611232		47026312		47967		1770123
738		610793		47090033		47694		1772535
739		610856		47153747		47769		1774982
740		610864		47217467		47662		1777370
741		611494		47281193		47798		1779753
742		610126		47344915		47850		1782081
743		610329		47408641		47909		1784472
744		611233		47472364		47849		1786887
745		610460		47536090		47798		1789280
746		611215		47599814		47816		1791659
747		610331		47663536		47900		1793993
748		610684		47727257		47865		1796398
749		610683		47790978		47815		1798777
750		611450		47854699		47685		1801169
751		611565		47918415		47749		1803561
752		610720		47982134		47930		1805974
753		610967		48045848		47828		1808398
754		611141		48109567		47747		1810812
755		610821		48173285		47712		1813201
756		611694		48237008		47812		1815603
757		610366		48300727		47730		1818006
758		611113		48364448		47801		1820342
759		610859		48428173		47888		1822686
760		610767		48491901		47882		1825048
761		611717		48555624		47589		1827423
762		611499		48619345		47746		1829847
763		610007		48683066		47730		1832212
764		610526		48746788		47818		1834639
765		610541		48810513		47644		1837003
766		610710		48874239		47747		1839373
767		611137		48937957		47925		1841759
768		611336		49001682		47818		1844159
769		610799		49065402		47698		1846584
770		611178		49129128		47661		1848963
771		611238		49192848		47935		1851399
772		611363		49256570		47785		1853831
773		611060		49320292		47842		1856274
774		610314		49384014		47894		1858647
775		611188		49447735		47827		1861034
776		610853		49511455		47573		1863489
777		610835		49575172		47765		1865897
778		610696		49638893		47933		1868318
779		611503		49702617		47855		1870718
780		610495		49766336		47651		1873094
781		610600		49830058		47656		1875493
782		610766		49893775		47845		1877899
783		610881		49957491		47872		1880264
784		611105		50021217		47801		1882652
785		610619		50084944		47823		1885034
786		611216		50148672		47991		1887491
787		611111		50212393		47699		1889926
788		610805		50276118		47661		1892325
789		611272		50339839		47791		1894723
790		611062		50403558		47905		1897161
791		610542		50467277		47743		1899564
792		611065		50530992		47788		1901973
793		611172		50594713		47823		1904349
794		610797		50658432		47861		1906761
795		610440		50722157		47786		1909144
796		611181		50785885		47790		1911615
797		610991		50849607		47869		1914040
798		610230		50913329		47904		1916427
799		611006		50977053		47754		1918809
800		611102		51040775		47674		1921215
801		610682		51104495		47790		1923600
802		611410		51168216		47753		1925982
803		610907		51231940		48004		1928435
804		611485		51295664		47744		1930848
805		610708		51359384		47870		1933190
806		610479		51423103		47975		1935654
807		610402		51486820		47835		1938140
808		610846		51550542		47852		1940603
809		610942		51614263		47739		1942970
810		610161		51677986		48084		1945381
811		610397		51741708		47741		1947838
812		611146		51805432		47806		1950281
813		610224		51869148		47935		1952693
814		610697		51932872		47753		1955074
815		610904		51996587		47872		1957489
816		610756		52060307		47871		1959948
817		611127		52124025		47737		1962405
818		610062		52187750		47656		1964785
819		610794		52251468		47642		1967231
820		610832		52315189		47956		1969705
821		610598		52378913		47865		1972162
822		611986		52442639		47941		1974608
823		610621		52506360		47752		1976995
824		610692		52570083		47882		1979374
825		611200		52633799		47757		1981808
826		610956		52697524		47787		1984206
827		610858		52761248		47791		1986590
828		610493		52824968		47702		1988969
829		611215		52888685		47960		1991326
830		610736		52952406		47668		1993712
831		611461		53016131		47884		1996115
832		610663		53079846		47677		1998558
833		610894		53143571		47823		2001001
834		610464		53207289		47887		2003433
835		610953		53271011		47964		2005898
836		610350		53334731		47590		2008367
837		610686		53398452		47982		2010785
838		611005		53462174		47801		2013191
839		611149		53525900		47910		2015584
840		610522		53589629		47664		2017958
841		610696		53653349		47886		2020441
842		610755		53717071		47666		2022832
843		610508		53780788		47867		2025194
844		611215		53844505		47865		2027662
845		610296		53908230		47623		2030074
846		610291		53971947		47842		2032526
847		610448		54035661		47746		2034925
848		611127		54099386		47633		2037346
849		610484		54163110		47839		2039798
850		610920		54226826		47696		2042269
851		610926		54290549		47813		2044632
852		611115		54354269		47785		2047008
853		611555		54417995		47680		2049449
854		610799		54481719		48004		2051853
855		610061		54545439		47732		2054255
856		610777		54609162		47687		2056623
857		610852		54672879		47702		2059057
858		610996		54736603		47729		2061498
859		610707		54800324		47762		2063870
860		611145		54864045		47504		2066214
861		611270		54927766		47765		2068598
862		610964		54991485		47898		2071003
863		610710		55055206		47890		2073476
864		610779		55118920		47730		2075897
865		611552		55182638		47713		2078299
866		610623		55246359		47740		2080686
867		610875		55310082		47911		2083143
868		611320		55373796		47863		2085587
869		611087		55437518		47961		2087954
870		610416		55501239		47803		2090372
871		611339		55564961		47813		2092727
872		611456		55628685		47787		2095163
873		611205		55692404		47959		2097649
874		610307		55756130		47808		2100073
875		611389		55819850		47808		2102511
876		609515		55883569		47661		2104912
877		610635		55947294		47927		2107323
878		611822		56011018		47674		2109676
879		610970		56074739		47836		2112055
880		611212		56138455		47660		2114427
881		610477		56202170		47805		2116813
882		610841		56265891		47814		2119196
883		610459		56329614		47687		2121664
884		611125		56393336		48017		2124105
885		610827		56457059		47796		2126546
886		610151		56520777		47860		2128960
887		610937		56584498		47748		2131387
888		611188		56648219		47727		2133820
889		611031		56711933		47728		2136222
890		610596		56775658		47982		2138607
891		610867		56839378		47789		2140974
892		610612		56903105		47932		2143347
893		611185		56966825		47703		2145717
894		610997		57030552		47675		2148123
895		610943		57094273		47817		2150536
896		611290		57157994		47820		2152927
897		611295		57221719		47821		2155354
898		609915		57285441		47986		2157724
899		610893		57349160		47861		2160152
900		610570		57412883		47869		2162602
901		611054		57476605		47840		2165035
902		610830		57540324		47802		2167411
903		610297		57604046		47868		2169834
904		610988		57667773		47869		2172243
905		610865		57731491		47848		2174609
906		610335		57795206		47795		2177002
907		610956		57858929		47823		2179367
908		611346		57922651		47747		2181740
909		610568		57986378		47791		2184096
910		611030		58050098		47644		2186525
911		611044		58113817		47950		2188920
912		610541		58177539		47908		2191335
913		611489		58241262		47836		2193759
914		611207		58304983		47819		2196138
915		611215		58368711		47887		2198541
916		610131		58432435		47870		2200954
917		611034		58496158		47709		2203385
918		611081		58559876		47824		2205791
919		610544		58623601		47905		2208231
920		610798		58687320		47687		2210623
921		611272		58751039		47750		2212967
922		610955		58814762		47967		2215307
923		610244		58878487		47686		2217688
924		610084		58942205		47896		2220056
925		611312		59005930		47639		2222455
926		611152		59069655		47946		2224827
927		610423		59133373		47870		2227177
928		610938		59197096		47684		2229573
929		610262		59260817		47915		2231996
930		610947		59324538		47897		2234418
931		610295		59388264		47968		2236826
932		610799		59451982		47916		2239205
933		610013		59515705		47771		2241608
934		610263		59579425		47972		2244032
935		610553		59643140		47637		2246421
936		611026		59706858		47632		2248843
937		610880		59770580		47875		2251246
938		611017		59834297		47938		2253647
939		610097		59898025		47714		2256074
940		610856		59961745		47712		2258485
941		610622		60025463		47904		2260883
942		611385		60089187		47826		2263264
943		610122		60152909		47643		2265657
944		610779		60216634		48002		2268051
945		610178		60280349		47625		2270473
946		611336		60344072		47736		2272877
947		611156		60407792		47829		2275278
948		611158		60471518		47837		2277681
949		610740		60535238		47681		2280083
950		610769		60598953		47913		2282480
951		611981		60662678		47785		2284857
952		610774		60726401		47711		2287255
953		611555		60790123		47782		2289655
954		610806		60853846		47858		2292064
955		610643		60917566		47955		2294430
956		610540		60981289		47809		2296811
957		610692		61045012		47554		2299243
958		611158		61108736		47989		2301641
959		610482		61172461		47858		2304064
960		610922		61236184		47776		2306503
961		610550		61299903		47716		2308912
962		610958		61363628		47858		2311235
963		610908		61427347		47746		2313598
964		610852		61491073		48057		2315996
965		610376		61554791		47792		2318379
966		611019		61618515		48000		2320763
967		611503		61682235		47781		2323173
968		610266		61745959		47851		2325585
969		610998		61809678		47884		2328007
970		610485		61873396		47755		2330419
971		610486		61937118		47884		2332877
972		610617		62000841		47856		2335257
973		610411		62064563		47802		2337657
974		610487		62128285		47796		2340065
975		611184		62192005		47768		2342483
976		610596		62255722		47707		2344854
977		610553		62319447		47952		2347236
978		611015		62383170		48001		2349642
979		610685		62446891		47880		2352032
980		611196		62510614		47799		2354436
981		611299		62574338		47792		2356830
982		611697		62638061		47836		2359267
983		611176		62701781		47672		2361652
984		611027		62765506		47983		2364051
985		611071		62829226		47855		2366394
986		611314		62892942		47872		2368767
987		611077		62956662		48012		2371157
988		611892		63020381		47695		2373529
989		611008		63084104		47841		2375933
990		610627		63147821		47667		2378350
991		611136		63211541		47790		2380739
992		611039		63275262		47724		2383113
993		610155		63338986		47884		2385483
994		611373		63402707		47672		2387939
995		611517		63466429		47639		2390365
996		610895		63530148		47569		2392788
997		610800		63593869		47938		2395183
998		610067		63657588		47916		2397591
999		610662		63721303		47897		2399986
