# Migration is number of nodes that have changed color.

Round		Edge-Cut		Swaps		Migrations		Skipped
0		773		250		175
1		755		500		180
2		730		748		180
3		729		997		183
4		732		1246		195
5		704		1494		187
6		676		1741		193
7		677		1987		180
8		663		2236		185
9		684		2484		187
10		647		2729		190
11		656		2966		186
12		658		3205		187
13		639		3444		184
14		606		3674		187
15		620		3907		198
16		631		4145		181
17		634		4377		187
18		608		4612		180
19		596		4848		185
20		578		5070		194
21		595		5294		185
22		578		5516		194
23		588		5725		185
24		556		5930		190
25		538		6142		186
26		518		6344		179
27		500		6537		182
28		498		6708		193
29		459		6854		189
30		410		6980		181
31		408		7085		185
32		373		7195		185
33		345		7302		187
34		309		7350		181
35		293		7379		185
36		271		7408		188
37		258		7451		186
38		223		7486		189
39		214		7504		185
40		204		7519		185
41		203		7530		185
42		203		7536		187
43		199		7548		189
44		191		7557		188
45		189		7560		188
46		190		7562		188
47		186		7564		188
48		186		7567		189
49		186		7570		189
50		186		7576		189
51		184		7577		188
52		185		7580		188
53		185		7584		189
54		185		7588		187
55		183		7590		187
56		182		7595		188
57		182		7597		185
58		183		7598		186
59		180		7601		187
60		177		7602		186
61		176		7603		186
62		176		7603		186
63		174		7605		187
64		175		7606		185
65		174		7607		187
66		175		7608		185
67		173		7610		186
68		173		7610		186
69		173		7610		186
70		173		7610		186
71		173		7610		186
72		173		7610		186
73		173		7610		186
74		173		7610		186
75		173		7610		186
76		173		7610		186
77		173		7610		186
78		173		7610		186
79		173		7610		186
80		173		7610		186
81		173		7610		186
82		173		7610		186
83		173		7610		186
84		173		7610		186
85		173		7610		186
86		173		7610		186
87		173		7610		186
88		172		7611		186
89		172		7611		186
90		172		7611		186
91		172		7611		186
92		172		7611		186
93		172		7611		186
94		172		7611		186
95		172		7611		186
96		172		7611		186
97		172		7611		186
98		172		7611		186
99		172		7611		186
100		172		7611		186
101		172		7611		186
102		172		7611		186
103		172		7611		186
104		172		7611		186
105		172		7611		186
106		172		7611		186
107		172		7611		186
108		172		7611		186
109		172		7611		186
110		172		7611		186
111		172		7611		186
112		172		7611		186
113		172		7611		186
114		172		7611		186
115		172		7611		186
116		172		7611		186
117		172		7611		186
118		172		7611		186
119		172		7611		186
120		172		7611		186
121		172		7611		186
122		172		7611		186
123		172		7611		186
124		172		7611		186
125		172		7611		186
126		172		7611		186
127		172		7611		186
128		172		7611		186
129		172		7611		186
130		172		7611		186
131		172		7611		186
132		172		7611		186
133		172		7611		186
134		172		7611		186
135		172		7611		186
136		172		7611		186
137		172		7611		186
138		172		7611		186
139		172		7611		186
140		172		7611		186
141		172		7611		186
142		172		7611		186
143		172		7611		186
144		172		7611		186
145		172		7611		186
146		172		7611		186
147		172		7611		186
148		172		7611		186
149		172		7611		186
150		172		7611		186
151		172		7611		186
152		172		7611		186
153		172		7611		186
154		172		7611		186
155		172		7611		186
156		172		7611		186
157		172		7611		186
158		172		7611		186
159		172		7611		186
160		172		7611		186
161		172		7611		186
162		172		7611		186
163		172		7611		186
164		172		7611		186
165		172		7611		186
166		172		7611		186
167		172		7611		186
168		172		7611		186
169		172		7611		186
170		172		7611		186
171		172		7611		186
172		172		7611		186
173		172		7611		186
174		172		7611		186
175		172		7611		186
176		172		7611		186
177		172		7611		186
178		172		7611		186
179		172		7611		186
180		172		7611		186
181		172		7611		186
182		172		7611		186
183		172		7611		186
184		172		7611		186
185		172		7611		186
186		172		7611		186
187		172		7611		186
188		172		7611		186
189		172		7611		186
190		172		7611		186
191		172		7611		186
192		172		7611		186
193		172		7611		186
194		172		7611		186
195		172		7611		186
196		172		7611		186
197		172		7611		186
198		172		7611		186
199		172		7611		186
200		172		7611		186
201		172		7611		186
202		172		7611		186
203		172		7611		186
204		172		7611		186
205		172		7611		186
206		172		7611		186
207		172		7611		186
208		172		7611		186
209		172		7611		186
210		172		7611		186
211		172		7611		186
212		172		7611		186
213		172		7611		186
214		172		7611		186
215		172		7611		186
216		172		7611		186
217		172		7611		186
218		172		7611		186
219		172		7611		186
220		172		7611		186
221		172		7611		186
222		172		7611		186
223		172		7611		186
224		172		7611		186
225		172		7611		186
226		172		7611		186
227		172		7611		186
228		172		7611		186
229		172		7611		186
230		172		7611		186
231		172		7611		186
232		172		7611		186
233		172		7611		186
234		172		7611		186
235		172		7611		186
236		172		7611		186
237		172		7611		186
238		172		7611		186
239		172		7611		186
240		172		7611		186
241		172		7611		186
242		172		7611		186
243		172		7611		186
244		172		7611		186
245		172		7611		186
246		172		7611		186
247		172		7611		186
248		172		7611		186
249		172		7611		186
250		172		7611		186
251		172		7611		186
252		172		7611		186
253		172		7611		186
254		172		7611		186
255		172		7611		186
256		172		7611		186
257		172		7611		186
258		172		7611		186
259		172		7611		186
260		172		7611		186
261		172		7611		186
262		172		7611		186
263		172		7611		186
264		172		7611		186
265		172		7611		186
266		172		7611		186
267		172		7611		186
268		172		7611		186
269		172		7611		186
270		172		7611		186
271		172		7611		186
272		172		7611		186
273		172		7611		186
274		172		7611		186
275		172		7611		186
276		172		7611		186
277		172		7611		186
278		172		7611		186
279		172		7611		186
280		172		7611		186
281		172		7611		186
282		172		7611		186
283		172		7611		186
284		172		7611		186
285		172		7611		186
286		172		7611		186
287		172		7611		186
288		172		7611		186
289		172		7611		186
290		172		7611		186
291		172		7611		186
292		172		7611		186
293		172		7611		186
294		172		7611		186
295		172		7611		186
296		172		7611		186
297		172		7611		186
298		172		7611		186
299		172		7611		186
300		172		7611		186
301		172		7611		186
302		172		7611		186
303		172		7611		186
304		172		7611		186
305		172		7611		186
306		172		7611		186
307		172		7611		186
308		172		7611		186
309		172		7611		186
310		172		7611		186
311		172		7611		186
312		172		7611		186
313		172		7611		186
314		172		7611		186
315		172		7611		186
316		172		7611		186
317		172		7611		186
318		172		7611		186
319		172		7611		186
320		172		7611		186
321		172		7611		186
322		172		7611		186
323		172		7611		186
324		172		7611		186
325		172		7611		186
326		172		7611		186
327		172		7611		186
328		172		7611		186
329		172		7611		186
330		172		7611		186
331		172		7611		186
332		172		7611		186
333		172		7611		186
334		172		7611		186
335		172		7611		186
336		172		7611		186
337		172		7611		186
338		172		7611		186
339		172		7611		186
340		172		7611		186
341		172		7611		186
342		172		7611		186
343		172		7611		186
344		172		7611		186
345		172		7611		186
346		172		7611		186
347		172		7611		186
348		172		7611		186
349		172		7611		186
350		172		7611		186
351		172		7611		186
352		172		7611		186
353		172		7611		186
354		172		7611		186
355		172		7611		186
356		172		7611		186
357		172		7611		186
358		172		7611		186
359		172		7611		186
360		172		7611		186
361		172		7611		186
362		172		7611		186
363		172		7611		186
364		172		7611		186
365		172		7611		186
366		172		7611		186
367		172		7611		186
368		172		7611		186
369		172		7611		186
370		172		7611		186
371		172		7611		186
372		172		7611		186
373		172		7611		186
374		172		7611		186
375		172		7611		186
376		172		7611		186
377		172		7611		186
378		172		7611		186
379		172		7611		186
380		172		7611		186
381		172		7611		186
382		172		7611		186
383		172		7611		186
384		172		7611		186
385		172		7611		186
386		172		7611		186
387		172		7611		186
388		172		7611		186
389		172		7611		186
390		172		7611		186
391		172		7611		186
392		172		7611		186
393		172		7611		186
394		172		7611		186
395		172		7611		186
396		172		7611		186
397		172		7611		186
398		172		7611		186
399		172		7611		186
400		172		7611		186
401		172		7611		186
402		172		7611		186
403		172		7611		186
404		172		7611		186
405		172		7611		186
406		172		7611		186
407		172		7611		186
408		172		7611		186
409		172		7611		186
410		172		7611		186
411		172		7611		186
412		172		7611		186
413		172		7611		186
414		172		7611		186
415		172		7611		186
416		172		7611		186
417		172		7611		186
418		172		7611		186
419		172		7611		186
420		172		7611		186
421		172		7611		186
422		172		7611		186
423		172		7611		186
424		172		7611		186
425		172		7611		186
426		172		7611		186
427		172		7611		186
428		172		7611		186
429		172		7611		186
430		172		7611		186
431		172		7611		186
432		172		7611		186
433		172		7611		186
434		172		7611		186
435		172		7611		186
436		172		7611		186
437		172		7611		186
438		172		7611		186
439		172		7611		186
440		172		7611		186
441		172		7611		186
442		172		7611		186
443		172		7611		186
444		172		7611		186
445		172		7611		186
446		172		7611		186
447		172		7611		186
448		172		7611		186
449		172		7611		186
450		172		7611		186
451		172		7611		186
452		172		7611		186
453		172		7611		186
454		172		7611		186
455		172		7611		186
456		172		7611		186
457		172		7611		186
458		172		7611		186
459		172		7611		186
460		172		7611		186
461		172		7611		186
462		172		7611		186
463		172		7611		186
464		172		7611		186
465		172		7611		186
466		172		7611		186
467		172		7611		186
468		172		7611		186
469		172		7611		186
470		172		7611		186
471		172		7611		186
472		172		7611		186
473		172		7611		186
474		172		7611		186
475		172		7611		186
476		172		7611		186
477		172		7611		186
478		172		7611		186
479		172		7611		186
480		172		7611		186
481		172		7611		186
482		172		7611		186
483		172		7611		186
484		172		7611		186
485		172		7611		186
486		172		7611		186
487		172		7611		186
488		172		7611		186
489		172		7611		186
490		172		7611		186
491		172		7611		186
492		172		7611		186
493		172		7611		186
494		172		7611		186
495		172		7611		186
496		172		7611		186
497		172		7611		186
498		172		7611		186
499		172		7611		186
500		172		7611		186
501		172		7611		186
502		172		7611		186
503		172		7611		186
504		172		7611		186
505		172		7611		186
506		172		7611		186
507		172		7611		186
508		172		7611		186
509		172		7611		186
510		172		7611		186
511		172		7611		186
512		172		7611		186
513		172		7611		186
514		172		7611		186
515		172		7611		186
516		172		7611		186
517		172		7611		186
518		172		7611		186
519		172		7611		186
520		172		7611		186
521		172		7611		186
522		172		7611		186
523		172		7611		186
524		172		7611		186
525		172		7611		186
526		172		7611		186
527		172		7611		186
528		172		7611		186
529		172		7611		186
530		172		7611		186
531		172		7611		186
532		172		7611		186
533		172		7611		186
534		172		7611		186
535		172		7611		186
536		172		7611		186
537		172		7611		186
538		172		7611		186
539		172		7611		186
540		172		7611		186
541		172		7611		186
542		172		7611		186
543		172		7611		186
544		172		7611		186
545		172		7611		186
546		172		7611		186
547		172		7611		186
548		172		7611		186
549		172		7611		186
550		172		7611		186
551		172		7611		186
552		172		7611		186
553		172		7611		186
554		172		7611		186
555		172		7611		186
556		172		7611		186
557		172		7611		186
558		172		7611		186
559		172		7611		186
560		172		7611		186
561		172		7611		186
562		172		7611		186
563		172		7611		186
564		172		7611		186
565		172		7611		186
566		172		7611		186
567		172		7611		186
568		172		7611		186
569		172		7611		186
570		172		7611		186
571		172		7611		186
572		172		7611		186
573		172		7611		186
574		172		7611		186
575		172		7611		186
576		172		7611		186
577		172		7611		186
578		172		7611		186
579		172		7611		186
580		172		7611		186
581		172		7611		186
582		172		7611		186
583		172		7611		186
584		172		7611		186
585		172		7611		186
586		172		7611		186
587		172		7611		186
588		172		7611		186
589		172		7611		186
590		172		7611		186
591		172		7611		186
592		172		7611		186
593		172		7611		186
594		172		7611		186
595		172		7611		186
596		172		7611		186
597		172		7611		186
598		172		7611		186
599		172		7611		186
600		172		7611		186
601		172		7611		186
602		172		7611		186
603		172		7611		186
604		172		7611		186
605		172		7611		186
606		172		7611		186
607		172		7611		186
608		172		7611		186
609		172		7611		186
610		172		7611		186
611		172		7611		186
612		172		7611		186
613		172		7611		186
614		172		7611		186
615		172		7611		186
616		172		7611		186
617		172		7611		186
618		172		7611		186
619		172		7611		186
620		172		7611		186
621		172		7611		186
622		172		7611		186
623		172		7611		186
624		172		7611		186
625		172		7611		186
626		172		7611		186
627		172		7611		186
628		172		7611		186
629		172		7611		186
630		172		7611		186
631		172		7611		186
632		172		7611		186
633		172		7611		186
634		172		7611		186
635		172		7611		186
636		172		7611		186
637		172		7611		186
638		172		7611		186
639		172		7611		186
640		172		7611		186
641		172		7611		186
642		172		7611		186
643		172		7611		186
644		172		7611		186
645		172		7611		186
646		172		7611		186
647		172		7611		186
648		172		7611		186
649		172		7611		186
650		172		7611		186
651		172		7611		186
652		172		7611		186
653		172		7611		186
654		172		7611		186
655		172		7611		186
656		172		7611		186
657		172		7611		186
658		172		7611		186
659		172		7611		186
660		172		7611		186
661		172		7611		186
662		172		7611		186
663		172		7611		186
664		172		7611		186
665		172		7611		186
666		172		7611		186
667		172		7611		186
668		172		7611		186
669		172		7611		186
670		172		7611		186
671		172		7611		186
672		172		7611		186
673		172		7611		186
674		172		7611		186
675		172		7611		186
676		172		7611		186
677		172		7611		186
678		172		7611		186
679		172		7611		186
680		172		7611		186
681		172		7611		186
682		172		7611		186
683		172		7611		186
684		172		7611		186
685		172		7611		186
686		172		7611		186
687		172		7611		186
688		172		7611		186
689		172		7611		186
690		172		7611		186
691		172		7611		186
692		172		7611		186
693		172		7611		186
694		172		7611		186
695		172		7611		186
696		172		7611		186
697		172		7611		186
698		172		7611		186
699		172		7611		186
700		172		7611		186
701		172		7611		186
702		172		7611		186
703		172		7611		186
704		172		7611		186
705		172		7611		186
706		172		7611		186
707		172		7611		186
708		172		7611		186
709		172		7611		186
710		172		7611		186
711		172		7611		186
712		172		7611		186
713		172		7611		186
714		172		7611		186
715		172		7611		186
716		172		7611		186
717		172		7611		186
718		172		7611		186
719		172		7611		186
720		172		7611		186
721		172		7611		186
722		172		7611		186
723		172		7611		186
724		172		7611		186
725		172		7611		186
726		172		7611		186
727		172		7611		186
728		172		7611		186
729		172		7611		186
730		172		7611		186
731		172		7611		186
732		172		7611		186
733		172		7611		186
734		172		7611		186
735		172		7611		186
736		172		7611		186
737		172		7611		186
738		172		7611		186
739		172		7611		186
740		172		7611		186
741		172		7611		186
742		172		7611		186
743		172		7611		186
744		172		7611		186
745		172		7611		186
746		172		7611		186
747		172		7611		186
748		172		7611		186
749		172		7611		186
750		172		7611		186
751		172		7611		186
752		172		7611		186
753		172		7611		186
754		172		7611		186
755		172		7611		186
756		172		7611		186
757		172		7611		186
758		172		7611		186
759		172		7611		186
760		172		7611		186
761		172		7611		186
762		172		7611		186
763		172		7611		186
764		172		7611		186
765		172		7611		186
766		172		7611		186
767		172		7611		186
768		172		7611		186
769		172		7611		186
770		172		7611		186
771		172		7611		186
772		172		7611		186
773		172		7611		186
774		172		7611		186
775		172		7611		186
776		172		7611		186
777		172		7611		186
778		172		7611		186
779		172		7611		186
780		172		7611		186
781		172		7611		186
782		172		7611		186
783		172		7611		186
784		172		7611		186
785		172		7611		186
786		172		7611		186
787		172		7611		186
788		172		7611		186
789		172		7611		186
790		172		7611		186
791		172		7611		186
792		172		7611		186
793		172		7611		186
794		172		7611		186
795		172		7611		186
796		172		7611		186
797		172		7611		186
798		172		7611		186
799		172		7611		186
800		172		7611		186
801		172		7611		186
802		172		7611		186
803		172		7611		186
804		172		7611		186
805		172		7611		186
806		172		7611		186
807		172		7611		186
808		172		7611		186
809		172		7611		186
810		172		7611		186
811		172		7611		186
812		172		7611		186
813		172		7611		186
814		172		7611		186
815		172		7611		186
816		172		7611		186
817		172		7611		186
818		172		7611		186
819		172		7611		186
820		172		7611		186
821		172		7611		186
822		172		7611		186
823		172		7611		186
824		172		7611		186
825		172		7611		186
826		172		7611		186
827		172		7611		186
828		172		7611		186
829		172		7611		186
830		172		7611		186
831		172		7611		186
832		172		7611		186
833		172		7611		186
834		172		7611		186
835		172		7611		186
836		172		7611		186
837		172		7611		186
838		172		7611		186
839		172		7611		186
840		172		7611		186
841		172		7611		186
842		172		7611		186
843		172		7611		186
844		172		7611		186
845		172		7611		186
846		172		7611		186
847		172		7611		186
848		172		7611		186
849		172		7611		186
850		172		7611		186
851		172		7611		186
852		172		7611		186
853		172		7611		186
854		172		7611		186
855		172		7611		186
856		172		7611		186
857		172		7611		186
858		172		7611		186
859		172		7611		186
860		172		7611		186
861		172		7611		186
862		172		7611		186
863		172		7611		186
864		172		7611		186
865		172		7611		186
866		172		7611		186
867		172		7611		186
868		172		7611		186
869		172		7611		186
870		172		7611		186
871		172		7611		186
872		172		7611		186
873		172		7611		186
874		172		7611		186
875		172		7611		186
876		172		7611		186
877		172		7611		186
878		172		7611		186
879		172		7611		186
880		172		7611		186
881		172		7611		186
882		172		7611		186
883		172		7611		186
884		172		7611		186
885		172		7611		186
886		172		7611		186
887		172		7611		186
888		172		7611		186
889		172		7611		186
890		172		7611		186
891		172		7611		186
892		172		7611		186
893		172		7611		186
894		172		7611		186
895		172		7611		186
896		172		7611		186
897		172		7611		186
898		172		7611		186
899		172		7611		186
900		172		7611		186
901		172		7611		186
902		172		7611		186
903		172		7611		186
904		172		7611		186
905		172		7611		186
906		172		7611		186
907		172		7611		186
908		172		7611		186
909		172		7611		186
910		172		7611		186
911		172		7611		186
912		172		7611		186
913		172		7611		186
914		172		7611		186
915		172		7611		186
916		172		7611		186
917		172		7611		186
918		172		7611		186
919		172		7611		186
920		172		7611		186
921		172		7611		186
922		172		7611		186
923		172		7611		186
924		172		7611		186
925		172		7611		186
926		172		7611		186
927		172		7611		186
928		172		7611		186
929		172		7611		186
930		172		7611		186
931		172		7611		186
932		172		7611		186
933		172		7611		186
934		172		7611		186
935		172		7611		186
936		172		7611		186
937		172		7611		186
938		172		7611		186
939		172		7611		186
940		172		7611		186
941		172		7611		186
942		172		7611		186
943		172		7611		186
944		172		7611		186
945		172		7611		186
946		172		7611		186
947		172		7611		186
948		172		7611		186
949		172		7611		186
950		172		7611		186
951		172		7611		186
952		172		7611		186
953		172		7611		186
954		172		7611		186
955		172		7611		186
956		172		7611		186
957		172		7611		186
958		172		7611		186
959		172		7611		186
960		172		7611		186
961		172		7611		186
962		172		7611		186
963		172		7611		186
964		172		7611		186
965		172		7611		186
966		172		7611		186
967		172		7611		186
968		172		7611		186
969		172		7611		186
970		172		7611		186
971		172		7611		186
972		172		7611		186
973		172		7611		186
974		172		7611		186
975		172		7611		186
976		172		7611		186
977		172		7611		186
978		172		7611		186
979		172		7611		186
980		172		7611		186
981		172		7611		186
982		172		7611		186
983		172		7611		186
984		172		7611		186
985		172		7611		186
986		172		7611		186
987		172		7611		186
988		172		7611		186
989		172		7611		186
990		172		7611		186
991		172		7611		186
992		172		7611		186
993		172		7611		186
994		172		7611		186
995		172		7611		186
996		172		7611		186
997		172		7611		186
998		172		7611		186
999		172		7611		186
